4.39264e-07
-2669.39
7.81737e-05
2.96951e-07
-1769.51
5.77605e-22
4.69144e-07
-2807.58
-1.89087e-07
2.99113e-07
-1782.39
1.31404e-19
5.54872e-07
-3306.56
2.85744e-12
4.45665e-07
-2655.69
1.05697e-16
6.7288e-07
-4009.92
-3.86575e-10
7.66908e-07
-4569.99
-9.4687e-13
5.89281e-07
-3511.43
3.92029e-18
5.28205e-07
-3147.46
9.92757e-22
9.51787e-07
-5671.7
-1.37743e-13
8.45212e-07
-5036.41
8.70663e-20
6.21949e-07
-3705.97
-8.21204e-22
9.67426e-07
-5764.65
3.45188e-20
8.19799e-07
-4884.91
1.31342e-21
7.82308e-07
-4661.47
-7.82308e-07
5.43627e-07
-2928.78
-3.93379e-10
2.82318e-07
-1529.11
-6.11562e-22
4.35729e-07
-2332.84
1.59996e-17
6.90482e-07
-3676.35
1.46101e-14
6.10229e-07
-3246.66
4.69729e-23
5.65109e-07
-3018.71
-4.5578e-23
1.09856e-06
-5758.08
-1.09856e-06
4.90738e-07
-2926.39
-2.32598e-08
4.12537e-07
-2458.36
-4.12536e-07
2.59915e-07
-1548.46
5.8887e-22
3.95035e-07
-2354
2.44154e-15
6.30046e-07
-3754.42
-2.02454e-13
6.71238e-07
-3999.71
-7.30729e-17
5.77668e-07
-3442.15
-5.77668e-07
9.58322e-07
-5710.6
-6.46068e-15
6.54922e-07
-3902.4
-6.54922e-07
5.99524e-07
-3572.35
-5.99524e-07
9.97593e-07
-5944.52
-9.03565e-19
4.84375e-07
-2645.28
-3.57532e-08
5.44578e-07
-2917.83
1.2176e-10
3.65342e-07
-1970.74
3.74911e-20
6.17002e-07
-3289.35
4.64807e-13
4.84679e-07
-2602.01
3.45873e-22
8.47629e-07
-4497.68
1.45801e-14
6.52085e-07
-3474.54
9.80617e-20
1.45837e-06
-7030.03
2.22033e-17
1.06373e-06
-5634.29
-1.06373e-06
6.96709e-07
-3695.44
-6.96709e-07
1.00432e-06
-5320.46
1.27735e-21
1.16341e-06
-6183.72
6.18293e-21
1.10418e-06
-5855.52
-1.89317e-21
9.75839e-07
-5167.81
-1.233e-21
7.97357e-07
-4233.79
1.32212e-21
4.11771e-07
-2314.2
-4.96942e-08
4.31703e-07
-2081.5
6.38253e-20
5.37578e-07
-2564.78
1.21465e-18
7.06407e-07
-3353.51
5.1403e-14
4.80327e-07
-2291.83
-2.40769e-22
8.21049e-07
-3896.74
8.23213e-13
6.32595e-07
-3001.05
1.12026e-21
7.76423e-07
-3642.25
5.59322e-21
6.37055e-07
-2985.01
-6.37055e-07
7.79995e-07
-3640.24
-7.79995e-07
7.17142e-07
-3394.76
-7.17142e-07
6.9703e-07
-3021.19
-2.23062e-13
4.36132e-07
-2608.63
-1.5488e-07
4.93744e-07
-2942.28
5.75746e-10
3.55812e-07
-2120.27
-3.55804e-07
5.30987e-07
-3164.55
-1.97122e-09
4.38765e-07
-2614.54
-4.38765e-07
8.08352e-07
-4824.33
-4.97338e-14
5.60343e-07
-3338.92
4.00789e-23
9.68001e-07
-5768.18
-1.4748e-16
1.01886e-06
-6071.29
-2.79541e-17
9.14735e-07
-5450.7
-9.14735e-07
6.35051e-07
-3784.03
-6.35051e-07
8.82211e-07
-5256.83
1.05574e-21
4.89955e-07
-2633.27
1.10748e-15
4.40266e-07
-2357.7
3.34149e-21
6.38719e-07
-3396.5
-6.38719e-07
6.63544e-07
-3546.02
-6.63544e-07
1.03417e-06
-5552.07
-7.17484e-22
7.23723e-07
-3871.8
-7.23723e-07
6.25985e-07
-3001.75
1.80082e-11
5.87247e-07
-2805.95
2.27736e-16
7.16399e-07
-3446.77
1.17578e-05
6.7084e-07
-3193.06
7.45037e-16
7.80712e-07
-3703.61
9.35632e-16
6.76715e-07
-3216.56
1.23917e-19
5.9426e-07
-2811.63
-5.9426e-07
9.14546e-07
-4336.6
1.58765e-14
9.39096e-07
-4284.94
-9.39096e-07
6.99756e-07
-3240.99
-6.99756e-07
6.70415e-07
-3172.55
7.05039e-22
8.59512e-07
-3975.5
-8.59512e-07
7.52236e-07
-3552.63
-7.96246e-22
7.60089e-07
-3599.35
-9.58263e-23
1.31571e-06
-6017.98
-1.31571e-06
3.13308e-07
-2816.03
-6.58248e-09
7.021e-07
-3058.72
1.31366e-14
3.82972e-07
-2079.21
1.15448e-21
7.07156e-07
-2831.65
2.02328e-19
5.99078e-07
-2560.47
-2.013e-22
1.0531e-06
-3990.26
-2.33855e-19
7.69023e-07
-3312.96
-7.69023e-07
1.2823e-06
-4724.83
-3.8097e-19
1.14684e-06
-4502.39
-2.38742e-21
7.92488e-07
-3482.55
1.48424e-21
1.36868e-06
-5293.57
-2.02736e-21
1.19468e-06
-4432.9
-4.72945e-22
1.52052e-06
-5703.68
-1.52052e-06
1.42779e-06
-5184.31
-1.3439e-21
1.0452e-06
-3965.19
-1.0452e-06
2.69869e-07
-1718.97
-1.33175e-07
5.10334e-07
-3040.97
1.46093e-21
1.01266e-06
-6034.37
-1.53592e-16
6.80875e-07
-4057.07
-6.80875e-07
1.04811e-06
-6245.62
9.25293e-20
9.33349e-07
-5561.62
7.3823e-22
5.93776e-07
-3172.76
1.96823e-10
6.61166e-07
-3552.13
4.01106e-11
5.40962e-07
-2897.14
8.61875e-17
6.26091e-07
-3347.73
2.13986e-16
5.46874e-07
-2931.15
2.4101e-20
8.37792e-07
-4497.15
2.05034e-12
6.19839e-07
-3317.41
-6.19839e-07
8.21894e-07
-4345.4
1.01397e-21
1.14027e-06
-6045.33
-1.14027e-06
7.03599e-07
-3757.94
-3.27591e-21
5.79502e-07
-2821.36
-9.83986e-10
5.52971e-07
-2651.25
4.04344e-15
6.30228e-07
-3037.26
1.70433e-14
7.29845e-07
-3506.32
-1.76617e-11
5.42365e-07
-2565.99
1.36696e-22
9.16886e-07
-4344.2
5.20306e-16
7.01177e-07
-3319.75
-6.2278e-23
6.87107e-07
-3243.73
5.11731e-22
1.15679e-06
-5441.3
-1.15679e-06
1.23748e-06
-5884.5
-8.37783e-22
3.12636e-07
-1917.84
3.49014e-20
6.51181e-07
-3176.71
-4.73046e-10
7.03959e-07
-3270.16
5.204e-16
6.02048e-07
-2603.93
2.87911e-21
7.01895e-07
-3072.81
5.03088e-21
1.08292e-06
-4402.22
-2.31502e-14
7.3e-07
-2922.14
-1.16476e-22
1.2e-06
-4834.28
-1.19869e-17
1.06801e-06
-4120.54
-4.29193e-22
1.01406e-06
-3917.7
-9.01249e-22
1.39987e-06
-5519.26
1.64382e-21
1.02394e-06
-3891.2
-2.67224e-22
1.27361e-06
-4817.72
1.36857e-22
8.5416e-07
-3789.02
-2.60608e-22
5.96587e-07
-3555.86
-5.27772e-09
4.9442e-07
-2946.19
2.44247e-18
7.562e-07
-4506.38
-2.46889e-10
1.01769e-06
-6064.3
-1.01769e-06
7.22587e-07
-4305.62
-7.22587e-07
2.83042e-07
-1808.23
-1.78084e-07
4.9747e-07
-2693.69
-4.98578e-07
5.69422e-07
-3060.17
6.39572e-12
5.75573e-07
-3083.9
6.23004e-15
7.48141e-07
-4030.16
-1.88287e-11
5.80894e-07
-3122.58
1.86575e-18
7.36407e-07
-3917.74
1.2565e-21
7.22759e-07
-3753.31
-7.22759e-07
1.11936e-06
-5943.9
1.21182e-17
1.07345e-06
-5724.86
-1.07345e-06
7.55931e-07
-4015.53
-3.52787e-22
6.50986e-07
-3112.43
1.82107e-12
5.44713e-07
-2590.75
-5.44713e-07
4.43162e-07
-2134.18
-1.92263e-22
5.58383e-07
-2648.8
-5.58383e-07
6.71672e-07
-3125.75
2.43824e-22
6.3806e-07
-2985.56
-1.58779e-22
1.03943e-06
-4917.26
4.40669e-18
1.128e-06
-5176.35
2.16963e-21
1.19732e-06
-5642.82
-1.19732e-06
8.68372e-07
-4021.34
3.92188e-22
1.08391e-06
-4960.67
-6.26484e-22
7.94587e-07
-3755.49
7.80667e-23
5.44222e-07
-3006.33
-2.50689e-10
6.22806e-07
-2746.01
1.72007e-14
5.18229e-07
-2360.37
1.28418e-19
9.81499e-07
-3998.9
-8.34704e-13
8.22836e-07
-3658.54
1.06445e-21
7.32161e-07
-3250.28
-1.40328e-21
1.36406e-06
-5287.18
-1.00588e-19
8.41357e-07
-3674.75
2.58254e-22
1.42956e-06
-5703.19
-8.1933e-22
1.04581e-06
-4299.87
8.27409e-22
5.22262e-07
-3115.61
-3.9645e-08
5.15198e-07
-3070.14
1.6107e-10
5.88728e-07
-3508.38
-2.5643e-11
5.21629e-07
-3108.42
4.5329e-13
5.53215e-07
-3296.51
5.34247e-20
8.69336e-07
-5180.42
-8.57677e-12
6.70834e-07
-3997.31
8.40167e-20
1.00077e-06
-5963.43
-1.00077e-06
6.5729e-07
-3916.54
-6.5729e-07
4.55902e-07
-2442.7
-1.41376e-16
6.53001e-07
-3538.41
-2.6441e-09
5.00022e-07
-2672.85
9.00856e-19
4.01998e-07
-2165.66
5.10327e-22
5.12611e-07
-2749.62
4.68257e-22
9.64943e-07
-5135.45
6.12774e-15
9.19997e-07
-4826.07
-9.19997e-07
6.624e-07
-3524.05
2.32281e-21
1.11782e-06
-5930.81
1.69136e-20
8.27123e-07
-4362.06
-8.27123e-07
1.12664e-06
-6038.21
1.46214e-20
6.44881e-07
-3119.44
-1.54511e-11
3.62053e-07
-1777.68
-3.62053e-07
6.38904e-07
-3022.14
8.21891e-18
1.03613e-06
-4877.86
1.34e-16
1.077e-06
-4961.99
2.85169e-19
6.99991e-07
-3003.37
-3.65087e-22
1.21737e-06
-5691.89
-1.21737e-06
9.82624e-07
-4607.65
-1.57949e-21
9.31719e-07
-4328.03
-9.31719e-07
6.24518e-07
-2991.22
5.18664e-13
6.09553e-07
-2650.64
9.75668e-18
9.3602e-07
-3926.36
-1.95972e-14
8.45375e-07
-3191.43
-8.45375e-07
7.39973e-07
-3229.65
-7.73216e-22
1.29628e-06
-5009.98
-9.43927e-22
2.26644e-06
-3752.25
-1.90295e-21
1.5479e-06
-5873.57
-1.5479e-06
1.34863e-06
-5609.03
-2.08275e-21
4.82992e-07
-2878.22
6.9002e-12
5.86604e-07
-3498.78
-3.60279e-08
4.8884e-07
-2913
5.89506e-15
3.655e-07
-2177.98
3.52993e-21
5.70527e-07
-3399.76
8.20623e-15
6.00785e-07
-3579.89
1.34186e-21
7.49887e-07
-4468.34
-7.49887e-07
7.50479e-07
-4471.79
1.69228e-22
1.01239e-06
-6032.76
5.88282e-18
3.90969e-07
-2106.96
1.71021e-17
5.72443e-07
-3110.93
-2.63174e-09
3.24868e-07
-1749.87
-3.24868e-07
7.32055e-07
-3891.81
7.41404e-18
5.94766e-07
-3173.38
-6.51867e-22
9.58641e-07
-5136.63
7.71081e-14
1.03615e-06
-5468.29
2.74873e-16
9.24011e-07
-4917.46
-9.24011e-07
9.13416e-07
-4861.19
-9.13416e-07
1.11907e-06
-6001.3
-1.11907e-06
8.7627e-07
-4648.19
-8.7627e-07
6.08024e-07
-2890.12
1.31807e-12
3.0249e-07
-1542.88
3.91454e-24
6.12444e-07
-3047.92
-2.91753e-09
6.10901e-07
-2880.17
6.45379e-20
8.24406e-07
-3941.76
3.91205e-14
9.01986e-07
-4232.55
1.48798e-17
1.27605e-06
-5324.35
-1.27605e-06
1.14446e-06
-5342.32
7.81524e-19
1.14372e-06
-5311.55
-1.14372e-06
1.08824e-06
-5082.06
-1.08824e-06
8.82144e-07
-4103.31
5.7407e-23
5.06407e-07
-2495.66
4.45633e-16
2.85424e-07
-1920.1
4.03592e-22
8.37478e-07
-3567.74
-6.34596e-13
6.71138e-07
-3066.55
1.35957e-17
8.48071e-07
-3773.31
-4.91569e-17
1.0342e-06
-4425.89
-4.97023e-16
7.3432e-07
-3082.27
-7.3432e-07
1.21305e-06
-4900.4
-3.58487e-16
8.72513e-07
-3630.04
1.28824e-21
8.23619e-07
-2728.36
3.68165e-22
1.3819e-06
-5617.9
-1.04495e-21
8.67601e-07
-3847.32
1.48875e-21
4.42929e-07
-2639.42
7.77437e-14
3.99092e-07
-2378.15
1.68081e-18
6.74118e-07
-4017.82
-4.92529e-09
5.26548e-07
-3137.66
1.63034e-16
9.43837e-07
-5630.85
-3.70486e-14
5.31617e-07
-2881.45
-3.77472e-08
5.32847e-07
-2874
6.09096e-14
7.55822e-07
-4033.36
1.18713e-11
8.84842e-07
-4645.31
5.29908e-16
1.07128e-06
-5698.9
1.59213e-15
4.991e-07
-2404.3
2.42519e-17
3.60368e-07
-1770.21
-3.60368e-07
1.14921e-06
-5436.02
2.6639e-20
9.82459e-07
-4620.38
-9.82459e-07
1.20229e-06
-5646.74
-1.20229e-06
8.07359e-07
-3802.44
6.06085e-22
1.21203e-06
-5784.54
-8.29536e-23
1.15818e-06
-5405.16
-1.15818e-06
4.25498e-07
-2187.08
5.11473e-18
2.28597e-07
-1755.12
2.57404e-22
7.21449e-07
-3253.85
-1.2336e-11
6.5636e-07
-2902.06
7.00657e-16
8.49224e-07
-3620.32
-2.02336e-11
7.90188e-07
-3459.14
4.20071e-15
4.33473e-07
-2226.48
4.4949e-22
7.79981e-07
-3558.86
7.79828e-18
6.964e-07
-2854.61
-4.77663e-22
9.71006e-07
-4217.77
-1.16497e-17
7.49062e-07
-3006.32
4.9338e-22
1.61794e-06
-4621.18
-8.57228e-21
1.43842e-06
-5304.19
-5.93953e-18
1.26307e-06
-5245.26
-2.19079e-21
1.20981e-06
-5065.45
9.91206e-22
3.32982e-07
-1984.21
4.15315e-17
4.63597e-07
-2762.51
2.62063e-20
-1.72082e-05
-8129.64
-7.76927e-17
3.22751e-07
-1741.91
1.08934e-19
7.22426e-07
-3861.17
4.12802e-13
8.42916e-07
-4526.62
1.63051e-13
1.06978e-06
-5678.99
9.12179e-17
4.02323e-07
-1966.41
-6.20817e-22
7.40763e-07
-3510.65
1.24388e-17
1.21674e-06
-5619.57
-2.07814e-23
6.68091e-07
-3200.67
8.44006e-14
5.2196e-07
-2372.32
1.11705e-22
7.0876e-07
-3286.97
2.12329e-19
1.31709e-06
-5557.12
-3.57708e-20
6.56508e-07
-3912.24
-4.47251e-12
7.63059e-07
-4547.19
-1.13093e-11
8.4187e-07
-5028.36
-3.82129e-18
1.00495e-06
-5998.3
7.88225e-18
6.47219e-07
-3481.49
7.30948e-12
4.87569e-07
-2321.44
-4.87569e-07
9.09358e-07
-4166.28
5.86965e-19
6.3711e-07
-2670.47
-2.18395e-22
8.74092e-07
-5208.72
-5.60201e-13
