-3.75916e-08
254.616
2.28273e-06
-1.73396e-08
103.325
-6.31364e-23
-4.63088e-08
276.906
1.52859e-08
-1.67678e-08
99.9179
-2.08115e-20
-2.38758e-08
142.275
-4.87189e-12
-3.47949e-08
207.341
2.87204e-18
-3.07096e-08
182.989
-1.01163e-10
-7.40753e-09
43.6769
-1.94022e-13
-6.27037e-09
37.3663
5.49552e-19
-3.26119e-08
194.328
2.42546e-22
-6.10305e-08
363.562
2.70038e-14
-1.85614e-08
110.623
5.81242e-20
-3.76526e-08
224.359
-6.9167e-22
-4.56375e-08
271.557
2.367e-20
-5.22555e-08
311.39
4.87645e-22
-6.59862e-08
393.19
6.59862e-08
-4.9177e-08
271.479
2.47331e-10
-1.00951e-08
58.7626
4.94458e-24
-3.7774e-08
200.84
-1.99303e-18
2.5433e-10
14.8844
3.073e-15
-2.69129e-08
141.998
-1.16912e-21
-5.18028e-08
247.508
-1.98925e-22
8.53948e-09
16.9248
-8.53948e-09
-4.31236e-08
256.88
-1.08545e-09
-3.26207e-08
194.44
3.26196e-08
-9.90329e-09
58.9627
2.03191e-23
-3.41144e-08
203.288
-1.12819e-16
2.19352e-09
-13.4475
-3.62694e-13
4.40793e-09
-26.817
-2.86827e-17
-3.42929e-08
204.339
3.42929e-08
-4.5353e-08
270.055
-2.17288e-16
-3.32937e-08
198.395
3.32937e-08
-3.76208e-08
224.169
3.76208e-08
-4.66376e-08
277.687
4.9858e-19
-5.07496e-08
274.195
2.36472e-09
-4.02997e-08
238.625
4.35496e-11
-2.40618e-08
134.066
1.01039e-20
-3.30377e-08
169.388
-8.79346e-14
-3.73395e-08
191.115
1.2035e-22
-1.49678e-09
21.5193
2.24601e-15
-4.62918e-09
31.2374
1.03024e-20
2.8127e-09
-3.14697
7.7431e-19
-2.86947e-08
158.595
2.86947e-08
-4.20448e-08
224.165
4.20448e-08
-1.38811e-08
154.215
-2.87049e-22
-9.95817e-08
532.412
1.04345e-21
-5.03955e-08
318.484
1.2554e-21
-6.5915e-08
379.934
-7.72142e-22
-5.9062e-08
321.206
-3.33359e-22
-4.50081e-08
249.131
4.86898e-09
-3.52354e-08
171.652
-2.4188e-21
-4.62708e-08
217.439
-1.41754e-19
-3.78597e-08
192.01
3.06214e-15
-3.78105e-08
178.895
-4.85193e-24
-5.43926e-08
258.853
-1.71979e-13
-2.15017e-08
109.802
9.68256e-23
3.16329e-09
-12.0205
3.30027e-22
-3.78266e-08
183.535
3.78266e-08
-8.48552e-09
52.1319
8.48552e-09
-4.51847e-08
214.488
4.51847e-08
-8.2896e-08
294.689
-1.45983e-12
-4.68028e-08
279.889
1.5798e-08
-3.00924e-08
179.262
-5.44897e-10
-2.85334e-08
170.029
2.85145e-08
-4.3197e-08
257.326
-8.82712e-10
-3.53041e-08
210.374
3.53041e-08
8.64381e-09
-52.3251
-3.98861e-15
-3.379e-08
201.341
-2.48628e-22
-2.83778e-08
168.683
1.61284e-17
-7.18281e-08
427.893
2.10513e-17
5.52031e-09
-32.8909
-5.52031e-09
-4.17932e-08
249.03
4.17932e-08
-5.15709e-08
307.299
7.5287e-22
-4.23695e-08
229.432
1.01187e-17
-3.446e-08
183.798
2.90063e-22
-3.57815e-08
191.915
3.57815e-08
-4.22524e-08
224.655
4.22524e-08
-5.64362e-08
368.811
-2.98121e-22
-4.32778e-08
244.907
4.32778e-08
-6.60465e-08
315.781
-1.5941e-12
-4.56163e-08
224.124
5.70734e-18
-5.31316e-08
257.574
9.03994e-08
-3.59708e-08
171.303
-7.26897e-17
-1.97282e-08
111.36
9.90061e-17
-5.69831e-09
40.9042
1.96119e-20
-3.62381e-08
169.633
3.62381e-08
-5.07384e-08
245.823
-9.31375e-16
8.59947e-09
-10.7009
-8.59947e-09
-2.93486e-08
133.87
2.93486e-08
-3.92989e-08
203.42
3.30658e-23
-2.10621e-08
124.105
2.10621e-08
-4.32907e-08
206.08
-2.07493e-23
-5.05625e-08
235.763
1.54095e-22
-1.21292e-07
535.63
1.21292e-07
-4.16127e-08
295.076
5.30836e-10
-5.8845e-08
245.493
-6.72591e-15
-2.41956e-08
156.28
-1.02637e-22
-6.07652e-08
184.842
-2.33691e-20
-3.67719e-08
182.123
-2.01145e-22
4.04312e-08
35.8526
-1.33939e-19
1.6092e-08
66.962
-1.6092e-08
1.32812e-08
126.801
-2.34698e-20
-6.12389e-08
147.382
-3.46107e-22
-4.64899e-08
221.774
2.07872e-22
-8.95154e-08
284.848
3.91806e-22
-1.17352e-07
271.843
4.35884e-22
-1.67489e-07
501.809
1.67489e-07
-1.96438e-07
377.38
-9.87614e-22
-1.00098e-07
298.124
1.00098e-07
-2.98009e-08
189.879
1.47743e-08
-5.36426e-08
319.65
6.84786e-23
-8.27859e-08
493.231
1.64873e-16
-4.64585e-08
276.829
4.64585e-08
-8.77282e-08
522.68
6.57245e-20
-3.91413e-08
233.241
-8.68422e-22
-5.14886e-08
271.533
-5.17582e-11
-4.63212e-08
253.15
-8.4565e-12
-3.79605e-08
199.364
-1.29272e-17
-5.68736e-10
18.1986
5.2345e-17
-3.30693e-08
174.586
-1.68519e-21
-4.55291e-08
244.067
-2.68759e-13
-2.75658e-08
154.645
2.75658e-08
-5.4558e-09
67.7931
3.70165e-22
-8.35928e-08
439.4
8.35928e-08
-4.9211e-08
263.379
-5.83348e-22
-5.40294e-08
276.35
2.74692e-10
-5.62182e-08
254.043
-1.01415e-15
-4.83076e-08
243.242
2.31243e-15
-6.38404e-08
306.818
-4.66495e-12
-3.35166e-08
166.292
-1.81197e-22
-3.37426e-08
170.118
2.06495e-17
-3.19168e-09
34.6528
1.38493e-22
-4.27145e-08
201.478
9.20016e-23
-7.66273e-08
344.16
7.66273e-08
-1.13757e-07
540.237
1.52425e-22
-9.59041e-09
139.111
-6.18591e-21
-8.56226e-08
321.076
-1.69682e-11
-2.1315e-08
179.549
-3.65393e-16
-5.89618e-08
195.815
-5.85529e-22
-1.81602e-08
131.858
-9.1118e-23
-6.25918e-08
256.534
-1.47113e-15
-1.67611e-08
199.747
-5.29668e-23
-3.8998e-08
217.615
-1.06644e-18
6.18109e-08
22.6307
-4.8764e-22
-1.40632e-08
134.582
-1.37798e-22
-5.97384e-08
322.596
3.17378e-22
-8.27193e-08
264.174
-9.74877e-22
-1.67782e-07
361.933
4.70064e-23
-6.13518e-08
271.065
2.18094e-22
-4.15885e-08
247.729
-1.00001e-09
-2.93646e-08
174.98
6.85831e-19
-4.2116e-08
250.977
-6.11041e-12
-7.50324e-08
446.96
7.50324e-08
-5.15879e-08
307.391
5.15879e-08
-3.13062e-08
200.309
1.98757e-08
-5.85042e-08
317.009
5.88114e-08
-3.91512e-08
220.4
5.72863e-13
-2.6547e-08
150.254
8.39319e-16
-4.81774e-08
266.657
9.08276e-12
-1.74807e-08
98.7495
1.31089e-19
-5.2016e-09
38.818
-3.25345e-23
-4.92536e-08
245.068
4.92536e-08
-9.47196e-08
498.5
-1.37422e-18
-1.01646e-07
495.086
1.01646e-07
-5.81902e-08
302.434
-5.69151e-22
-5.64572e-08
268.189
-4.18849e-13
-4.38537e-08
203.163
4.38537e-08
-3.05349e-08
152.901
-7.3118e-23
-4.08033e-08
194.981
4.08033e-08
-2.87944e-08
138.664
-2.79905e-24
-2.05184e-08
130.077
-8.81045e-25
-4.27947e-08
203.668
-1.81213e-19
-5.61389e-08
192.285
8.39641e-22
-6.01322e-08
295.545
6.01322e-08
-5.93916e-08
285.121
3.08698e-22
-1.12526e-07
466.402
-3.66144e-22
-5.87455e-08
281.949
-3.99957e-23
-4.86651e-08
302.316
-6.19861e-12
4.25372e-09
223.506
-4.37703e-15
-5.43558e-08
195.081
-1.48755e-20
-7.01438e-08
256.286
-1.65108e-13
1.46148e-07
-34.981
-2.7853e-21
-4.90661e-08
195.96
1.34456e-22
-5.36157e-08
289.414
1.60163e-20
-3.14582e-08
221.486
-7.27727e-23
-1.41712e-07
428.377
2.853e-22
-1.13128e-07
327.8
2.64004e-22
-4.86721e-08
289.823
-2.4659e-09
-3.32468e-08
198.119
-4.57116e-11
-2.93746e-08
175.025
-1.60357e-10
-2.2958e-08
136.81
1.20488e-15
-2.47457e-08
147.459
4.05655e-20
-4.09514e-08
243.844
2.40402e-13
-4.28062e-09
25.5183
4.38041e-20
-3.30422e-08
196.894
3.30422e-08
-3.77053e-08
224.67
3.77053e-08
-3.41587e-08
192.327
5.46964e-16
-5.57298e-08
305.504
2.20088e-10
-3.95916e-08
212.01
-4.00518e-20
-2.5477e-08
140.548
1.09798e-22
-3.66648e-08
194.942
-8.15303e-23
-4.62253e-08
230.441
-1.30989e-15
1.71172e-08
-67.093
-1.71172e-08
-2.95065e-08
157.625
1.12656e-21
-4.91694e-08
284.509
3.70681e-21
-4.92005e-08
277.576
4.92005e-08
-1.00091e-07
540.204
-1.65479e-21
-6.1494e-08
299.78
-2.42436e-12
-2.13171e-08
110.179
2.13171e-08
-3.67856e-08
171.595
-7.70843e-19
-4.81557e-08
259.365
2.09991e-17
-1.58858e-08
80.5496
-5.33111e-21
-4.39652e-08
175.045
-4.91988e-23
-9.08982e-08
418.788
9.08982e-08
-8.27776e-08
361.494
-4.23917e-22
-8.51296e-08
369.416
8.51296e-08
-8.59357e-08
287.65
-1.23527e-13
-6.6471e-08
220.315
-1.2671e-18
-4.48388e-08
217.447
-1.05737e-14
-1.51861e-08
125.77
1.51861e-08
-9.90207e-08
261.364
-2.89066e-22
-1.68348e-08
154.753
-9.88886e-22
-7.27508e-08
202.561
2.21989e-23
-1.5745e-07
489.464
1.5745e-07
-1.45312e-07
383.599
-1.94434e-22
-3.39083e-08
202.063
2.60884e-12
-4.98774e-08
296.98
-2.72075e-09
-3.45759e-08
206.041
1.16613e-15
-2.20035e-08
131.118
-1.18283e-21
2.1107e-09
-12.5838
-4.74182e-15
-2.92428e-08
174.251
9.7486e-22
4.77871e-09
-28.4655
-4.77871e-09
-4.00912e-08
238.889
-2.81359e-23
-8.70823e-08
518.848
-1.52256e-19
-3.16217e-08
172.022
-2.1091e-18
-5.31552e-08
292.304
3.81623e-10
-1.9262e-08
104.448
1.9262e-08
-8.07864e-09
39.4251
-2.00196e-19
-2.92022e-08
163.918
-4.34786e-22
-2.78339e-08
154.387
3.5139e-15
-1.57138e-08
67.9971
-2.66809e-17
-7.64176e-08
359.143
7.64176e-08
-1.02266e-07
508.211
1.02266e-07
-9.89338e-08
522.343
9.89338e-08
-9.00078e-08
461.563
9.00078e-08
-7.98759e-08
333.481
-9.28587e-13
-8.77657e-09
65.7114
4.96038e-24
-6.38302e-08
326.244
4.32409e-10
-4.14787e-08
195.414
-4.54274e-21
-4.01773e-08
211.61
7.00657e-15
-5.2146e-09
49.5591
2.08252e-18
-1.2594e-08
46.298
1.2594e-08
-7.69606e-08
365.77
-9.01121e-20
-2.42556e-08
149.527
2.42556e-08
-9.46614e-08
343.565
9.46614e-08
-7.53494e-08
340.317
-1.66206e-22
-4.28278e-08
210.746
-5.10437e-17
5.90742e-09
127.419
1.34161e-22
-7.02662e-08
271.273
-2.65429e-13
-4.39968e-08
171.577
-3.87254e-18
2.15994e-08
139.267
-4.78398e-16
-2.62003e-08
173.919
-2.18327e-16
-3.10887e-08
141.473
3.10887e-08
-1.66166e-07
348.717
3.07613e-18
2.36712e-08
68.1456
3.87057e-22
-5.70593e-08
143.035
3.02564e-24
-1.12684e-07
407.618
3.46931e-22
-7.22893e-08
259.126
4.15544e-22
-3.8907e-08
231.848
1.80373e-14
-3.07337e-08
183.14
-2.42889e-19
-4.38309e-08
261.162
-3.3884e-10
-1.5195e-08
90.5475
2.41648e-17
-1.77423e-08
104.759
4.46073e-16
-5.19856e-08
284.855
4.0535e-09
-3.6403e-08
209.574
1.07996e-15
-3.07025e-08
175.696
9.20286e-13
5.54767e-09
-23.6814
2.76258e-17
-7.23328e-08
372.045
-2.68116e-16
-3.91435e-08
192.654
1.54954e-18
-2.16255e-08
114.326
2.16255e-08
-5.03625e-08
261.028
3.16283e-21
-6.47239e-08
247.261
6.47239e-08
-1.02208e-07
474.477
1.02208e-07
-6.01454e-08
273.068
2.08221e-22
-1.03978e-07
485.191
-4.67084e-22
-1.30554e-07
543.45
1.30554e-07
-3.3012e-08
187.098
-7.04519e-19
8.34968e-09
104.186
-4.43652e-23
-7.73813e-08
309.444
-3.75918e-12
-6.62955e-08
238.875
-1.38075e-16
-8.97885e-08
308.39
-4.07565e-12
-3.89197e-08
216.646
-1.61769e-14
-3.36921e-08
168.415
-1.4008e-22
1.19005e-08
89.0705
-1.03798e-17
-5.97499e-08
178.256
-7.57603e-23
1.32327e-08
79.5071
-7.37378e-18
-9.76009e-08
206.473
1.26204e-22
1.72634e-08
88.1111
7.07657e-23
-1.11518e-07
385.032
4.25169e-19
-9.26029e-09
197.28
1.18011e-22
-8.78486e-08
236.44
-5.80612e-22
-2.18212e-08
130.031
-5.39163e-18
-3.27695e-08
195.27
2.07815e-21
3.29853e-07
-31.7564
1.48423e-17
-1.77322e-08
99.4011
-2.10164e-20
-1.62991e-08
87.8087
-2.64453e-14
-3.02244e-08
159.974
-2.11655e-14
-3.53499e-08
201.248
1.53933e-17
-2.78042e-08
142.42
-2.17804e-22
-1.35784e-08
77.8173
7.75679e-20
-1.18393e-07
470.011
1.05608e-22
-5.98542e-08
274.266
-2.3267e-13
-5.33263e-08
185.345
8.45029e-23
2.62844e-08
61.5997
-1.24707e-19
-1.12416e-07
464.276
8.88576e-21
-1.61288e-08
96.1049
-8.70452e-12
-2.91849e-08
173.913
-2.70502e-12
2.20369e-08
-132.155
7.85749e-19
2.23709e-08
-134.046
-1.42502e-18
-3.05618e-08
171.572
4.07993e-14
-4.30438e-08
201.989
4.30438e-08
1.40515e-09
-8.32943
3.02693e-20
-5.97539e-08
195.994
-9.77923e-23
-5.0648e-08
301.513
3.10958e-14
