-2.89771e-07
-4.65317e-10
-0.00416117
-9.60602e-08
-1.80674e-11
-0.000102418
2.02161e-07
4.66145e-11
0.000321861
-1.35896e-07
-2.55687e-11
-0.00014489
-1.57492e-07
-2.95924e-11
-0.000167903
2.38202e-07
4.48077e-11
0.000253966
8.15944e-10
1.52886e-13
9.07314e-07
-1.84923e-07
-4.32292e-11
-0.000197162
-2.35189e-07
-4.42463e-11
-0.000250754
2.60573e-07
4.90669e-11
0.000277818
3.08335e-07
5.57129e-11
0.000328741
-1.40522e-06
-2.64609e-10
-0.00149822
5.16085e-08
9.72394e-12
5.5024e-05
-8.50329e-07
-1.67461e-10
-0.000906606
-4.13317e-07
-7.79507e-11
-0.000440671
2.0669e-07
3.89247e-11
0.000220369
1.53362e-07
2.97467e-11
0.000170551
-1.28908e-07
-5.10733e-11
-0.00013744
7.85947e-08
4.94684e-11
8.37962e-05
-4.29217e-08
-1.80103e-10
-4.57623e-05
9.7804e-09
2.47281e-11
1.04277e-05
-3.48794e-07
1.4209e-10
-0.000371878
7.17856e-07
-4.26767e-10
0.000765365
2.80813e-08
4.89273e-12
2.55254e-05
-2.0158e-07
-3.65924e-11
-0.00021492
-3.30751e-07
-6.3107e-11
-0.000352641
4.19288e-07
7.88746e-11
0.000447038
-1.47479e-06
-2.83913e-10
-0.0015724
-1.02676e-06
-2.03265e-10
-0.00109471
3.94991e-07
7.43618e-11
0.000421132
6.19989e-07
1.12882e-10
0.000661021
-3.98141e-08
-7.54447e-12
-4.2449e-05
5.57636e-08
1.05059e-11
5.94542e-05
-8.82893e-07
-1.70224e-10
-0.000941325
6.11798e-08
1.20612e-10
4.45151e-05
5.53709e-07
3.21245e-11
0.000592125
7.41556e-09
1.87119e-11
7.90633e-06
6.95396e-07
1.0486e-10
0.000741424
-1.77909e-07
-9.77141e-11
-0.000189684
-8.11e-07
-2.29554e-10
-0.000864673
-3.61222e-07
-1.59393e-10
-0.000385128
2.56935e-07
4.73153e-11
0.00027394
-1.21079e-08
2.17651e-10
-1.29092e-05
8.07256e-08
1.91377e-11
8.60682e-05
1.14753e-06
-2.38252e-10
0.00122348
4.4542e-07
1.792e-10
0.000474898
1.0189e-06
1.98689e-11
0.00108633
7.61035e-07
8.94709e-11
0.000811402
1.98017e-07
1.45041e-11
0.000211123
7.17372e-08
3.22051e-10
8.7785e-05
1.08612e-09
3.50422e-11
1.158e-06
8.17553e-08
3.41211e-10
8.7166e-05
2.64363e-08
3.6946e-11
2.8186e-05
4.78478e-08
1.42065e-10
5.10144e-05
1.15646e-07
4.91494e-10
0.000123301
-1.38655e-08
-7.39276e-11
-1.47832e-05
-2.51335e-07
-4.705e-11
-0.000267969
1.3199e-07
2.30159e-10
0.000140726
-6.47051e-08
-1.45982e-10
-6.89874e-05
9.65073e-09
5.8984e-11
1.02894e-05
1.26941e-07
4.09547e-09
0.000135365
5.82079e-07
1.33003e-10
0.000912864
-1.76266e-06
-3.3145e-10
-0.0018867
5.64807e-08
1.0592e-11
6.02183e-05
2.60739e-07
4.96029e-11
0.000289332
3.66806e-07
6.90806e-11
0.000391082
-1.3016e-06
-2.61233e-10
-0.00138775
3.39768e-07
6.40332e-11
0.000362254
8.91912e-07
1.59995e-10
0.00095094
5.40161e-07
9.91975e-11
0.000575909
-7.89031e-06
-1.48537e-09
-0.0084125
-9.65368e-08
-1.81999e-11
-0.000102926
-1.31949e-06
-2.48622e-10
-0.00140682
2.32395e-07
2.8783e-10
0.000247775
1.61342e-07
1.05062e-10
0.00017202
-1.41794e-07
1.57839e-11
-0.000151178
1.72424e-07
9.29111e-11
0.000183835
2.01005e-06
1.20315e-09
0.00214308
1.36549e-07
2.91487e-11
0.000145586
5.87887e-07
1.68636e-09
0.000627635
1.16447e-07
3.60076e-10
0.000124154
9.30069e-08
3.37864e-10
-0.000903391
4.99002e-08
6.92985e-11
5.32026e-05
-5.98181e-08
-1.46197e-10
-6.3777e-05
-1.51953e-07
-6.45397e-10
-0.00016201
3.96539e-08
4.37399e-11
4.22783e-05
1.18904e-07
4.99259e-10
0.000126773
-2.53633e-07
-1.09793e-09
-0.000270419
-4.4163e-08
-6.95719e-11
-4.70858e-05
9.21633e-08
-3.91119e-11
9.82628e-05
-1.77945e-08
-3.47514e-10
-1.89722e-05
-1.10704e-08
1.45448e-10
-1.18031e-05
-6.6496e-09
1.39243e-10
-7.08968e-06
7.12493e-07
1.24182e-09
0.000759647
2.06971e-07
4.09316e-09
0.00022874
1.33118e-07
3.19186e-09
0.000141928
2.22718e-08
7.38705e-10
2.37458e-05
1.38511e-07
2.34744e-09
0.000147678
6.92959e-08
6.4072e-10
7.38821e-05
-1.88123e-07
-3.30417e-09
-0.000200573
-1.00971e-08
6.63492e-10
-1.07653e-05
-1.17556e-07
-2.63733e-09
-0.000125336
-2.7165e-07
1.53931e-09
-0.000289628
2.40493e-08
4.29279e-10
2.5641e-05
3.08265e-08
5.24658e-09
3.28667e-05
1.32968e-07
7.14143e-09
0.000141768
2.96802e-07
4.97405e-09
0.000316445
8.9968e-08
7.09812e-09
9.59223e-05
1.03492e-07
3.51589e-09
0.000110341
8.82191e-08
6.35209e-11
0.000573625
2.91496e-06
5.49003e-10
0.00310788
7.67087e-07
1.42589e-10
0.000817854
-2.26233e-08
-4.26588e-12
-2.41206e-05
7.14184e-07
1.32722e-10
0.00076145
-1.50424e-06
-2.83368e-10
-0.0016038
5.25529e-07
1.81516e-10
0.000562439
2.38014e-07
2.12259e-10
0.000254042
8.96065e-08
8.00422e-11
9.55368e-05
1.74343e-07
-1.19075e-11
0.000185881
1.35474e-07
6.06735e-11
0.00014444
1.22344e-07
1.93943e-10
0.000130436
-1.33322e-06
-5.46372e-10
-0.00142146
4.32862e-07
-3.38937e-10
0.00046151
7.5733e-07
3.51633e-10
0.000807451
5.20816e-07
2.58524e-10
0.000555284
-2.69976e-08
3.31835e-10
-3.43236e-05
-2.33892e-08
3.98177e-10
-2.49371e-05
2.10687e-07
8.64642e-10
0.000224631
2.27674e-07
9.1274e-10
0.000242884
-1.22005e-07
4.97063e-11
-0.00013008
9.01625e-08
4.59839e-10
9.61296e-05
-2.94894e-07
-7.12339e-10
-0.000314411
2.61454e-07
8.06237e-10
0.000278757
-2.26373e-07
8.23619e-10
-0.000241355
5.64176e-07
2.16672e-09
0.000601514
2.84049e-08
1.26415e-09
3.02848e-05
4.09346e-07
1.07917e-08
0.000438125
1.01033e-07
5.46267e-09
0.00010772
2.78866e-07
6.90435e-09
0.000297322
3.96648e-07
1.09039e-08
0.000422898
1.22994e-07
1.41202e-09
0.000131134
1.95848e-07
9.09691e-10
0.000208809
-2.22562e-07
-6.80101e-09
-0.000237292
-8.43369e-07
-1.80757e-08
-0.000899185
-4.19535e-07
-1.11073e-08
-0.0004473
1.38904e-07
2.77097e-09
0.000148097
3.20236e-07
8.63268e-09
0.00034143
1.97102e-07
5.81911e-09
0.000210147
1.90729e-07
7.48902e-09
0.000203351
1.60751e-07
3.03212e-11
0.000173813
3.1108e-07
5.85157e-11
0.000331667
5.18549e-07
9.74552e-11
0.000552894
1.66858e-07
2.85768e-11
0.000177901
-4.21273e-08
-7.9664e-12
-4.49154e-05
1.49261e-07
2.36745e-10
0.000288711
1.93792e-06
2.06752e-09
0.00206619
3.50865e-07
1.79596e-10
0.000374139
1.87273e-07
1.11554e-10
0.000199667
3.18711e-07
3.66868e-10
0.000339765
8.88921e-08
4.36214e-11
9.47751e-05
1.45993e-07
1.53535e-10
0.000155655
1.63627e-06
5.40767e-10
0.00174456
5.58604e-07
2.19022e-10
0.000595573
6.61987e-06
2.27474e-09
0.00705798
8.8165e-07
2.65059e-10
0.000939999
1.03587e-07
3.22839e-10
0.000110447
1.61516e-07
5.54709e-10
0.000172205
5.74859e-08
2.03808e-10
6.12904e-05
1.71119e-07
6.76892e-10
0.000182444
6.74254e-08
3.35256e-10
7.18878e-05
-1.13016e-06
-1.82217e-09
-0.00120495
-8.0884e-08
-1.09713e-11
-8.6237e-05
1.24758e-06
-6.27723e-10
0.00133015
-1.5343e-07
-7.87365e-10
-0.000163584
2.7009e-07
9.85902e-10
0.000287965
1.43065e-06
1.95808e-09
0.00152534
3.94963e-07
9.94687e-10
0.000421102
3.30842e-07
9.87546e-09
0.000353879
-4.70066e-07
5.3994e-10
-0.000501176
1.7001e-07
4.36532e-09
0.000181261
2.15271e-08
-1.07754e-09
2.29527e-05
-2.07116e-06
-3.36839e-08
-0.00220824
-1.60738e-08
-4.42728e-10
-1.71376e-05
1.89712e-09
-1.83811e-09
2.02267e-06
-4.97432e-07
-9.35093e-09
-0.000530353
3.88918e-07
1.21306e-08
0.000414658
2.54182e-07
6.82758e-09
0.000271004
3.78463e-07
8.02899e-11
0.000521938
-3.02394e-07
-5.6766e-11
-0.000322525
-5.91307e-08
-1.10927e-11
-6.26703e-05
-1.66287e-07
-3.12149e-11
-0.000177293
1.87504e-07
3.53419e-11
0.000199913
9.83488e-07
1.81397e-10
0.00104857
-2.79489e-08
-5.25576e-12
-2.97986e-05
-3.70007e-06
-6.9635e-10
-0.00394495
-7.47538e-07
-1.40939e-10
-0.000797012
-1.53734e-07
1.87607e-11
-0.000163908
3.83752e-07
3.44286e-10
0.000414271
3.10136e-07
2.06598e-10
0.000330662
8.17082e-08
-1.43019e-11
8.71158e-05
1.35238e-07
7.73717e-11
0.000144188
-6.95164e-07
2.1073e-11
-0.000741172
2.63227e-08
-5.18496e-10
2.80648e-05
-1.17525e-07
1.03927e-10
-0.000125303
-4.30211e-07
-1.99016e-10
-0.000458684
2.67595e-07
-1.20844e-10
0.000285305
6.25737e-07
2.8284e-10
0.00066715
2.03761e-07
8.45815e-10
0.000217525
-4.23771e-08
-5.55931e-11
-4.51817e-05
2.54813e-07
5.06391e-10
0.000271677
1.45547e-07
-3.89611e-10
0.000155179
-2.80794e-07
-1.41613e-09
-0.000299377
1.07979e-07
3.97072e-10
0.000115125
2.69258e-07
8.02366e-10
0.000287078
1.26201e-07
1.9048e-09
0.000134554
-5.42139e-08
-1.17868e-10
-5.78018e-05
4.45967e-07
1.65372e-08
0.000475485
4.19532e-07
9.28029e-09
0.000447297
3.01781e-07
9.14459e-09
0.000321753
-2.58196e-07
-4.08111e-09
-0.000275284
1.43274e-06
2.74003e-08
0.00152756
-7.27283e-07
-1.29663e-08
-0.000775416
1.36204e-08
-3.91233e-09
1.45218e-05
7.19328e-07
2.02047e-08
0.000766935
2.57383e-08
3.0214e-09
2.74417e-05
-1.27782e-07
-2.40613e-11
-0.000136294
3.02557e-07
6.52934e-11
0.00043091
8.46135e-07
1.59128e-10
0.000902134
-5.47601e-07
-1.03024e-10
-0.000583843
-1.5626e-06
-2.93856e-10
-0.00166601
8.70684e-07
1.63888e-10
0.000928307
-4.95642e-06
-9.33282e-10
-0.00528445
-1.57303e-06
-2.96409e-10
-0.00167714
-1.36474e-07
-2.69945e-11
-0.000145506
1.2112e-07
1.12989e-10
0.000129136
2.05489e-07
2.63728e-10
0.000216816
6.12018e-08
-5.64424e-12
6.52522e-05
1.77047e-06
7.14313e-10
0.00188764
-7.71114e-07
-2.05794e-10
-0.000822148
-2.65904e-06
-1.29344e-09
-0.00283502
-8.98703e-07
-7.01347e-10
-0.000958181
6.90502e-06
2.18233e-09
0.00736201
6.03904e-06
2.29093e-09
0.00643871
2.29823e-06
9.45337e-10
0.00245033
2.41543e-06
9.33186e-10
0.00257528
1.12737e-06
1.34934e-09
0.00120204
-2.41425e-07
-3.84435e-10
-0.000257403
5.39771e-07
2.29555e-09
0.00058412
2.15131e-07
8.50951e-10
0.000229369
3.13993e-07
1.38545e-09
0.000334773
-1.4557e-07
-3.04414e-10
-0.000155204
-1.69906e-08
-1.59415e-09
-1.8115e-05
1.37584e-07
4.65306e-10
0.000146689
-4.71639e-07
-8.1506e-10
-0.000502853
1.70483e-06
-1.21437e-10
0.00181766
6.13247e-07
1.51712e-09
0.000653832
2.07347e-07
4.55663e-09
0.00022107
-1.17246e-07
3.46874e-10
-0.000125005
3.96116e-07
8.41949e-09
0.000422333
2.02953e-07
5.24934e-09
0.000216385
-4.45807e-08
4.35597e-09
-4.75311e-05
-3.42371e-07
-8.39985e-09
-0.000365029
1.19871e-08
1.82398e-10
1.27804e-05
1.77467e-06
2.44148e-08
0.00189213
-3.31704e-07
-5.15159e-09
-0.000353657
2.70162e-07
8.2116e-09
0.000288042
4.98556e-07
1.31277e-08
0.000531552
3.30285e-07
9.62972e-09
0.000352144
6.25699e-07
1.17594e-10
0.000667109
3.33533e-07
6.27476e-11
0.000355607
1.97941e-07
3.71974e-11
0.000211601
-3.03913e-07
-5.71605e-11
-0.000324026
4.58352e-07
7.01601e-11
0.000488687
8.95484e-08
2.35791e-11
0.000137153
2.94647e-08
1.61172e-10
3.14148e-05
-3.55406e-07
-6.76517e-11
-0.000378986
2.38701e-07
-8.58039e-11
0.000254498
6.28419e-07
1.3425e-10
0.000670009
-6.78503e-08
-2.21443e-10
-7.23408e-05
-4.03119e-08
-1.23848e-10
-4.29798e-05
2.0153e-07
4.01992e-10
0.000214868
4.2441e-07
1.61176e-09
0.000452498
2.63981e-07
8.73317e-10
0.000281452
8.42965e-08
2.47821e-10
8.98754e-05
5.22052e-07
2.4053e-09
0.000556602
2.51998e-06
4.91137e-09
0.00268676
2.69356e-07
7.63704e-09
0.000287182
-7.19374e-08
-1.96887e-09
-7.66984e-05
5.99056e-07
1.53894e-08
0.000638812
7.48124e-07
1.8241e-08
0.000797636
5.97092e-07
1.42257e-08
0.000636706
2.5312e-07
5.94647e-09
0.000269872
2.26333e-07
5.41551e-09
0.000241312
-2.47353e-07
-3.21075e-09
-0.000263723
4.11691e-07
7.65195e-09
0.000438937
-7.16646e-07
-2.03056e-08
-0.000764075
7.71662e-07
1.05991e-08
0.000822732
3.5378e-07
1.13437e-08
0.000377194
5.94648e-07
1.07886e-08
0.000634003
-2.47752e-07
-7.9699e-09
-0.000264149
-1.31043e-06
-2.9844e-08
-0.00139716
-3.20666e-07
-6.03131e-11
-0.000341889
1.46348e-07
2.75608e-11
0.000156034
-1.9971e-07
3.52703e-08
-0.000212927
-2.04997e-07
-8.53372e-11
-0.000218565
-2.9473e-07
-1.87072e-10
-0.000314237
-3.04481e-07
-1.70427e-10
-0.000324633
-2.02996e-06
-8.3637e-10
-0.00216431
2.80124e-09
1.31984e-10
2.98663e-06
3.10867e-07
6.72484e-10
0.000331441
1.59611e-06
5.30614e-10
0.00170174
3.38994e-07
9.8647e-09
0.000361432
2.67018e-07
5.09171e-09
0.00028469
-5.05058e-07
-1.09002e-08
-0.000538484
7.26444e-07
2.23076e-08
0.000774522
1.70604e-07
3.2022e-11
0.000181921
-2.88563e-08
-5.4405e-12
-3.07483e-05
-3.77056e-06
-7.29589e-10
-0.00402011
-7.23559e-06
-1.37925e-09
-0.00771445
-2.39067e-07
-7.45916e-11
-0.000254932
2.18721e-07
7.30382e-10
0.000233196
-3.63724e-07
-2.04095e-09
-0.000387796
2.80864e-07
5.58699e-09
0.000299452
3.13917e-06
5.84427e-10
0.00334693
