-5.5207e-07
-4.48091e-10
-0.00574685
3.28527e-07
6.17904e-11
0.00035027
-7.54897e-07
-1.80845e-10
-0.00127164
3.12119e-07
5.8715e-11
0.000332775
-5.21667e-07
-9.79675e-11
-0.000556228
-6.8776e-07
-1.29358e-10
-0.000733278
-9.18106e-07
-1.72402e-10
-0.000979941
-2.26341e-07
-4.04956e-11
-0.000241321
-2.49811e-07
-4.70093e-11
-0.000266344
-7.54151e-07
-1.41987e-10
-0.000804062
-1.73868e-06
-3.26336e-10
-0.00185375
-5.65532e-07
-1.06471e-10
-0.00060296
-7.98147e-07
-1.50406e-10
-0.00085097
-1.40986e-06
-2.63535e-10
-0.00150316
-1.60901e-06
-3.03095e-10
-0.00171549
-1.58143e-06
-2.97993e-10
-0.00168609
-6.09432e-07
-3.16967e-10
-0.000669885
4.80649e-07
1.97654e-10
0.000512459
-3.22858e-07
-1.59797e-10
-0.000344226
-3.75006e-08
-6.24793e-11
-3.99824e-05
-5.83296e-07
-2.82291e-10
-0.0006219
-6.50677e-07
-2.33979e-10
-0.00069374
-1.06818e-07
-2.09997e-10
-0.000113887
-1.31787e-06
-2.54264e-10
-0.00150263
-8.7803e-07
-1.66262e-10
-0.000936139
1.02886e-06
1.97299e-10
0.00109695
-1.24052e-06
-2.33344e-10
-0.00132262
-9.3301e-07
-1.73676e-10
-0.000994763
-1.61899e-07
-2.80376e-11
-0.000172613
-1.97355e-06
-3.71644e-10
-0.00210416
-2.98399e-06
-5.60085e-10
-0.00318148
-1.51375e-06
-2.85248e-10
-0.00161393
-1.20747e-06
-2.2753e-10
-0.00128738
-2.67456e-06
-5.02111e-10
-0.00285157
-7.84972e-07
-5.41527e-10
-0.00106163
-6.79848e-07
-5.04059e-10
-0.000726084
-1.33771e-08
-8.87975e-11
-1.42624e-05
-1.03811e-06
-3.50318e-10
-0.00110682
-6.07343e-07
-4.07144e-10
-0.000647538
-8.47474e-07
-2.34031e-10
-0.000903562
-8.77577e-07
-4.09071e-10
-0.000935657
5.29841e-10
-2.60518e-11
5.64906e-07
-6.20483e-07
-3.27725e-10
-0.000661547
-1.80346e-06
-5.4516e-10
-0.00192282
-7.79683e-07
-5.97542e-10
-0.000831284
-2.22294e-06
-1.05473e-09
-0.00237006
-1.42426e-06
-8.05604e-10
-0.00151852
-1.5974e-06
-8.27193e-10
-0.00170311
-8.76024e-07
-4.31443e-10
-0.000934
-3.1188e-07
-1.24942e-09
-0.000425163
-6.42598e-08
-2.59782e-10
-6.85127e-05
-2.85292e-07
-9.6312e-10
-0.000304173
-3.55442e-07
-1.26612e-09
-0.000378966
-1.72881e-07
-5.79666e-10
-0.000184323
-5.70609e-07
-1.86925e-09
-0.000608386
-2.33002e-07
-8.0799e-10
-0.000248422
-1.31462e-09
-6.42221e-11
-1.40162e-06
-3.087e-07
-1.03568e-09
-0.000329131
-1.53723e-07
-5.80208e-10
-0.000163897
-2.57907e-07
-8.72079e-10
-0.000274976
-6.82223e-07
-1.65026e-08
-0.000727448
-1.01963e-06
-2.41342e-10
-0.0016835
-2.07953e-06
-3.91897e-10
-0.00224104
-3.2496e-08
-6.07103e-12
-3.46465e-05
-1.05721e-06
-1.99877e-10
-0.00115235
-5.25577e-07
-9.8982e-11
-0.000560361
-1.41833e-07
-2.27287e-11
-0.000151219
-1.34357e-06
-2.53079e-10
-0.00143249
-3.52562e-06
-6.61218e-10
-0.00375895
-3.94178e-06
-7.40684e-10
-0.00420265
-6.53314e-06
-1.22999e-09
-0.00696551
-9.32607e-07
-1.75746e-10
-0.000994329
-6.14572e-06
-1.15804e-09
-0.00655245
-1.05189e-06
-8.28811e-10
-0.00112151
-5.45484e-07
-3.9206e-10
-0.000581585
-8.70613e-07
-4.31136e-10
-0.000928232
-1.2587e-06
-8.35639e-10
-0.001342
-2.71397e-06
-2.10077e-09
-0.00289358
-6.85084e-07
-5.26879e-10
-0.000730424
-1.97544e-06
-6.34008e-09
-0.00210847
-4.47166e-07
-1.7051e-09
-0.00047676
-6.67931e-07
-2.47316e-09
-0.00203898
-5.056e-07
-1.81675e-09
-0.000539062
-4.0637e-07
-1.68211e-09
-0.000433264
-2.15889e-07
-9.63623e-10
-0.000230177
-4.1418e-07
-1.48541e-09
-0.000441591
-8.44579e-07
-3.14519e-09
-0.000900475
-1.14442e-07
-6.96531e-10
-0.000122016
-3.51525e-07
-1.22923e-09
-0.00037479
-3.90477e-07
-1.53762e-09
-0.000416319
-3.77696e-07
-1.4811e-09
-0.000402693
-6.01311e-07
-1.84014e-09
-0.000641107
-3.80062e-07
-1.4369e-09
-0.000405215
-3.6549e-06
-6.27812e-09
-0.00389678
-9.95574e-07
-1.51813e-08
-0.00111693
-7.42468e-07
-1.87432e-08
-0.000791606
-9.84331e-08
-3.25034e-09
-0.000104948
-5.98624e-07
-1.43117e-08
-0.000638242
-3.11828e-07
-7.77632e-09
-0.000332465
-2.18097e-07
-6.88497e-09
-0.000232531
-3.255e-07
-8.76229e-09
-0.000347042
-6.41814e-07
-1.75027e-08
-0.00068429
-7.32881e-07
-1.80746e-08
-0.000781384
-8.48784e-07
-1.3518e-08
-0.000904958
-1.35507e-06
-3.37856e-08
-0.00144475
-1.21814e-06
-2.9244e-08
-0.00129876
-1.38495e-06
-2.89605e-08
-0.00147661
-1.41334e-06
-3.08937e-08
-0.00150688
-7.46451e-07
-1.76089e-08
-0.000795852
-4.12116e-07
-2.96742e-10
-0.00272111
-1.5111e-06
-2.84587e-10
-0.00161111
-5.03833e-06
-9.46928e-10
-0.00537178
-1.95294e-06
-3.68043e-10
-0.00208219
-5.57548e-06
-1.04873e-09
-0.00594447
-2.07357e-06
-3.90697e-10
-0.0022108
-1.58917e-06
-7.06803e-10
-0.00170017
-1.64896e-06
-1.25667e-09
-0.00176101
-7.83424e-07
-4.53366e-10
-0.000835272
-3.01677e-07
-3.23745e-10
-0.000321643
-1.18861e-06
-9.13452e-10
-0.00126728
-1.83675e-06
-1.32126e-09
-0.00195836
-1.39548e-06
-1.06404e-09
-0.00148783
-9.65211e-07
-9.27836e-10
-0.00102909
-3.83833e-06
-1.92108e-09
-0.00409236
-1.33549e-06
-8.14417e-10
-0.00142388
-1.3201e-06
-3.05418e-09
-0.00148598
-4.24306e-07
-1.54405e-09
-0.000452387
-1.43165e-06
-6.24677e-09
-0.0015264
-1.06404e-06
-4.15138e-09
-0.00113519
-1.0701e-06
-3.14926e-09
-0.00114092
-6.92016e-07
-2.71932e-09
-0.000737815
-7.5955e-07
-3.35825e-09
-0.000809818
-8.01702e-07
-3.22221e-09
-0.00085476
-2.31408e-06
-9.67132e-09
-0.00246723
-3.29919e-06
-1.36712e-08
-0.00351753
-1.44017e-07
-5.59572e-09
-0.000153548
-1.24214e-06
-3.14413e-08
-0.00132901
-1.54898e-06
-4.34075e-08
-0.0016515
-1.2285e-06
-3.39473e-08
-0.00130981
-1.82759e-06
-4.46982e-08
-0.00194855
-1.66748e-06
-2.65907e-08
-0.00177783
-7.70821e-07
-2.13655e-08
-0.000821835
-1.68761e-06
-4.59347e-08
-0.0017993
-1.31311e-06
-4.09645e-08
-0.00140002
-3.64556e-06
-9.64113e-08
-0.00388683
-3.04159e-06
-8.48792e-08
-0.00324289
-2.50539e-06
-6.98385e-08
-0.0026712
-4.48699e-06
-1.24982e-07
-0.00478394
-1.53439e-06
-4.36468e-08
-0.00163594
-1.66365e-06
-3.13476e-10
-0.00179472
-9.73457e-07
-1.83126e-10
-0.00103788
-7.24725e-07
-1.36208e-10
-0.000773119
-3.34175e-06
-6.27956e-10
-0.00356292
-3.93162e-06
-7.41081e-10
-0.00419182
-6.59956e-07
-1.07664e-09
-0.00112536
-1.30946e-06
-1.39504e-09
-0.00139613
-8.66408e-07
-6.23429e-10
-0.000923824
-7.39627e-07
-5.34959e-10
-0.000788577
-2.22101e-06
-1.74808e-09
-0.00236995
-1.14343e-06
-1.01208e-09
-0.0012191
-6.13984e-07
-5.57617e-10
-0.000654618
-1.31423e-06
-5.94695e-10
-0.00140121
-1.8151e-06
-1.05963e-09
-0.00193522
-2.60129e-06
-1.66695e-09
-0.00277345
-1.6334e-06
-8.63028e-10
-0.0017415
-6.79936e-07
-2.51131e-09
-0.000724958
-8.47548e-07
-3.50938e-09
-0.00090364
-1.52879e-07
-6.77947e-10
-0.000162997
-6.1428e-07
-2.47861e-09
-0.000654934
-1.32159e-06
-3.39623e-09
-0.00140906
-1.92481e-06
-5.36609e-09
-0.0020522
-1.83978e-06
-7.91947e-09
-0.00196154
-4.48973e-07
-2.06766e-09
-0.000478686
-2.3452e-06
-1.00802e-08
-0.00250041
-1.27841e-06
-5.20138e-09
-0.00136302
-2.74103e-06
-5.39734e-09
-0.00292244
-8.95777e-07
-2.58703e-09
-0.000955061
-2.00062e-06
-5.87903e-08
-0.00213834
-8.9989e-07
-1.40719e-08
-0.000959446
-8.20997e-07
-2.29769e-08
-0.000875332
-2.6734e-06
-5.31217e-08
-0.00285034
-1.2896e-06
-3.91057e-08
-0.00137495
-4.5067e-07
-1.492e-08
-0.000480496
-2.38039e-06
-6.54983e-08
-0.00253793
-1.53467e-06
-3.49519e-08
-0.00163624
-2.72751e-06
-7.14329e-08
-0.00290802
-3.0952e-06
-8.60551e-08
-0.00330004
-2.52431e-06
-5.1668e-10
-0.00325096
-1.15185e-06
-2.16258e-10
-0.00123135
-2.04957e-06
-3.84829e-10
-0.00219104
-1.21961e-06
-2.29199e-10
-0.00130033
-2.02327e-06
-3.80953e-10
-0.00215717
-3.16833e-06
-5.94512e-10
-0.00337806
-3.22134e-07
-6.06299e-11
-0.000343454
-6.05587e-06
-1.13985e-09
-0.00645666
-1.0643e-06
-2.00667e-10
-0.00113474
-5.52103e-07
-3.13234e-10
-0.000588643
-2.19785e-06
-1.73552e-09
-0.00238196
-1.80117e-06
-9.44204e-10
-0.00192038
-3.48191e-07
-3.55465e-10
-0.000371234
-1.07295e-06
-8.35637e-10
-0.00114396
-1.06919e-06
-5.39459e-10
-0.00113995
-8.86369e-08
-2.73147e-10
-9.45031e-05
-1.30977e-06
-1.05046e-09
-0.00139645
-3.52266e-06
-1.52677e-09
-0.0037558
-1.35117e-06
-8.88163e-10
-0.00144059
-2.73449e-06
-1.58095e-09
-0.00291546
-8.94322e-07
-3.54058e-09
-0.000954681
7.18307e-08
1.11563e-10
7.65846e-05
-9.33195e-07
-2.53645e-09
-0.000994956
-9.77271e-07
-3.82201e-09
-0.00104195
-1.21117e-06
-5.39243e-09
-0.00129133
-8.51953e-07
-3.41986e-09
-0.000908337
-1.42482e-06
-5.26076e-09
-0.00151911
-2.35108e-06
-9.69814e-09
-0.00250668
-5.27478e-07
-1.31221e-09
-0.000562388
-2.79555e-06
-8.03257e-08
-0.00298058
-1.76541e-06
-3.99451e-08
-0.00188225
-1.32293e-06
-3.51686e-08
-0.00141048
-1.59103e-06
-3.39303e-08
-0.00169632
-1.98243e-06
-5.11378e-08
-0.00211363
-3.50527e-06
-1.02881e-07
-0.00373726
-1.77414e-06
-4.75487e-08
-0.00189154
-5.30361e-06
-1.43954e-07
-0.00565461
-6.25121e-06
-1.78199e-07
-0.00666493
-1.13813e-06
-2.13856e-10
-0.00121344
-9.98079e-07
-2.1764e-10
-0.00144804
-1.71781e-06
-3.23113e-10
-0.0018315
5.07882e-08
9.53601e-12
5.41494e-05
-4.30398e-07
-8.08931e-11
-0.000458883
-9.02338e-07
-1.69971e-10
-0.000962056
-3.98707e-06
-7.50899e-10
-0.00425094
-5.10686e-06
-9.62179e-10
-0.00544484
-1.00231e-06
-1.88099e-10
-0.00106864
-2.98587e-07
-3.38502e-10
-0.000318349
-1.0813e-06
-1.43387e-09
-0.00115657
7.27027e-07
4.23404e-10
0.000775143
3.52699e-07
5.73405e-11
0.000376041
-2.8285e-06
-1.64566e-09
-0.0030157
-2.26438e-06
-2.04436e-09
-0.00241424
-8.73755e-07
-7.27619e-10
-0.000931582
-1.94183e-07
-4.32163e-10
-0.000207035
-2.73548e-06
-1.60339e-09
-0.00291652
-1.89131e-06
-1.88656e-09
-0.00201648
-3.14174e-06
-1.62635e-09
-0.00334967
-7.09788e-07
-1.50782e-09
-0.000756789
8.17153e-07
1.25145e-09
0.000871234
-1.92214e-06
-8.31116e-09
-0.0020824
-1.97642e-06
-6.28412e-09
-0.00210722
-1.95049e-06
-8.54236e-09
-0.00207958
-5.61705e-07
-2.23612e-09
-0.000598879
-1.40752e-07
-8.64943e-10
-0.000150067
-1.06312e-06
-3.80499e-09
-0.00113348
-1.35858e-06
-3.49584e-09
-0.0014485
-1.62479e-06
-4.60053e-09
-0.00173232
-2.58074e-06
-7.76874e-09
-0.00275154
-1.08309e-06
-3.09878e-08
-0.00115477
7.75934e-08
-4.78319e-09
8.27287e-05
-2.37331e-06
-4.95909e-08
-0.00253038
-1.49103e-06
-4.39828e-08
-0.00158971
-1.69641e-06
-4.36023e-08
-0.00180868
-4.35744e-06
-1.1537e-07
-0.00464582
-9.21478e-07
-2.88844e-08
-0.000982463
-3.27788e-06
-7.86655e-08
-0.00349482
-1.4428e-06
-3.72565e-08
-0.00153828
-1.91012e-06
-5.85618e-08
-0.00203653
-3.47403e-06
-9.80613e-08
-0.00370395
-2.61103e-06
-7.45282e-08
-0.00278383
-7.96741e-07
-1.49737e-10
-0.000849471
-8.85962e-07
-1.66665e-10
-0.000944597
-1.30438e-06
-2.45007e-10
-0.00139241
-4.06849e-07
-7.65131e-11
-0.000433775
-1.14303e-07
-1.77128e-11
-0.000121868
-1.53785e-06
-5.32998e-10
-0.00230217
-1.20706e-06
-1.13371e-09
-0.00128694
-2.37793e-06
-9.56712e-10
-0.00253568
-5.43284e-08
-4.71504e-11
-5.7924e-05
-4.60902e-06
-2.41849e-09
-0.00491405
-3.9984e-07
-1.90144e-09
-0.000426303
7.42178e-08
1.05632e-10
7.91296e-05
-2.76349e-06
-1.21537e-08
-0.00294638
-1.38305e-06
-6.56319e-09
-0.00147459
-1.79461e-06
-6.94157e-09
-0.00191338
-4.49136e-07
-1.81408e-09
-0.00047886
-2.30039e-06
-1.1146e-08
-0.00245263
-3.75516e-06
-1.21003e-08
-0.00400368
-3.47042e-07
-8.54179e-09
-0.00037001
-9.36133e-08
-3.09117e-09
-9.98088e-05
-2.61815e-06
-6.29213e-08
-0.00279184
-2.36836e-06
-5.85918e-08
-0.0025251
-2.98094e-06
-6.87369e-08
-0.00317861
-2.31289e-06
-5.42683e-08
-0.00246597
-5.16723e-07
-1.58368e-08
-0.00055092
-1.37875e-06
-4.07248e-08
-0.00147
-1.46946e-06
-2.9982e-08
-0.00156671
-1.55711e-06
-4.80578e-08
-0.00166016
-2.06407e-06
-4.78461e-08
-0.00220067
-1.7627e-06
-5.42742e-08
-0.00187935
-3.15515e-06
-5.94928e-08
-0.00336396
-4.55389e-06
-1.35704e-07
-0.00485528
-7.16043e-06
-2.09085e-07
-0.00763432
5.32898e-07
1.00245e-10
0.000568167
-1.00248e-06
-1.88674e-10
-0.00106882
-3.28856e-07
-4.72059e-09
-0.000350555
5.97833e-07
2.95596e-10
0.000637399
-7.9193e-07
-6.63147e-10
-0.000844343
-1.93016e-06
-1.64194e-09
-0.00205791
-2.72571e-06
-1.1368e-09
-0.00290611
-3.58752e-08
-7.56717e-10
-3.82495e-05
-3.76764e-07
-1.74156e-09
-0.000401699
-1.851e-06
-2.3571e-09
-0.0019735
-2.00636e-06
-5.91793e-08
-0.00213916
-1.00036e-06
-2.20488e-08
-0.00106656
-6.6034e-07
-1.74052e-08
-0.000704042
-2.24666e-06
-7.2711e-08
-0.00239535
-1.44156e-06
-2.70568e-10
-0.00153721
-1.44512e-06
-2.71265e-10
-0.00154097
-1.09409e-06
-2.00315e-10
-0.0011665
-3.54498e-06
-6.62107e-10
-0.0037796
-1.32709e-06
-1.39238e-09
-0.00141497
-9.67731e-07
-3.00231e-09
-0.00103178
-4.98698e-07
-2.23921e-09
-0.000531703
-6.71211e-07
-1.22277e-08
-0.000715633
-2.11579e-06
-3.96394e-10
-0.00225582
