-2.83378e-13
0.00158889
-2.52109e-28
-5.30523e-13
0.0030617
7.64805e-29
-5.30523e-13
0.0030617
8.60962e-29
-5.30523e-13
0.0030617
3.57524e-28
-5.30523e-13
0.0030617
5.30398e-28
-2.84998e-13
0.00159854
9.79516e-29
-5.30523e-13
0.0030617
4.10581e-28
-2.83378e-13
0.00158889
5.57265e-28
-5.30523e-13
0.0030617
-2.1491e-29
-5.30523e-13
0.0030617
-1.41445e-28
-2.83378e-13
0.00158889
5.41912e-29
-2.83378e-13
0.00158889
4.01022e-28
-3.05476e-13
0.00172058
1.72736e-28
-3.05476e-13
0.00172058
5.37155e-28
-5.30523e-13
0.0030617
-4.93031e-28
-2.83378e-13
0.00158889
2.61355e-29
-5.30523e-13
0.0030617
4.54468e-28
1.91465e-05
-83752.9
8.89301e-06
-2.13232e-13
0.000767355
3.01174e-28
-2.13232e-13
0.000767355
4.60225e-29
-2.13232e-13
0.000767355
-3.98783e-28
-2.13232e-13
0.000767355
-2.79896e-29
-2.13232e-13
0.000767355
-3.00375e-28
-2.12005e-13
0.000729063
-3.40572e-28
1.90658e-05
-109330
2.39921e-05
-2.87044e-13
0.00161074
8.05072e-29
-2.87044e-13
0.00161074
1.99359e-28
-3.05476e-13
0.00172058
7.7261e-29
-2.84998e-13
0.00159854
5.14889e-28
-5.30523e-13
0.0030617
-4.3532e-29
-2.84998e-13
0.00159854
1.60756e-28
-2.84998e-13
0.00159854
5.51136e-28
-5.30523e-13
0.0030617
-6.30138e-29
-2.84998e-13
0.00159854
4.89759e-28
-5.30523e-13
0.0030617
1.34984e-28
-2.84998e-13
0.00159854
7.58119e-28
-2.12005e-13
0.000729063
-1.95365e-29
-2.12005e-13
0.000729063
-2.57909e-28
-2.13232e-13
0.000767355
3.92382e-28
-2.12005e-13
0.000729063
-3.01756e-28
-2.13232e-13
0.000767355
5.02441e-29
-2.12005e-13
0.000729063
-7.34136e-29
-2.12005e-13
0.000729063
1.88737e-28
-2.12005e-13
0.000729063
4.02776e-29
-2.12005e-13
0.000729063
-1.71598e-28
-2.12005e-13
0.000729063
-1.91221e-28
-3.68265e-14
-0.00107769
-5.5543e-29
-5.03174e-13
0.000429886
3.55654e-29
-4.63806e-13
0.000311263
9.70014e-31
-4.63806e-13
0.000311263
4.10852e-29
-4.63806e-13
0.000311263
-1.81419e-28
-4.63806e-13
0.000311263
-1.76944e-28
-5.03174e-13
0.000429886
-1.87752e-28
-5.03174e-13
0.000429886
-2.49852e-28
-5.03174e-13
0.000429886
-6.6098e-29
-4.63806e-13
0.000311263
-1.17378e-28
-4.63806e-13
0.000311263
-5.47025e-29
-5.03174e-13
0.000429886
1.36035e-28
3.00111e-06
-10292.2
4.85772e-22
1.33486e-12
-0.00335266
-6.44232e-29
1.33486e-12
-0.00335266
-3.40482e-29
1.02104e-12
-0.00227641
-2.9186e-29
-2.87044e-13
0.00161074
-5.5808e-29
-2.87044e-13
0.00161074
1.08877e-28
-2.87044e-13
0.00161074
-2.34333e-28
-5.30523e-13
0.0030617
1.90042e-29
-2.87044e-13
0.00161074
-5.95314e-29
-5.30523e-13
0.0030617
-4.96559e-28
-5.30523e-13
0.0030617
3.29454e-28
-2.87044e-13
0.00161074
-5.95314e-29
-2.87044e-13
0.00161074
1.81401e-28
-2.87044e-13
0.00161074
2.58422e-29
-5.30523e-13
0.0030617
1.4055e-27
-5.30523e-13
0.0030617
-4.88998e-28
-2.83378e-13
0.00158889
1.45066e-28
-2.87044e-13
0.00161074
2.63101e-28
-2.93666e-13
0.00135304
3.83209e-28
-5.09536e-13
0.00258378
-4.30583e-28
-2.66561e-13
0.00120419
-1.64573e-28
-5.09536e-13
0.00258378
-8.25288e-28
-2.12005e-13
0.000729063
2.62252e-28
-2.12005e-13
0.000729063
-2.93983e-28
-2.13232e-13
0.000767355
-2.30047e-28
-5.23778e-07
16351.3
-1.83862e-22
-2.12005e-13
0.000729063
-1.8808e-28
-5.09536e-13
0.00258378
1.03719e-28
2.75454e-06
-12306.6
4.80321e-15
-4.63806e-13
0.000311263
-9.11727e-29
-3.01884e-13
1.75493e-05
9.29702e-30
-5.03174e-13
0.000429886
-1.36391e-28
-3.68265e-14
-0.00107769
-6.09838e-30
-5.03174e-13
0.000429886
-1.45574e-28
-5.03174e-13
0.000429886
2.16436e-28
1.33486e-12
-0.00335266
-1.8154e-28
1.27433e-12
-0.00314511
-8.39919e-29
1.02104e-12
-0.00227641
2.66371e-29
1.05156e-12
-0.00238111
-2.41513e-28
9.95657e-13
-0.00218938
1.7096e-28
1.05156e-12
-0.00238111
-5.18911e-29
1.33486e-12
-0.00335266
-3.88859e-29
1.33486e-12
-0.00335266
1.9242e-28
1.02104e-12
-0.00227641
-2.05725e-28
1.02104e-12
-0.00227641
8.30926e-29
1.31724e-05
124404
1.92917e-22
1.33486e-12
-0.00335266
2.76948e-29
1.33486e-12
-0.00335266
-5.29775e-29
1.02104e-12
-0.00227641
1.93743e-28
-5.30523e-13
0.0030617
2.15048e-29
-5.77847e-13
0.00334371
7.47615e-28
-2.87044e-13
0.00161074
-7.46062e-29
-5.77847e-13
0.00334371
2.45465e-29
-2.87044e-13
0.00161074
2.27284e-28
-2.87044e-13
0.00161074
-8.33379e-29
-2.84998e-13
0.00159854
1.95775e-28
-5.30523e-13
0.0030617
1.13138e-28
-2.87044e-13
0.00161074
2.17605e-28
-5.77847e-13
0.00334371
-3.9313e-28
-3.05476e-13
0.00172058
-8.05295e-28
-2.66561e-13
0.00120419
4.69757e-28
-5.09536e-13
0.00258378
-1.33457e-27
-2.12005e-13
0.000729063
1.95565e-28
-2.68551e-13
0.0012151
3.1986e-28
-5.09536e-13
0.00258378
-1.63971e-27
-5.09536e-13
0.00258378
-2.16491e-28
-5.6972e-13
0.00286904
2.72132e-28
-2.12005e-13
0.000729063
7.18049e-29
-2.93666e-13
0.00135304
1.95226e-28
-2.66561e-13
0.00120419
9.42091e-28
-2.12005e-13
0.000729063
3.15669e-28
-5.03174e-13
0.000429886
-1.00136e-28
-5.03174e-13
0.000429886
-1.10342e-28
-5.03174e-13
0.000429886
2.84924e-29
-5.03174e-13
0.000429886
-7.3981e-29
-2.73827e-13
-0.000107637
-7.62444e-29
-4.63806e-13
0.000311263
-5.06009e-29
-1.34622e-14
-0.00126934
4.40328e-30
-3.68265e-14
-0.00107769
-1.41454e-28
-3.01884e-13
1.75493e-05
-5.06462e-29
-5.03174e-13
0.000429886
7.98829e-29
-1.34622e-14
-0.00126934
-5.83321e-29
-5.03174e-13
0.000429886
1.11548e-28
-3.01884e-13
1.75493e-05
-9.69438e-29
9.95657e-13
-0.00218938
-1.22954e-28
1.27433e-12
-0.00314511
2.09947e-29
1.02104e-12
-0.00227641
-2.1862e-29
1.02104e-12
-0.00227641
3.27786e-30
1.27433e-12
-0.00314511
3.04004e-29
1.33486e-12
-0.00335266
2.11194e-29
9.95657e-13
-0.00218938
-1.63553e-31
1.27433e-12
-0.00314511
-7.15865e-29
9.95657e-13
-0.00218938
-6.40591e-29
1.27433e-12
-0.00314511
-1.20118e-28
1.27433e-12
-0.00314511
-1.00675e-28
-2.87044e-13
0.00161074
3.73665e-28
-5.77847e-13
0.00334371
-4.97594e-28
-2.87044e-13
0.00161074
4.82006e-28
-5.77847e-13
0.00334371
3.07548e-29
-5.77847e-13
0.00334371
1.72054e-28
-5.30523e-13
0.0030617
6.23505e-28
-2.87044e-13
0.00161074
2.86907e-28
-2.83378e-13
0.00158889
1.67986e-28
-2.87044e-13
0.00161074
2.80564e-28
-5.6972e-13
0.00286904
2.13932e-27
-5.6972e-13
0.00286904
1.96474e-27
-5.6972e-13
0.00286904
-7.30322e-28
-5.6972e-13
0.00286904
-1.75504e-28
-2.37121e-13
0.00105269
-3.52731e-28
-5.09536e-13
0.00258378
2.18138e-29
-2.68551e-13
0.0012151
1.90582e-28
-2.66561e-13
0.00120419
7.14865e-28
-5.09536e-13
0.00258378
1.53808e-28
-2.68551e-13
0.0012151
1.62563e-28
-2.93666e-13
0.00135304
4.06669e-28
-2.13232e-13
0.000767355
4.67377e-28
-1.34622e-14
-0.00126934
5.83666e-29
-3.68265e-14
-0.00107769
-1.60987e-28
-5.03174e-13
0.000429886
2.41126e-28
-3.68265e-14
-0.00107769
-7.80382e-29
-1.34622e-14
-0.00126934
-5.06362e-29
-3.6114e-13
0.000305978
-9.26982e-29
1.27433e-12
-0.00314511
-1.92036e-29
1.27433e-12
-0.00314511
5.66006e-29
1.02104e-12
-0.00227641
3.81796e-29
1.33486e-12
-0.00335266
-7.80855e-30
1.33486e-12
-0.00335266
1.74441e-28
9.95657e-13
-0.00218938
-1.5989e-29
1.27433e-12
-0.00314511
1.94949e-29
1.02104e-12
-0.00227641
-4.04618e-30
1.27433e-12
-0.00314511
-1.29763e-28
1.33486e-12
-0.00335266
-6.99633e-29
9.95657e-13
-0.00218938
5.33441e-29
1.33486e-12
-0.00335266
-9.50389e-30
-5.77847e-13
0.00334371
1.17463e-28
-2.87044e-13
0.00161074
1.35072e-28
-2.87044e-13
0.00161074
4.45744e-28
-2.87044e-13
0.00161074
1.48859e-29
-2.83378e-13
0.00158889
3.28795e-28
-5.77847e-13
0.00334371
3.06064e-28
-2.87044e-13
0.00161074
-1.21429e-28
-5.6972e-13
0.00286904
-2.19811e-28
-2.66561e-13
0.00120419
3.03036e-28
-2.93666e-13
0.00135304
2.18308e-29
-2.12005e-13
0.000729063
-3.08168e-28
-5.6972e-13
0.00286904
6.8205e-28
-5.6972e-13
0.00286904
9.03783e-29
-3.68265e-14
-0.00107769
-5.48287e-29
-4.63806e-13
0.000311263
-4.81974e-29
-5.03174e-13
0.000429886
-1.6331e-28
-5.03174e-13
0.000429886
-1.5401e-28
-1.34622e-14
-0.00126934
-3.89666e-29
-1.34622e-14
-0.00126934
-4.88148e-29
-3.01884e-13
1.75493e-05
-9.46354e-29
-3.25208e-13
0.000121617
-3.91029e-29
-3.6114e-13
0.000305978
1.48071e-28
-3.68265e-14
-0.00107769
-4.5227e-29
1.36924e-12
-0.00347061
7.73112e-29
1.27433e-12
-0.00314511
1.82172e-29
1.27433e-12
-0.00314511
-7.7252e-29
1.36924e-12
-0.00347061
9.04652e-29
1.02104e-12
-0.00227641
-8.65824e-30
1.36924e-12
-0.00347061
-1.18657e-28
1.33486e-12
-0.00335266
1.02494e-28
9.92353e-13
-0.00217808
-8.56062e-29
1.33486e-12
-0.00335266
9.5961e-29
1.27433e-12
-0.00314511
-1.86626e-28
1.27433e-12
-0.00314511
1.14773e-29
1.27433e-12
-0.00314511
-1.55204e-28
1.33486e-12
-0.00335266
2.11194e-29
-2.84998e-13
0.00159854
1.98034e-28
-2.87044e-13
0.00161074
2.52137e-28
-2.87044e-13
0.00161074
1.25394e-28
-2.87044e-13
0.00161074
1.81401e-28
-5.6972e-13
0.00286904
8.91532e-28
-5.6972e-13
0.00286904
-1.41888e-28
-5.6972e-13
0.00286904
9.86907e-28
-2.66561e-13
0.00120419
3.68327e-29
-2.66561e-13
0.00120419
2.2714e-29
-2.68551e-13
0.0012151
7.15419e-29
-5.6972e-13
0.00286904
-1.27528e-28
-5.6972e-13
0.00286904
-7.22313e-28
-2.66561e-13
0.00120419
-4.74083e-29
-5.03174e-13
0.000429886
-1.00044e-29
-3.01884e-13
1.75493e-05
2.16548e-29
-3.01884e-13
1.75493e-05
1.12354e-28
-5.03174e-13
0.000429886
-3.42569e-29
-3.01884e-13
1.75493e-05
-9.34493e-29
-1.34622e-14
-0.00126934
3.81722e-29
-3.25208e-13
0.000121617
3.49644e-29
-3.6114e-13
0.000305978
-8.0538e-29
-1.34622e-14
-0.00126934
-1.05839e-28
-1.34622e-14
-0.00126934
-5.2043e-29
-1.34622e-14
-0.00126934
-8.6888e-29
1.36924e-12
-0.00347061
-1.01126e-28
1.36924e-12
-0.00347061
1.03421e-28
1.27433e-12
-0.00314511
-9.54347e-29
1.27433e-12
-0.00314511
9.64839e-29
1.27433e-12
-0.00314511
-5.57722e-29
1.33486e-12
-0.00335266
-1.1228e-28
1.27433e-12
-0.00314511
5.82109e-29
1.36924e-12
-0.00347061
-8.50911e-29
9.95657e-13
-0.00218938
-1.44217e-28
9.92353e-13
-0.00217808
-5.21763e-29
1.36924e-12
-0.00347061
1.07062e-28
-3.05041e-13
0.00171798
4.34588e-29
-5.6972e-13
0.00286904
1.87302e-28
-5.6972e-13
0.00286904
3.07583e-28
-2.68551e-13
0.0012151
2.11601e-28
-5.6972e-13
0.00286904
2.58905e-28
-5.6972e-13
0.00286904
3.69055e-28
-5.6972e-13
0.00286904
3.20377e-28
-3.68265e-14
-0.00107769
-1.50277e-28
-3.6114e-13
0.000305978
8.54596e-29
-3.68265e-14
-0.00107769
6.00996e-29
-1.34622e-14
-0.00126934
-1.96951e-30
-4.63806e-13
0.000311263
3.52702e-29
-3.25208e-13
0.000121617
-8.7676e-29
-1.34622e-14
-0.00126934
-2.5145e-29
-9.97277e-06
81840.4
-1.2711e-20
-3.25208e-13
0.000121617
1.05989e-29
-3.25208e-13
0.000121617
-3.56648e-29
-1.34622e-14
-0.00126934
-3.30045e-29
1.27433e-12
-0.00314511
-2.92582e-29
1.27433e-12
-0.00314511
-4.90336e-29
1.27433e-12
-0.00314511
-8.39919e-29
9.95657e-13
-0.00218938
-2.38014e-28
9.92353e-13
-0.00217808
6.04357e-29
-2.84998e-13
0.00159854
4.10684e-28
-1.34622e-14
-0.00126934
5.55529e-29
-3.25208e-13
0.000121617
6.24288e-29
-1.34622e-14
-0.00126934
-3.74761e-29
-2.73827e-13
-0.000107637
-4.20418e-29
-3.25208e-13
0.000121617
-4.64538e-29
-3.01884e-13
1.75493e-05
-9.38276e-29
-5.03174e-13
0.000429886
-6.80987e-29
-3.25208e-13
0.000121617
1.10579e-28
-1.34622e-14
-0.00126934
4.37997e-29
1.36924e-12
-0.00347061
1.34083e-28
9.92353e-13
-0.00217808
-5.77076e-29
1.27433e-12
-0.00314511
-7.85473e-29
1.27433e-12
-0.00314511
1.53032e-28
1.27433e-12
-0.00314511
-2.16661e-29
1.27433e-12
-0.00314511
-4.90336e-29
-2.84998e-13
0.00159854
-2.01721e-28
-2.68551e-13
0.0012151
-1.35229e-28
-2.37121e-13
0.00105269
-5.74358e-28
-3.01884e-13
1.75493e-05
-4.29735e-29
-3.01884e-13
1.75493e-05
4.0436e-29
1.27433e-12
-0.00314511
1.5057e-28
1.27433e-12
-0.00314511
-7.15865e-29
-3.05041e-13
0.00171798
-1.36266e-28
-5.09536e-13
0.00258378
-2.66387e-28
-5.09536e-13
0.00258378
-1.20936e-27
-2.68551e-13
0.0012151
1.6248e-28
1.36924e-12
-0.00347061
-3.32183e-29
1.27433e-12
-0.00314511
-1.57223e-28
1.27433e-12
-0.00314511
5.01758e-29
-5.77847e-13
0.00334371
1.15206e-28
-2.87044e-13
0.00161074
6.45426e-29
-5.77847e-13
0.00334371
1.91428e-28
-2.68551e-13
0.0012151
-1.32678e-28
-2.68551e-13
0.0012151
1.68731e-28
-5.6972e-13
0.00286904
2.61154e-28
-2.68551e-13
0.0012151
4.5811e-28
-5.6972e-13
0.00286904
-4.69225e-28
