3.95859e-09
7.66761e-13
3.66508e-06
4.32655e-08
8.12434e-12
4.61289e-05
4.72543e-09
8.84859e-13
5.03799e-06
-4.21043e-08
-4.14342e-11
-4.48908e-05
-2.15463e-08
-1.56797e-11
-2.29722e-05
-3.23167e-10
-6.07846e-14
-3.44551e-07
-2.60031e-08
-4.88042e-12
-2.77241e-05
-1.67984e-08
-3.15418e-12
-1.79101e-05
-1.99943e-08
-3.75433e-12
-2.13175e-05
-7.62143e-09
-1.43291e-12
-8.12583e-06
-1.67741e-08
-2.31017e-11
-1.78842e-05
1.88628e-09
3.88593e-13
2.01112e-06
1.0273e-09
1.40252e-12
1.10287e-06
2.37728e-09
1.26157e-12
2.53461e-06
-3.77088e-09
-1.30394e-11
-4.02045e-06
-2.13864e-08
-2.27764e-11
-2.28018e-05
1.29189e-09
-3.62787e-13
1.37739e-06
-2.81425e-09
-2.83737e-12
-3.0005e-06
-3.12408e-08
-1.23525e-11
-3.33083e-05
-6.83147e-09
1.66134e-12
-7.28359e-06
-1.31024e-09
3.16511e-12
-1.39695e-06
2.82315e-09
-6.18145e-12
3.01e-06
4.82284e-08
9.05222e-12
5.14203e-05
-6.70854e-08
-2.81301e-11
-7.15252e-05
1.80701e-08
3.40271e-12
1.96964e-05
7.6883e-09
1.43964e-12
8.19718e-06
-1.69578e-07
-3.18966e-11
-0.000180801
-3.74134e-09
-7.0213e-13
-3.98894e-06
-4.26057e-08
-8.00355e-12
-4.54254e-05
-4.50522e-08
-8.46637e-12
-4.80338e-05
-2.1468e-08
-4.02968e-12
-2.28888e-05
1.78813e-08
3.3577e-12
1.90647e-05
4.31164e-09
8.12546e-13
4.59699e-06
-9.92732e-09
-1.86596e-12
-1.05843e-05
-4.40549e-08
-6.10504e-12
-4.69705e-05
3.45174e-09
1.69972e-12
3.68032e-06
-4.84373e-08
-5.05222e-11
-5.16429e-05
-4.83836e-09
-1.5626e-12
-5.15857e-06
-4.92685e-08
-1.86484e-11
-5.25292e-05
-6.05411e-09
-6.44858e-12
-6.45478e-06
-1.47483e-09
-7.56879e-13
-1.57243e-06
4.52051e-08
4.8112e-11
4.81969e-05
1.38923e-09
2.49712e-12
1.51788e-06
3.31132e-09
1.02619e-11
3.53047e-06
-8.14365e-09
-1.45603e-11
-8.68261e-06
1.1386e-08
-3.80072e-11
1.21395e-05
2.9374e-09
9.95115e-12
3.1318e-06
-2.38543e-08
-7.35703e-11
-2.5433e-05
-4.86252e-09
-3.61569e-11
-5.18433e-06
-1.96439e-08
-4.24605e-11
-2.0944e-05
3.17882e-09
-3.93104e-11
3.3892e-06
-1.31042e-08
-4.53742e-11
-1.39715e-05
1.13217e-09
-1.39865e-11
1.2071e-06
-1.10748e-09
1.37093e-12
-1.18081e-06
3.2588e-09
1.50507e-11
3.47448e-06
3.67408e-09
8.58229e-11
3.91723e-06
-2.60419e-08
-7.59639e-10
-2.77654e-05
-1.8408e-08
-4.77073e-10
-1.96263e-05
2.1243e-09
3.97937e-13
2.26497e-06
9.8098e-09
-2.05466e-11
1.0459e-05
3.09925e-09
5.80989e-13
3.30423e-06
-4.49112e-08
-1.3713e-11
-4.78835e-05
-5.67188e-09
-1.06427e-12
-6.04725e-06
-5.58345e-09
-1.04904e-12
-5.95297e-06
1.05194e-10
8.26816e-13
-3.99769e-08
-2.88324e-08
-3.06886e-11
-3.07406e-05
6.19359e-09
-1.01337e-12
6.60349e-06
8.20782e-08
3.95622e-13
8.75102e-05
-4.57379e-09
-2.69973e-11
-4.87649e-06
-1.04827e-08
1.43199e-12
-1.11764e-05
-7.806e-09
-8.30769e-12
-8.32262e-06
-5.44761e-09
-2.08524e-12
-5.80814e-06
-8.86563e-09
-9.43585e-12
-9.45237e-06
-1.36264e-09
-2.17474e-12
-1.45282e-06
9.82336e-09
4.34495e-11
1.04739e-05
6.77382e-09
2.36224e-11
7.22212e-06
-1.97616e-08
-6.73846e-11
-2.10694e-05
-4.64518e-08
-8.21726e-11
-4.9526e-05
-4.45932e-09
-4.67355e-12
-4.75445e-06
-2.62305e-09
-1.65404e-12
-2.79664e-06
-1.98914e-09
5.75683e-12
-2.12078e-06
-1.73645e-09
-8.32547e-12
-2.04281e-06
5.45637e-09
2.18276e-11
5.81748e-06
1.34899e-08
2.79298e-10
1.43849e-05
-8.77336e-08
-1.95677e-09
-9.354e-05
-6.55687e-09
-1.95956e-10
-6.99082e-06
-2.36859e-08
-7.99996e-10
-2.52535e-05
3.73376e-09
8.91935e-11
3.98087e-06
-1.7801e-08
-1.10498e-09
-1.89791e-05
8.14865e-10
2.17091e-11
8.68794e-07
-3.58856e-08
-8.60477e-10
-3.82606e-05
-5.23588e-09
-2.01388e-10
-5.5824e-06
-2.45729e-08
-5.56985e-10
-2.61991e-05
-9.34345e-09
-2.6426e-10
-9.96182e-06
-5.87597e-09
-2.94395e-10
-6.26485e-06
2.69419e-10
8.87013e-11
2.8725e-07
1.5974e-08
3.00783e-12
1.74146e-05
1.69049e-09
3.14877e-13
1.80243e-06
-7.73783e-08
4.24212e-11
-8.24993e-05
-1.80099e-07
-1.20752e-10
-0.000192018
-1.28463e-08
-2.40981e-12
-1.36965e-05
-1.97987e-07
-3.72846e-11
-0.00021109
-1.8795e-08
-3.53088e-12
-2.00389e-05
-3.51052e-09
-6.59211e-13
-3.74286e-06
-1.28056e-08
-2.40652e-12
-1.3653e-05
4.27505e-09
6.2087e-12
4.55799e-06
1.70157e-08
1.82876e-11
1.81419e-05
-1.47218e-08
-1.56743e-11
-1.56961e-05
4.01054e-09
1.84301e-12
4.27596e-06
-3.53379e-08
-1.5603e-11
-3.76767e-05
-5.16206e-10
-8.36678e-12
-5.5037e-07
-3.07113e-08
-1.42486e-11
-3.27438e-05
-7.50385e-08
-2.01811e-11
-8.00047e-05
4.18137e-08
1.03603e-11
4.4581e-05
-9.37182e-09
-9.98147e-12
-9.99206e-06
1.20324e-08
1.0218e-11
1.28287e-05
-5.84022e-08
-2.23741e-10
-6.22673e-05
-2.67666e-08
-1.94916e-10
-2.85381e-05
6.90384e-09
2.93129e-11
7.36074e-06
-7.4482e-08
-3.4339e-10
-7.94113e-05
-8.95628e-09
-4.40741e-11
-9.54903e-06
-3.28161e-08
-1.50009e-10
-3.49879e-05
5.8386e-09
2.59459e-11
6.22501e-06
2.78329e-09
6.37321e-11
2.9675e-06
-4.0254e-08
-2.04754e-09
-4.29181e-05
-8.58725e-08
-2.30102e-09
-9.15557e-05
-2.33513e-08
-6.34304e-10
-2.48968e-05
5.80845e-09
1.76801e-10
6.19287e-06
-1.38843e-08
-4.05659e-10
-1.48032e-05
-6.62323e-08
-1.55685e-09
-7.06157e-05
-1.11419e-08
-5.04768e-10
-1.18793e-05
-2.55409e-08
-5.09459e-10
-2.72313e-05
-5.14027e-08
-1.1319e-09
-5.48046e-05
-1.88939e-08
-6.18395e-10
-2.01443e-05
1.33253e-08
-1.09132e-10
1.42071e-05
-1.30419e-08
-4.31318e-10
-1.39051e-05
-1.70218e-08
-4.88019e-10
-1.81483e-05
-1.53755e-08
-1.38124e-10
-1.63931e-05
-2.45111e-08
-4.59913e-12
-2.61333e-05
-6.33218e-08
-1.18859e-11
-6.75126e-05
-5.13632e-08
-9.64006e-12
-5.47625e-05
-3.37372e-08
-6.33795e-12
-3.597e-05
2.84863e-08
3.22636e-11
3.03715e-05
-2.37931e-09
-4.47273e-13
-2.53678e-06
4.45737e-09
2.33326e-12
4.75237e-06
7.35716e-08
-8.08599e-14
7.84407e-05
-1.11065e-08
-1.1307e-12
-1.18415e-05
-9.58128e-09
-1.53276e-11
-1.02154e-05
5.3449e-09
4.65142e-12
5.69864e-06
1.04553e-08
1.21928e-11
1.11472e-05
4.1191e-08
7.41352e-11
4.39171e-05
5.13413e-10
-5.33024e-11
5.47392e-07
-3.09877e-08
-1.28898e-10
-3.30385e-05
-2.53122e-08
-1.02465e-10
-2.69874e-05
-1.26787e-08
-4.56887e-11
-1.35178e-05
-1.37856e-08
-3.59735e-11
-1.4698e-05
-1.49403e-08
-4.93539e-11
-1.59291e-05
-8.00682e-09
-1.82856e-11
-8.53672e-06
-9.87223e-09
-5.6271e-11
-1.05256e-05
-1.89216e-08
-4.28615e-11
-2.01738e-05
1.18739e-08
5.01941e-11
1.26597e-05
9.8154e-08
4.12637e-10
0.00010465
-4.92814e-08
-1.60861e-09
-5.25429e-05
-2.36258e-08
-7.14695e-10
-2.51894e-05
-3.17814e-08
-3.20879e-10
-3.38847e-05
-6.46697e-08
-1.81771e-09
-6.89496e-05
-1.06636e-09
4.09658e-11
-1.13694e-06
-2.51457e-08
-5.38821e-10
-2.68099e-05
1.02862e-07
1.74737e-09
0.00010967
-5.55857e-08
-1.65807e-09
-5.92645e-05
-7.39424e-09
-2.70831e-10
-7.8836e-06
-7.89968e-09
-2.79033e-10
-8.42249e-06
-1.06112e-08
-1.49629e-10
-1.13135e-05
-2.17421e-08
-4.49149e-10
-2.3181e-05
1.5274e-08
5.19749e-10
1.62848e-05
-4.41211e-09
-1.55653e-10
-4.70412e-06
-3.31189e-08
-6.22031e-12
-3.53108e-05
2.5322e-08
-1.89326e-12
2.69979e-05
1.99327e-08
3.08042e-11
2.12519e-05
1.33683e-09
2.51748e-13
1.42531e-06
1.33026e-08
1.02075e-11
1.4183e-05
2.25379e-08
1.40605e-12
2.40295e-05
1.10864e-08
8.58198e-12
1.18203e-05
-2.52821e-08
-1.32287e-11
-2.69553e-05
-1.19296e-07
-2.96683e-11
-0.000127191
1.52644e-09
-2.12096e-11
1.62746e-06
-2.87405e-08
-2.84577e-11
-3.06426e-05
8.06157e-09
-2.05216e-11
8.5951e-06
-2.24317e-08
-9.90432e-12
-2.39162e-05
1.28982e-09
1.83125e-12
1.37518e-06
-8.53958e-08
-1.16929e-10
-9.10475e-05
-1.55579e-08
-5.77667e-11
-1.65875e-05
2.98677e-09
-3.1321e-11
3.18444e-06
-7.07572e-09
-5.99283e-12
-7.54401e-06
3.4471e-08
4.83183e-11
3.67524e-05
-7.8321e-08
-2.07432e-10
-8.35044e-05
-5.30694e-09
-1.47629e-11
-5.65816e-06
-6.21836e-09
-3.27919e-11
-6.6299e-06
-2.58994e-08
-1.08487e-10
-2.76134e-05
9.53111e-09
-2.60221e-11
1.01619e-05
-4.03705e-08
-1.26109e-10
-4.30423e-05
-7.9327e-09
-3.42688e-11
-8.4577e-06
6.65723e-09
8.64046e-12
7.09782e-06
-3.43888e-08
-1.1444e-09
-3.66648e-05
-1.30189e-08
-3.78705e-10
-1.38806e-05
-1.89339e-08
-9.68944e-10
-2.0187e-05
-1.63096e-08
-5.74439e-10
-1.7389e-05
-1.06811e-08
-2.69614e-10
-1.1388e-05
-2.81479e-08
-8.3648e-10
-3.00108e-05
2.02077e-09
-2.54452e-12
2.15451e-06
-9.84707e-10
-1.14886e-10
-1.04988e-06
-2.2893e-08
-4.29518e-12
-2.44081e-05
-9.95939e-08
-1.87053e-11
-0.000106185
-1.47135e-07
-2.76506e-11
-0.000156872
1.48469e-07
2.78742e-11
0.000158295
-6.06925e-08
4.14253e-12
-6.47093e-05
-4.40813e-08
-1.10622e-11
-4.69986e-05
1.12774e-08
2.12043e-12
1.20238e-05
-1.48598e-09
-5.15246e-13
-1.587e-06
-2.65806e-08
-2.87566e-11
-2.83398e-05
-5.80996e-08
-2.35205e-11
-6.19448e-05
-5.85349e-08
-3.31407e-11
-6.24088e-05
-2.07131e-07
-2.39348e-10
-0.000220839
-4.27005e-08
-2.19501e-11
-4.55265e-05
2.52208e-11
1.09194e-11
2.689e-08
-3.50899e-10
-2.97499e-13
-3.74122e-07
8.12894e-10
-7.41795e-13
8.66693e-07
-4.38093e-08
-2.10531e-10
-4.67087e-05
9.6411e-10
-3.63737e-11
1.02792e-06
-1.64868e-08
-1.2381e-10
-1.75779e-05
-2.70814e-08
-1.19783e-10
-2.88737e-05
2.98245e-11
-2.13728e-12
3.17984e-08
-4.99234e-08
-1.08992e-10
-5.32274e-05
1.96035e-08
-7.75334e-11
2.09009e-05
-1.64525e-08
-4.5873e-11
-1.75414e-05
-9.9125e-09
-5.21789e-11
-1.05685e-05
-6.92563e-10
1.50128e-12
-7.38398e-07
1.93558e-08
4.65723e-10
2.06368e-05
-3.29271e-08
-1.07652e-09
-3.51062e-05
-9.04391e-08
-2.34306e-09
-9.64245e-05
-1.03171e-07
-2.32141e-09
-0.000109999
1.13562e-08
4.75063e-10
1.21078e-05
-3.39255e-08
-5.96491e-10
-3.61707e-05
-3.32674e-08
-1.16171e-09
-3.54691e-05
-5.32183e-09
-9.98272e-13
-5.67404e-06
4.88287e-08
9.16585e-12
5.20603e-05
4.55928e-08
8.55946e-12
4.86103e-05
-3.50637e-08
-6.58773e-12
-3.73843e-05
9.33565e-10
1.75639e-13
9.95349e-07
-4.14089e-09
-7.78272e-13
-4.41494e-06
-8.79531e-08
-2.63208e-11
-9.3774e-05
-7.8734e-09
-8.24258e-12
-8.39448e-06
5.43583e-08
-4.56913e-11
5.79558e-05
-8.42872e-08
-8.91956e-11
-8.98654e-05
-3.62239e-08
-3.84659e-11
-3.86212e-05
-1.88368e-08
-8.17632e-11
-2.00835e-05
-5.78134e-09
-4.64905e-11
-6.16396e-06
1.29067e-08
3.85581e-12
1.37609e-05
2.08656e-09
-1.02196e-12
2.22466e-06
-5.87683e-08
-1.46544e-09
-6.26577e-05
-4.06189e-09
-7.11725e-10
-4.33071e-06
-8.32617e-08
-2.51127e-09
-8.87721e-05
-8.42439e-09
-2.17319e-10
-8.98193e-06
-4.43639e-08
-1.17295e-09
-4.72999e-05
-7.39215e-09
-1.38709e-12
-7.88134e-06
-4.71302e-07
-8.84767e-11
-0.000502494
-8.12262e-08
-1.52605e-11
-8.66019e-05
-8.07956e-08
-1.51841e-11
-8.61428e-05
-2.27044e-08
-4.26667e-12
-2.4207e-05
-8.88391e-09
-6.63901e-12
-9.47186e-06
-4.99126e-08
-5.17377e-11
-5.32159e-05
2.51745e-07
6.56989e-11
0.000268406
-9.18214e-08
-9.68685e-11
-9.78983e-05
-1.17034e-07
-4.50572e-10
-0.00012478
-5.40485e-09
-1.60296e-11
-5.76256e-06
-4.13131e-08
-1.00307e-10
-4.40473e-05
-3.04975e-08
-8.01195e-11
-3.25158e-05
4.71296e-09
1.2603e-11
5.02487e-06
-6.27829e-08
-1.77412e-09
-6.6938e-05
-1.12502e-07
-2.55921e-09
-0.000119947
1.0524e-08
3.15196e-10
1.12205e-05
-1.46586e-09
-1.22374e-10
-1.56287e-06
-9.79293e-08
-1.73416e-09
-0.00010441
-1.76703e-07
-4.38705e-09
-0.000188398
-2.03861e-09
-2.63849e-11
-2.17352e-06
-2.13805e-09
-4.00528e-13
-2.27955e-06
-7.10007e-08
-3.52559e-11
-7.56996e-05
-6.6896e-08
-2.96724e-11
-7.13233e-05
-4.31085e-08
-8.09915e-12
-4.59614e-05
-4.90029e-08
-9.21332e-12
-5.2246e-05
-2.10914e-08
-3.75713e-12
-2.24872e-05
-1.45757e-07
-1.69215e-11
-0.000155404
-1.42874e-08
-5.84994e-12
-1.5233e-05
-4.38968e-08
-1.0217e-10
-4.68019e-05
-2.25132e-09
-1.48379e-11
-2.40031e-06
3.81759e-11
-7.63985e-12
4.07024e-08
1.95913e-08
1.02645e-10
2.08879e-05
2.2434e-08
6.12836e-10
2.39188e-05
-1.46899e-08
-2.4486e-10
-1.56621e-05
-1.72752e-07
-4.26185e-09
-0.000184185
6.45436e-09
1.74666e-10
6.88152e-06
-1.44174e-07
-2.70667e-11
-0.000153716
-1.91233e-08
-3.58759e-12
-2.0389e-05
-5.11156e-07
-6.05226e-09
-0.000544985
1.22633e-07
2.304e-11
0.000130749
-3.85201e-07
-1.63108e-10
-0.000410694
-2.69249e-07
-2.86025e-10
-0.000287069
-1.54437e-08
-1.04512e-11
-1.64658e-05
1.2785e-08
1.19219e-11
1.36311e-05
-2.50144e-09
-1.04139e-11
-2.66699e-06
-3.15906e-07
-5.88733e-10
-0.000336813
9.0349e-10
4.30701e-12
9.63284e-07
-6.02088e-08
-1.84266e-09
-6.41935e-05
2.16674e-08
4.06805e-12
2.31014e-05
-1.86801e-08
-3.50645e-12
-1.99164e-05
5.33011e-09
1.0866e-11
5.68287e-06
-1.88023e-09
-8.65984e-12
-2.00467e-06
-3.71609e-08
-1.74241e-10
-3.96203e-05
-3.11018e-08
-9.22631e-10
-3.31602e-05
-1.27018e-07
-2.38376e-11
-0.000135425
5.16209e-07
9.69223e-11
0.000550372
8.03457e-09
3.597e-11
8.56685e-06
1.23287e-08
2.21354e-10
1.31446e-05
8.88563e-09
2.65713e-10
9.4737e-06
