2.03602900940055e-05
0.0528612294129801
0.152340901917269
4.58238e-12
-9.34837e-16
4.88565e-09
4.58238e-12
-9.34837e-16
4.88565e-09
4.58238e-12
-9.34837e-16
4.88565e-09
4.58238e-12
-9.34837e-16
4.88565e-09
7.66559e-12
-3.55936e-16
8.17292e-09
4.58238e-12
-9.34837e-16
4.88565e-09
7.68593e-12
-3.52117e-16
8.1946e-09
4.58238e-12
-9.34837e-16
4.88565e-09
4.58238e-12
-9.34837e-16
4.88565e-09
7.68593e-12
-3.52117e-16
8.1946e-09
7.68593e-12
-3.52117e-16
8.1946e-09
7.40844e-12
-4.04218e-16
7.89875e-09
7.40844e-12
-4.04218e-16
7.89875e-09
4.58238e-12
-9.34837e-16
4.88565e-09
7.68593e-12
-3.52117e-16
8.1946e-09
4.58238e-12
-9.34837e-16
4.88565e-09
0.000210341
4.5357e-08
-0.14068
-5.52037e-12
2.58287e-16
-5.88572e-09
-5.52037e-12
2.58287e-16
-5.88572e-09
-5.52037e-12
2.58287e-16
-5.88572e-09
-5.52037e-12
2.58287e-16
-5.88572e-09
-5.52037e-12
2.58287e-16
-5.88572e-09
-5.41675e-12
3.68686e-16
-5.77524e-09
-0.000101591
-1.90782e-08
-1.42469
1.62435e-11
1.25487e-15
1.73185e-08
1.62435e-11
1.25487e-15
1.73185e-08
7.40844e-12
-4.04218e-16
7.89875e-09
7.66559e-12
-3.55936e-16
8.17292e-09
4.58238e-12
-9.34837e-16
4.88565e-09
7.66559e-12
-3.55936e-16
8.17292e-09
7.66559e-12
-3.55936e-16
8.17292e-09
4.58238e-12
-9.34837e-16
4.88565e-09
7.66559e-12
-3.55936e-16
8.17292e-09
4.58238e-12
-9.34837e-16
4.88565e-09
7.66559e-12
-3.55936e-16
8.17292e-09
-5.41675e-12
3.68686e-16
-5.77524e-09
-5.41675e-12
3.68686e-16
-5.77524e-09
-5.52037e-12
2.58287e-16
-5.88572e-09
-5.41675e-12
3.68686e-16
-5.77524e-09
-5.52037e-12
2.58287e-16
-5.88572e-09
-5.41675e-12
3.68686e-16
-5.77524e-09
-5.41675e-12
3.68686e-16
-5.77524e-09
-5.41675e-12
3.68686e-16
-5.77524e-09
-5.41675e-12
3.68686e-16
-5.77524e-09
-5.41675e-12
3.68686e-16
-5.77524e-09
3.36864e-12
4.99971e-15
3.59159e-09
7.76212e-12
9.00048e-15
8.27583e-09
7.91646e-12
9.16474e-15
8.44038e-09
7.91646e-12
9.16474e-15
8.44038e-09
7.91646e-12
9.16474e-15
8.44038e-09
7.91646e-12
9.16474e-15
8.44038e-09
7.76212e-12
9.00048e-15
8.27583e-09
7.76212e-12
9.00048e-15
8.27583e-09
7.76212e-12
9.00048e-15
8.27583e-09
7.91646e-12
9.16474e-15
8.44038e-09
7.91646e-12
9.16474e-15
8.44038e-09
7.76212e-12
9.00048e-15
8.27583e-09
7.14268e-06
3.30937e-08
0.0076154
-1.35856e-11
9.50345e-16
-1.44848e-08
-1.35856e-11
9.50345e-16
-1.44848e-08
-1.43325e-11
-2.51023e-15
-1.52811e-08
1.69573e-11
1.38896e-15
1.80795e-08
1.69573e-11
1.38896e-15
1.80795e-08
1.62435e-11
1.25487e-15
1.73185e-08
4.58238e-12
-9.34837e-16
4.88565e-09
1.69573e-11
1.38896e-15
1.80795e-08
4.58238e-12
-9.34837e-16
4.88565e-09
4.58238e-12
-9.34837e-16
4.88565e-09
1.62435e-11
1.25487e-15
1.73185e-08
1.69573e-11
1.38896e-15
1.80795e-08
1.69573e-11
1.38896e-15
1.80795e-08
4.58238e-12
-9.34837e-16
4.88565e-09
4.58238e-12
-9.34837e-16
4.88565e-09
7.68593e-12
-3.52117e-16
8.1946e-09
1.69573e-11
1.38896e-15
1.80795e-08
-7.83877e-13
4.90762e-16
-8.35755e-10
-1.10485e-12
7.79899e-15
-1.17797e-09
-9.57083e-13
5.4573e-16
-1.02042e-09
-1.10485e-12
7.79899e-15
-1.17797e-09
-5.41675e-12
3.68686e-16
-5.77524e-09
5.64454646147659e-06
0.0146286660189994
0.0423176958446377
-5.52037e-12
2.58287e-16
-5.88572e-09
-4.42515e-05
-4.71431e-08
-0.0471801
-5.41675e-12
3.68686e-16
-5.77524e-09
-1.10485e-12
7.79899e-15
-1.17797e-09
0.000368458
3.68085e-07
0.392843
7.91646e-12
9.16474e-15
8.44038e-09
6.84257e-12
1.53832e-15
7.29542e-09
7.76212e-12
9.00048e-15
8.27583e-09
3.36864e-12
4.99971e-15
3.59159e-09
7.76212e-12
9.00048e-15
8.27583e-09
7.76212e-12
9.00048e-15
8.27583e-09
-1.35856e-11
9.50345e-16
-1.44848e-08
-2.21516e-11
-3.87334e-14
-2.36176e-08
-1.43325e-11
-2.51023e-15
-1.52811e-08
-1.42599e-11
-2.17359e-15
-1.52036e-08
-1.43929e-11
-2.79008e-15
-1.53455e-08
-1.42599e-11
-2.17359e-15
-1.52036e-08
-1.35856e-11
9.50345e-16
-1.44848e-08
-1.35856e-11
9.50345e-16
-1.44848e-08
-1.43325e-11
-2.51023e-15
-1.52811e-08
-1.43325e-11
-2.51023e-15
-1.52811e-08
0.00142689
4.43005e-05
1.52133
-1.35856e-11
9.50345e-16
-1.44848e-08
-1.35856e-11
9.50345e-16
-1.44848e-08
-1.43325e-11
-2.51023e-15
-1.52811e-08
4.58238e-12
-9.34837e-16
4.88565e-09
1.52484e-11
1.06766e-15
1.62575e-08
1.62435e-11
1.25487e-15
1.73185e-08
1.52484e-11
1.06766e-15
1.62575e-08
1.69573e-11
1.38896e-15
1.80795e-08
1.62435e-11
1.25487e-15
1.73185e-08
7.66559e-12
-3.55936e-16
8.17292e-09
4.58238e-12
-9.34837e-16
4.88565e-09
1.69573e-11
1.38896e-15
1.80795e-08
1.52484e-11
1.06766e-15
1.62575e-08
7.40844e-12
-4.04218e-16
7.89875e-09
-9.57083e-13
5.4573e-16
-1.02042e-09
-1.10485e-12
7.79899e-15
-1.17797e-09
-5.41675e-12
3.68686e-16
-5.77524e-09
-3.08623e-13
1.21855e-15
-3.29048e-10
-1.10485e-12
7.79899e-15
-1.17797e-09
-1.10485e-12
7.79899e-15
-1.17797e-09
1.04625e-11
1.00325e-14
1.11549e-08
-5.41675e-12
3.68686e-16
-5.77524e-09
-7.83877e-13
4.90762e-16
-8.35755e-10
-9.57083e-13
5.4573e-16
-1.02042e-09
-5.41675e-12
3.68686e-16
-5.77524e-09
7.76212e-12
9.00048e-15
8.27583e-09
7.76212e-12
9.00048e-15
8.27583e-09
7.76212e-12
9.00048e-15
8.27583e-09
7.76212e-12
9.00048e-15
8.27583e-09
6.86298e-12
1.31897e-15
7.31718e-09
7.91646e-12
9.16474e-15
8.44038e-09
6.48948e-13
-7.53116e-15
6.91896e-10
3.36864e-12
4.99971e-15
3.59159e-09
6.84257e-12
1.53832e-15
7.29542e-09
7.76212e-12
9.00048e-15
8.27583e-09
6.48948e-13
-7.53116e-15
6.91896e-10
7.76212e-12
9.00048e-15
8.27583e-09
6.84257e-12
1.53832e-15
7.29542e-09
-1.43929e-11
-2.79008e-15
-1.53455e-08
-2.14631e-11
-3.55442e-14
-2.28835e-08
-1.43325e-11
-2.51023e-15
-1.52811e-08
-1.43325e-11
-2.51023e-15
-1.52811e-08
-2.21516e-11
-3.87334e-14
-2.36176e-08
-1.35856e-11
9.50345e-16
-1.44848e-08
-1.43929e-11
-2.79008e-15
-1.53455e-08
-2.21516e-11
-3.87334e-14
-2.36176e-08
-1.43929e-11
-2.79008e-15
-1.53455e-08
-2.21516e-11
-3.87334e-14
-2.36176e-08
-2.21516e-11
-3.87334e-14
-2.36176e-08
1.62435e-11
1.25487e-15
1.73185e-08
1.52484e-11
1.06766e-15
1.62575e-08
1.69573e-11
1.38896e-15
1.80795e-08
1.52484e-11
1.06766e-15
1.62575e-08
1.52484e-11
1.06766e-15
1.62575e-08
4.58238e-12
-9.34837e-16
4.88565e-09
1.69573e-11
1.38896e-15
1.80795e-08
7.68593e-12
-3.52117e-16
8.1946e-09
1.69573e-11
1.38896e-15
1.80795e-08
1.04625e-11
1.00325e-14
1.11549e-08
1.04625e-11
1.00325e-14
1.11549e-08
1.04625e-11
1.00325e-14
1.11549e-08
1.04625e-11
1.00325e-14
1.11549e-08
-5.81562e-12
1.19018e-16
-6.2005e-09
-1.10485e-12
7.79899e-15
-1.17797e-09
-3.08623e-13
1.21855e-15
-3.29048e-10
-9.57083e-13
5.4573e-16
-1.02042e-09
-1.10485e-12
7.79899e-15
-1.17797e-09
-3.08623e-13
1.21855e-15
-3.29048e-10
-7.83877e-13
4.90762e-16
-8.35755e-10
-5.52037e-12
2.58287e-16
-5.88572e-09
6.48948e-13
-7.53116e-15
6.91896e-10
3.36864e-12
4.99971e-15
3.59159e-09
7.76212e-12
9.00048e-15
8.27583e-09
3.36864e-12
4.99971e-15
3.59159e-09
6.48948e-13
-7.53116e-15
6.91896e-10
8.90217e-12
8.20975e-15
9.49133e-09
-2.21516e-11
-3.87334e-14
-2.36176e-08
-2.21516e-11
-3.87334e-14
-2.36176e-08
-1.43325e-11
-2.51023e-15
-1.52811e-08
-1.35856e-11
9.50345e-16
-1.44848e-08
-1.35856e-11
9.50345e-16
-1.44848e-08
-1.43929e-11
-2.79008e-15
-1.53455e-08
-2.21516e-11
-3.87334e-14
-2.36176e-08
-1.43325e-11
-2.51023e-15
-1.52811e-08
-2.21516e-11
-3.87334e-14
-2.36176e-08
-1.35856e-11
9.50345e-16
-1.44848e-08
-1.43929e-11
-2.79008e-15
-1.53455e-08
-1.35856e-11
9.50345e-16
-1.44848e-08
1.52484e-11
1.06766e-15
1.62575e-08
1.69573e-11
1.38896e-15
1.80795e-08
1.69573e-11
1.38896e-15
1.80795e-08
-0.000304814
-5.72583e-08
-0.324988
7.68593e-12
-3.52117e-16
8.1946e-09
1.52484e-11
1.06766e-15
1.62575e-08
1.62435e-11
1.25487e-15
1.73185e-08
1.04625e-11
1.00325e-14
1.11549e-08
-9.57083e-13
5.4573e-16
-1.02042e-09
-7.83877e-13
4.90762e-16
-8.35755e-10
-5.41675e-12
3.68686e-16
-5.77524e-09
1.04625e-11
1.00325e-14
1.11549e-08
1.04625e-11
1.00325e-14
1.11549e-08
3.36864e-12
4.99971e-15
3.59159e-09
7.91646e-12
9.16474e-15
8.44038e-09
7.76212e-12
9.00048e-15
8.27583e-09
7.76212e-12
9.00048e-15
8.27583e-09
6.48948e-13
-7.53116e-15
6.91896e-10
6.48948e-13
-7.53116e-15
6.91896e-10
6.84257e-12
1.53832e-15
7.29542e-09
7.61512e-12
2.56091e-15
8.11911e-09
8.90217e-12
8.20975e-15
9.49133e-09
3.36864e-12
4.99971e-15
3.59159e-09
-1.54347e-11
-7.61928e-15
-1.64562e-08
-2.14631e-11
-3.55442e-14
-2.28835e-08
-2.21516e-11
-3.87334e-14
-2.36176e-08
-1.54347e-11
-7.61928e-15
-1.64562e-08
-1.43325e-11
-2.51023e-15
-1.52811e-08
-1.54347e-11
-7.61928e-15
-1.64562e-08
-1.35856e-11
9.50345e-16
-1.44848e-08
-1.53924e-11
-7.42247e-15
-1.55007019010474e-08
-1.35856e-11
9.50345e-16
-1.44848e-08
-2.21516e-11
-3.87334e-14
-2.36176e-08
-2.14631e-11
-3.55442e-14
-2.28835e-08
-2.14631e-11
-3.55442e-14
-2.28835e-08
-1.35856e-11
9.50345e-16
-1.44848e-08
7.66559e-12
-3.55936e-16
8.17292e-09
1.69573e-11
1.38896e-15
1.80795e-08
1.69573e-11
1.38896e-15
1.80795e-08
1.69573e-11
1.38896e-15
1.80795e-08
1.04625e-11
1.00325e-14
1.11549e-08
1.04625e-11
1.00325e-14
1.11549e-08
1.04625e-11
1.00325e-14
1.11549e-08
-9.57083e-13
5.4573e-16
-1.02042e-09
-9.57083e-13
5.4573e-16
-1.02042e-09
-3.08623e-13
1.21855e-15
-3.29048e-10
1.04625e-11
1.00325e-14
1.11549e-08
1.04625e-11
1.00325e-14
1.11549e-08
-9.57083e-13
5.4573e-16
-1.02042e-09
7.76212e-12
9.00048e-15
8.27583e-09
6.84257e-12
1.53832e-15
7.29542e-09
6.84257e-12
1.53832e-15
7.29542e-09
7.76212e-12
9.00048e-15
8.27583e-09
6.84257e-12
1.53832e-15
7.29542e-09
6.48948e-13
-7.53116e-15
6.91896e-10
7.61512e-12
2.56091e-15
8.11911e-09
8.90217e-12
8.20975e-15
9.49133e-09
6.48948e-13
-7.53116e-15
6.91896e-10
6.48948e-13
-7.53116e-15
6.91896e-10
6.48948e-13
-7.53116e-15
6.91896e-10
-1.54347e-11
-7.61928e-15
-1.64562e-08
-1.54347e-11
-7.61928e-15
-1.64562e-08
-2.21516e-11
-3.87334e-14
-2.36176e-08
-2.14631e-11
-3.55442e-14
-2.28835e-08
-2.14631e-11
-3.55442e-14
-2.28835e-08
-1.35856e-11
9.50345e-16
-1.44848e-08
-2.21516e-11
-3.87334e-14
-2.36176e-08
-1.54347e-11
-7.61928e-15
-1.64562e-08
-1.43929e-11
-2.79008e-15
-1.53455e-08
-1.53924e-11
-7.42247e-15
-1.64111e-08
-1.54347e-11
-7.61928e-15
-1.64562e-08
1.29583e-11
6.37744e-16
1.38159e-08
1.04625e-11
1.00325e-14
1.11549e-08
1.04625e-11
1.00325e-14
1.11549e-08
-3.08623e-13
1.21855e-15
-3.29048e-10
1.04625e-11
1.00325e-14
1.11549e-08
1.04625e-11
1.00325e-14
1.11549e-08
1.04625e-11
1.00325e-14
1.11549e-08
3.36864e-12
4.99971e-15
3.59159e-09
8.90217e-12
8.20975e-15
9.49133e-09
3.36864e-12
4.99971e-15
3.59159e-09
6.48948e-13
-7.53116e-15
6.91896e-10
7.91646e-12
9.16474e-15
8.44038e-09
7.61512e-12
2.56091e-15
8.11911e-09
6.48948e-13
-7.53116e-15
6.91896e-10
0.000268656
1.21058e-06
0.286436
7.61512e-12
2.56091e-15
8.11911e-09
7.61512e-12
2.56091e-15
8.11911e-09
6.48948e-13
-7.53116e-15
6.91896e-10
-2.21516e-11
-3.87334e-14
-2.36176e-08
-2.14631e-11
-3.55442e-14
-2.28835e-08
-2.14631e-11
-3.55442e-14
-2.28835e-08
-1.43929e-11
-2.79008e-15
-1.53455e-08
-1.53924e-11
-7.42247e-15
-1.64111e-08
7.66559e-12
-3.55936e-16
8.17292e-09
6.48948e-13
-7.53116e-15
6.91896e-10
7.61512e-12
2.56091e-15
8.11911e-09
6.48948e-13
-7.53116e-15
6.91896e-10
6.86298e-12
1.31897e-15
7.31718e-09
7.61512e-12
2.56091e-15
8.11911e-09
6.84257e-12
1.53832e-15
7.29542e-09
7.76212e-12
9.00048e-15
8.27583e-09
7.61512e-12
2.56091e-15
8.11911e-09
6.48948e-13
-7.53116e-15
6.91896e-10
-1.54347e-11
-7.61928e-15
-1.64562e-08
-1.53924e-11
-7.42247e-15
-1.64111e-08
-2.21516e-11
-3.87334e-14
-2.36176e-08
-2.14631e-11
-3.55442e-14
-2.28835e-08
-2.21516e-11
-3.87334e-14
-2.36176e-08
-2.21516e-11
-3.87334e-14
-2.36176e-08
7.66559e-12
-3.55936e-16
8.17292e-09
-3.08623e-13
1.21855e-15
5.25620326115873e-09
-5.81562e-12
1.19018e-16
-6.2005e-09
6.84257e-12
1.53832e-15
7.29542e-09
6.84257e-12
1.53832e-15
7.29542e-09
-2.21516e-11
-3.87334e-14
-2.36176e-08
-2.21516e-11
-3.87334e-14
-2.36176e-08
1.29583e-11
6.37744e-16
1.38159e-08
-1.10485e-12
7.79899e-15
-1.17797e-09
-1.10485e-12
7.79899e-15
-1.17797e-09
-3.08623e-13
1.21855e-15
-3.29048e-10
-1.54347e-11
-7.61928e-15
-1.64562e-08
-2.14631e-11
-3.55442e-14
-2.28835e-08
-2.21516e-11
-3.87334e-14
-2.36176e-08
1.52484e-11
1.06766e-15
1.62575e-08
1.62435e-11
1.25487e-15
1.73185e-08
1.52484e-11
1.06766e-15
1.62575e-08
-3.08623e-13
1.21855e-15
-3.29048e-10
-3.08623e-13
1.21855e-15
-3.29048e-10
1.04625e-11
1.00325e-14
1.11549e-08
-3.08623e-13
1.21855e-15
-3.29048e-10
1.04625e-11
1.00325e-14
1.11549e-08
