1.15149e-09
2.23072e-13
-2.26453e-05
-3.08131e-09
-5.77988e-13
-3.28524e-06
-7.12883e-10
-1.33515e-13
-7.59902e-07
-1.61564e-08
-1.28823e-11
-1.72257e-05
-2.23106e-08
-1.61441e-11
-2.37871e-05
-1.54551e-09
-2.89844e-13
-1.6478e-06
-1.07548e-08
-2.01855e-12
-1.14666e-05
-1.46641e-08
-2.75415e-12
-1.56346e-05
-9.49857e-09
-1.78367e-12
-1.01272e-05
-6.44785e-09
-1.21214e-12
-6.87458e-06
-3.75321e-09
-4.00099e-12
-4.0016e-06
-1.97254e-09
-3.75593e-13
-2.10309e-06
9.09264e-10
4.9904e-13
9.72722e-07
-3.41766e-09
-1.81573e-12
-3.64385e-06
-6.28111e-09
-3.95616e-12
-6.6968e-06
-1.10893e-08
-1.18059e-11
-1.18233e-05
-2.27538e-09
-1.43367e-12
-2.42596e-06
-4.94245e-09
-2.68722e-12
-5.26955e-06
-1.18568e-08
-5.43321e-12
-1.26415e-05
-2.64342e-09
-4.98345e-13
-2.81837e-06
-8.56809e-09
-3.73409e-12
-9.13514e-06
-6.06072e-09
-3.61197e-12
-6.46183e-06
-1.0214e-08
-1.91691e-12
-1.089e-05
-2.54099e-08
-9.11095e-12
-2.70916e-05
2.05022e-09
3.88981e-13
2.29e-06
-8.23721e-09
-1.54424e-12
-8.78237e-06
-3.30857e-08
-6.21165e-12
-3.52753e-05
-3.15376e-09
-5.91447e-13
-3.36248e-06
-2.61876e-08
-4.91769e-12
-2.79207e-05
-2.18039e-08
-4.09716e-12
-2.32469e-05
-1.48572e-08
-2.78912e-12
-1.58405e-05
5.65737e-10
1.06233e-13
6.03179e-07
-2.06092e-08
-3.87059e-12
-2.19731e-05
-1.12982e-08
-2.12379e-12
-1.20459e-05
-1.51075e-08
-6.37438e-12
-1.61074e-05
-3.14747e-11
7.89962e-14
-3.34894e-08
-4.25446e-08
-4.51116e-11
-4.53603e-05
-4.83678e-09
-3.72713e-12
-5.15688e-06
-3.15168e-08
-9.79129e-12
-3.36027e-05
-3.35433e-09
-3.57122e-12
-3.57633e-06
-5.17997e-09
-2.56622e-12
-5.52279e-06
1.43724e-09
1.52936e-12
1.53236e-06
3.88521e-10
6.41512e-13
4.24158e-07
-1.5451e-09
-4.66517e-12
-1.64735e-06
-4.626e-09
-1.16628e-11
-4.93216e-06
-4.13377e-09
-2.94173e-11
-4.40735e-06
-5.37146e-10
-2.45971e-12
-5.72696e-07
-1.87283e-08
-3.20819e-11
-1.99678e-05
-8.63832e-09
-2.55615e-11
-9.21002e-06
-4.9933e-09
-1.18612e-11
-5.32376e-06
-2.69222e-09
-1.09698e-11
-2.8704e-06
-3.50691e-09
-1.23021e-11
-3.739e-06
-4.79934e-10
-3.0792e-12
-5.11697e-07
-5.00882e-10
-1.24791e-12
-5.34031e-07
-1.92257e-09
-7.11078e-12
-2.04981e-06
-9.26165e-10
-2.61234e-11
-9.8746e-07
-1.05949e-08
-2.77606e-10
-1.1296e-05
-9.53656e-09
-2.50063e-10
-1.01677e-05
-5.36819e-09
-1.00581e-12
-5.72358e-06
-2.15614e-08
-1.69949e-11
-2.29884e-05
-3.43953e-09
-6.44504e-13
-3.6672e-06
-2.07976e-08
-1.37044e-11
-2.2174e-05
-5.94194e-09
-1.11506e-12
-6.33518e-06
-1.09702e-08
-2.06144e-12
-1.16963e-05
8.44062e-11
3.45167e-13
5.56262e-08
-2.17717e-08
-2.31735e-11
-2.32126e-05
-2.61294e-09
-1.50395e-12
-2.78587e-06
-8.5551e-09
-7.89632e-12
-9.12129e-06
-1.59854e-08
-1.02386e-11
-1.70433e-05
-5.33798e-09
-1.90826e-12
-5.69125e-06
-4.35298e-09
-4.634e-12
-4.64107e-06
-6.9259e-09
-4.36224e-12
-7.38427e-06
-3.12758e-09
-3.32992e-12
-3.33457e-06
-4.06347e-09
-3.13102e-12
-4.33239e-06
-2.74486e-09
-1.23436e-11
-2.92643e-06
-6.65213e-09
-1.58258e-11
-7.09238e-06
-5.5085e-09
-2.28395e-11
-5.87306e-06
-1.18746e-08
-3.11212e-11
-1.26605e-05
-3.07865e-09
-1.12968e-11
-3.2824e-06
-8.47231e-09
-1.54738e-11
-9.03302e-06
-3.65478e-09
-1.30893e-11
-3.89666e-06
-4.9212e-10
-1.51725e-12
-7.60868e-06
-3.01258e-09
-1.16023e-11
-3.21196e-06
-7.36883e-10
-5.56763e-11
-7.85073e-07
-3.38745e-08
-7.383e-10
-3.61164e-05
-7.14386e-09
-1.77279e-10
-7.61666e-06
-1.47487e-08
-4.01732e-10
-1.57248e-05
-2.82905e-09
-7.39301e-11
-3.01629e-06
-1.03351e-08
-2.35091e-10
-1.10191e-05
-1.41281e-09
-3.49907e-11
-1.50631e-06
-1.26145e-08
-3.05192e-10
-1.34494e-05
-6.3287e-09
-1.6317e-10
-6.74755e-06
-8.40574e-09
-2.07159e-10
-8.96204e-06
-7.5188e-09
-1.8551e-10
-8.01641e-06
-1.90643e-09
-5.66693e-11
-2.0326e-06
-1.68731e-09
-4.19751e-11
-1.79897e-06
-3.6807e-09
-6.82791e-13
-3.81342e-06
-9.2211e-09
-1.72837e-12
-9.8314e-06
-6.22368e-08
-1.07139e-11
-6.63557e-05
-7.6928e-08
-3.32385e-11
-8.20192e-05
-1.03324e-08
-1.93814e-12
-1.10162e-05
-4.92776e-08
-9.25727e-12
-5.25388e-05
-1.13883e-08
-2.13926e-12
-1.2142e-05
-1.11613e-08
-2.09625e-12
-1.19e-05
-1.03375e-08
-1.94218e-12
-1.10217e-05
-7.68463e-09
-4.80167e-12
-8.19326e-06
-5.69233e-09
-6.03041e-12
-6.06906e-06
-2.74536e-08
-2.92227e-11
-2.92706e-05
-3.26259e-09
-1.81643e-12
-3.47851e-06
-9.92171e-09
-1.03102e-11
-1.05783e-05
-3.5521e-09
-3.58817e-12
-3.78718e-06
-7.13622e-09
-4.15914e-12
-7.60851e-06
-1.09821e-08
-7.47684e-12
-1.1709e-05
-1.59708e-08
-7.63522e-12
-1.70278e-05
-2.39156e-09
-2.54628e-12
-2.54984e-06
-6.80308e-09
-5.36724e-12
-7.25332e-06
-2.83259e-08
-1.12398e-10
-3.02006e-05
-2.29755e-08
-1.07882e-10
-2.4496e-05
-4.88247e-09
-2.12214e-11
-5.2056e-06
-2.47013e-08
-1.1422e-10
-2.6336e-05
-1.15573e-08
-4.96213e-11
-1.23222e-05
-1.43151e-08
-5.91308e-11
-1.52625e-05
-2.60747e-09
-9.01519e-12
-2.78004e-06
-2.73121e-10
-1.67572e-11
-2.91196e-07
-2.89901e-08
-9.46994e-10
-3.09088e-05
-4.36537e-08
-1.23742e-09
-4.65428e-05
-1.46874e-08
-4.14268e-10
-1.56595e-05
-7.59787e-09
-2.10385e-10
-8.10071e-06
-1.33409e-08
-3.67458e-10
-1.42238e-05
-2.6497e-08
-6.80107e-10
-2.82506e-05
-1.1492e-08
-3.52852e-10
-1.22526e-05
-1.57859e-08
-4.30122e-10
-1.68306e-05
-1.68688e-08
-4.26539e-10
-1.79853e-05
-1.54651e-08
-4.28216e-10
-1.64886e-05
-2.40338e-09
-8.40427e-11
-2.56244e-06
-4.81444e-09
-1.41341e-10
-5.13307e-06
-1.49849e-08
-4.05521e-10
-1.59766e-05
-9.8176e-09
-1.69798e-10
-1.04673e-05
-2.43729e-08
-4.57216e-12
-2.59859e-05
-3.99665e-08
-7.50196e-12
-4.26115e-05
-7.40596e-09
-1.3899e-12
-7.8961e-06
-1.28403e-08
-2.41227e-12
-1.36901e-05
-6.76066e-09
-2.85006e-12
-7.20809e-06
-1.57853e-09
-2.96789e-13
-1.683e-06
-3.16816e-09
-2.2468e-12
-3.37784e-06
-5.09351e-09
-3.54e-12
-5.43061e-06
-1.44343e-08
-7.02667e-12
-1.53896e-05
-1.35431e-08
-7.66096e-12
-1.44394e-05
-7.68392e-09
-5.74666e-12
-8.19245e-06
-7.22551e-09
-6.43605e-12
-7.7037e-06
-3.93017e-09
-3.10862e-11
-4.19028e-06
-5.19937e-09
-2.81323e-11
-5.54347e-06
-8.90849e-09
-3.8599e-11
-9.49807e-06
-9.42422e-09
-3.09939e-11
-1.00479e-05
-1.38405e-08
-4.38457e-11
-1.47565e-05
-1.20488e-08
-4.33349e-11
-1.28462e-05
-6.64405e-09
-2.42576e-11
-7.08376e-06
-2.05852e-08
-5.4905e-11
-2.19475e-05
-6.48414e-09
-2.41879e-11
-6.91328e-06
-1.18134e-08
-3.58453e-11
-1.25953e-05
-4.1071e-09
-1.83242e-11
-4.37892e-06
-4.76605e-09
-3.8715e-10
-5.08148e-06
-4.74195e-08
-1.43041e-09
-5.05578e-05
-1.35811e-08
-3.85003e-10
-1.44799e-05
-1.47376e-08
-3.28285e-10
-1.5713e-05
-1.49295e-08
-4.0459e-10
-1.59175e-05
-3.46755e-09
-9.18122e-11
-3.69704e-06
-1.38234e-08
-3.72176e-10
-1.47382e-05
-1.84177e-08
-4.91996e-10
-1.96367e-05
-2.17227e-08
-5.6492e-10
-2.31603e-05
-1.08468e-08
-3.00977e-10
-1.15647e-05
-9.95536e-09
-2.64064e-10
-1.06142e-05
-1.42911e-09
-1.39982e-11
-1.52369e-06
-8.71885e-09
-2.29301e-10
-9.29588e-06
-6.43986e-09
-1.76845e-10
-6.86606e-06
-1.1609e-08
-2.83848e-10
-1.23773e-05
-2.90111e-08
-5.44927e-12
-3.09311e-05
-1.20957e-08
-3.38032e-12
-1.28962e-05
-2.11332e-09
1.34908e-13
-2.25319e-06
-1.32694e-08
-2.49454e-12
-1.41475e-05
-3.93978e-09
-4.77199e-13
-4.20052e-06
-5.60499e-09
-7.65737e-12
-5.97594e-06
-6.17325e-09
-3.81827e-12
-6.58179e-06
-6.5521e-09
-5.27044e-12
-6.98573e-06
-3.01334e-08
-2.33724e-11
-3.21276e-05
-1.74915e-08
-1.48035e-11
-1.86492e-05
-2.17088e-08
-1.239e-11
-2.31456e-05
-1.66491e-08
-1.28482e-11
-1.77509e-05
-8.18157e-09
-3.24049e-12
-8.72304e-06
-3.62953e-09
-2.01392e-12
-3.86974e-06
-2.55099e-08
-4.32518e-11
-2.71982e-05
-4.06737e-09
-1.53437e-11
-4.33656e-06
-1.50387e-08
-5.88818e-11
-1.6034e-05
-3.85243e-09
-7.36494e-12
-4.10739e-06
-3.02246e-08
-8.69775e-11
-3.22249e-05
-2.87698e-08
-7.30767e-11
-3.06738e-05
-6.05818e-09
-2.17128e-11
-6.45912e-06
-1.52604e-08
-6.34479e-11
-1.62703e-05
-1.40262e-08
-6.00318e-11
-1.49545e-05
-1.03695e-08
-2.35538e-11
-1.10557e-05
-9.62407e-09
-2.61611e-11
-1.0261e-05
-8.23708e-09
-3.51299e-11
-8.78223e-06
1.12808e-09
3.80605e-12
1.20274e-06
-2.07769e-08
-6.84494e-10
-2.2152e-05
-1.59098e-08
-4.55754e-10
-1.69627e-05
-5.14997e-08
-1.24528e-09
-5.4908e-05
-3.21744e-09
-1.01604e-10
-3.43037e-06
-1.09828e-08
-3.06017e-10
-1.17097e-05
-8.54221e-09
-2.21793e-10
-9.10755e-06
-9.74318e-09
-2.78075e-10
-1.0388e-05
-1.03359e-08
-2.42612e-10
-1.102e-05
-1.55407e-08
-2.91575e-12
-1.65692e-05
-4.94779e-08
-9.29204e-12
-5.27525e-05
-2.60417e-08
-4.89383e-12
-2.77652e-05
5.07083e-10
9.52879e-14
5.40642e-07
-8.0305e-09
-8.30637e-13
-8.56197e-06
-6.87693e-09
-1.32863e-12
-7.33206e-06
-9.87834e-09
-1.85695e-12
-1.05321e-05
9.27042e-11
-9.65939e-14
9.92957e-08
-1.49073e-08
-1.19013e-11
-1.58939e-05
-2.34078e-08
-1.412e-11
-2.4957e-05
-1.32088e-08
-7.21616e-12
-1.4083e-05
-8.41516e-08
-3.23151e-10
-8.97209e-05
-1.45179e-08
-9.7873e-12
-1.54788e-05
-9.65735e-09
-8.99705e-12
-1.02965e-05
-1.41561e-08
-6.81166e-12
-1.5093e-05
-6.64792e-09
-5.10975e-12
-7.08789e-06
-2.45039e-08
-1.08093e-10
-2.61256e-05
-1.36046e-08
-3.69312e-11
-1.4505e-05
-8.27653e-09
-3.16708e-11
-8.82429e-06
-1.16894e-08
-4.22596e-11
-1.2463e-05
-9.23348e-10
-3.5615e-12
-9.84457e-07
-2.14621e-08
-7.09397e-11
-2.28825e-05
-1.4254e-08
-4.16796e-11
-1.51974e-05
-1.08397e-08
-2.75438e-11
-1.15571e-05
-1.25105e-08
-4.20337e-11
-1.33385e-05
-7.62787e-09
-2.08807e-11
-8.1327e-06
-6.27839e-09
-1.7922e-10
-6.6939e-06
-2.28365e-08
-7.1673e-10
-2.43479e-05
-3.22031e-08
-8.20166e-10
-3.43343e-05
-4.49581e-08
-1.12893e-09
-4.79335e-05
-3.60452e-09
-5.59928e-11
-3.84307e-06
-3.05921e-08
-7.75665e-10
-3.26168e-05
-3.12384e-08
-7.84168e-10
-3.33058e-05
-8.14244e-09
-1.52667e-12
-8.68132e-06
-7.43037e-09
-1.39452e-12
-7.92212e-06
-5.05264e-09
-9.48281e-13
-5.38703e-06
-1.28976e-08
-2.42418e-12
-1.37512e-05
-3.79376e-09
-7.1314e-13
-4.04484e-06
-8.44488e-09
-1.58732e-12
-9.00378e-06
-2.28048e-08
-7.39056e-12
-2.43141e-05
-1.80888e-08
-1.32246e-11
-1.9286e-05
-1.35866e-08
-1.22222e-11
-1.44858e-05
-3.11784e-08
-3.30974e-11
-3.32419e-05
-5.83936e-09
-6.20024e-12
-6.22582e-06
-1.31718e-08
-5.69747e-11
-1.40436e-05
-7.51981e-09
-2.99979e-11
-8.01749e-06
-1.12429e-09
-4.19116e-12
-1.1987e-06
-5.25932e-09
-1.12301e-11
-5.60739e-06
-1.87419e-08
-4.48765e-10
-1.99823e-05
-1.40647e-08
-2.13047e-10
-1.49955e-05
-4.11084e-08
-7.90345e-10
-4.3829e-05
-5.28944e-09
-1.4896e-10
-5.6395e-06
-1.74295e-08
-4.68089e-10
-1.8583e-05
-4.4611e-09
-8.36098e-13
-4.75634e-06
-5.2433e-08
-9.84211e-12
-5.59031e-05
-2.72317e-08
-5.11623e-12
-2.9034e-05
-1.10369e-08
-2.07407e-12
-1.17673e-05
-2.11092e-08
-3.9672e-12
-2.25062e-05
-8.44385e-09
-5.75013e-12
-9.00268e-06
-2.93997e-08
-3.10698e-11
-3.13454e-05
-2.13085e-08
-1.32546e-11
-2.27188e-05
-3.10678e-08
-3.29324e-11
-3.3124e-05
-3.10244e-08
-9.45165e-11
-3.30776e-05
-3.43489e-09
-1.29891e-11
-3.66222e-06
-1.3573e-08
-3.50888e-11
-1.44713e-05
-8.38893e-09
-2.1845e-11
-8.94412e-06
-5.80701e-09
-1.79009e-11
-6.19133e-06
-3.8076e-08
-1.00244e-09
-4.0596e-05
-4.45028e-08
-1.25131e-09
-4.7448e-05
-1.98385e-08
-3.33464e-10
-2.11514e-05
-1.23967e-08
-3.69815e-10
-1.32171e-05
-3.84642e-08
-8.4177e-10
-4.10098e-05
-5.04672e-08
-1.17158e-09
-5.38072e-05
-3.94341e-09
-1.1704e-10
-4.20439e-06
-9.94462e-09
-1.86442e-12
-1.06028e-05
-3.2482e-08
-7.89872e-12
-3.46317e-05
-3.53162e-08
-3.27873e-12
-3.76535e-05
-2.24411e-08
-4.21709e-12
-2.39263e-05
-1.90249e-08
-3.57653e-12
-2.0284e-05
-1.42826e-08
-5.1541e-12
-1.52278e-05
-3.79317e-08
-1.26076e-11
-4.04421e-05
-1.01617e-08
-9.13581e-12
-1.08342e-05
-3.06537e-08
-4.62409e-11
-3.26824e-05
-1.92315e-08
-1.87339e-11
-2.05043e-05
-7.77417e-09
-2.73321e-11
-8.28868e-06
-7.46409e-09
-3.17962e-11
-7.95808e-06
-9.44938e-09
-2.83335e-10
-1.00748e-05
-1.68908e-08
-4.32391e-10
-1.80086e-05
-3.48965e-08
-9.19312e-10
-3.7206e-05
-6.81168e-09
-2.06335e-10
-7.26249e-06
-6.09446e-08
-1.14422e-11
-6.49781e-05
-1.44737e-08
-2.71501e-12
-1.54315e-05
-4.45206e-07
-1.23769e-08
-0.00047467
-1.74972e-08
-3.28695e-12
-1.86552e-05
-1.09753e-07
-5.25617e-11
-0.000117016
-5.6809e-08
-6.03772e-11
-6.05688e-05
-6.28505e-09
-4.93915e-12
-6.701e-06
-9.62e-10
-3.2553e-12
-1.02567e-06
-4.34139e-09
-2.13902e-11
-4.62871e-06
-7.8172e-08
-1.80996e-10
-8.33456e-05
-2.34187e-09
-1.11652e-11
-2.49685e-06
-1.67072e-08
-5.071e-10
-1.78129e-05
-1.92225e-08
-3.60818e-12
-2.04946e-05
-1.66912e-08
-3.13314e-12
-1.77959e-05
-1.03609e-09
-3.12179e-12
-1.10466e-06
-6.81477e-09
-3.24876e-11
-7.26578e-06
-1.22986e-08
-5.79446e-11
-1.31126e-05
-1.52463e-08
-4.70568e-10
-1.62553e-05
-4.11736e-08
-7.7265e-12
-4.38986e-05
4.17991e-08
7.8484e-12
4.45655e-05
-8.15751e-10
-7.20362e-12
-8.69446e-07
-4.5258e-09
-5.3027e-11
-4.82532e-06
-6.50138e-09
-2.03814e-10
-6.93166e-06
