0
0
0
0
-2.25315e-11
0
0
0
0
0
0
0
0
0
0
0
-8.11493e-11
0
0
0
0
0
0
0
0
0
0
0
-2.53913e-10
0
0
0
0
0
0
0
0
0
0
0
-1.69319e-09
0
0
0
0
0
0
0
0
0
0
0
-9.48597e-10
0
0
0
0
0
0
0
0.000198844
-2.2551e-10
0.00538039
0
0
0
0.0491365
-5.97853e-08
1.32955
0
0
0
0.000974437
-9.20887e-10
0.0207545
0
0
0
0.239305
-2.41007e-07
5.09695
0
0
0
0.000121449
-1.42636e-10
0.00327113
0
0
0
0.0300309
-3.77477e-08
0.808855
0
0
0
0.000399959
-3.31982e-10
-5.03585e-07
-3.43067e-07
-1.56916e-15
0
0.0990177
-8.21887e-08
-0.000897423
0
0
0
0.00100563
-8.56024e-10
-1.26415e-06
-8.62603e-07
-5.21748e-15
0
0.248963
-2.11925e-07
-0.00225282
0
0
0
2.47075e-05
-1.63762e-11
1.22836e-08
-2.11642e-08
-1.20914e-16
0
0.00611683
-4.05426e-09
-4.45474e-05
0
0
0
0.000150097
-1.00751e-09
-1.33833e-07
-9.34649e-08
-2.40065e-14
0
0.0371595
-2.49428e-07
-0.000238318
0
0
0
0.00186988
-1.60702e-08
6.55027e-07
-1.16435e-06
-4.552e-13
0
0.462924
-3.9785e-06
-0.00237632
0
0
0
1.22575e-05
-3.23646e-11
-1.07842e-08
-7.62646e-09
-1.06099e-15
0
0.00303458
-8.0125e-09
-1.91958e-05
0
0
0
0.000104578
-9.72068e-11
-9.48574e-08
-6.51496e-08
-1.23019e-15
0
0.0258903
-2.40654e-08
-0.000168952
0
0
0
0.00158593
-1.79447e-09
-1.42831e-06
-9.88436e-07
-3.05744e-14
0
0.392627
-4.44257e-07
-0.00254454
0
0
0
0.000308876
-3.36515e-10
1.09485e-07
-1.92474e-07
-7.21082e-15
0
0.0764682
-8.33108e-08
-0.000396687
0
0
0
0.00153593
-3.51495e-10
3.17817e-07
-3.70093e-06
-1.54099e-14
0
0.380249
-8.70196e-08
-0.00115091
0
0
0
0.00192472
-4.41144e-10
3.87042e-07
-4.63828e-06
-5.07228e-14
0
0.476501
-1.09214e-07
-0.00140134
0
0
0
4.42664e-05
-7.57259e-12
-2.18271e-08
-1.06445e-07
-1.4262e-15
0
0.010959
-1.87474e-09
-3.88482e-05
0
0
0
0.000157631
-2.69782e-10
0.00423462
0
0
0
0.0390176
-7.00074e-08
1.04817
0
0
0
0.000802908
-1.47809e-09
0.0217914
0
0
0
0.198361
-3.81584e-07
5.38364
0
0
0
8.51952e-05
-1.49665e-10
5.82237e-08
0
0
0
0.0210917
-3.70526e-08
-0.000210642
0
0
0
8.5305e-05
-2.4865e-10
4.25745e-08
-7.3103e-08
-1.16816e-15
0
0.0211189
-6.15583e-08
-0.000154283
0
0
0
0.00133293
-4.43769e-09
6.64249e-07
-1.14234e-06
-2.69411e-14
0
0.329994
-1.09864e-06
-0.0024069
0
0
0
1.2474e-05
-2.68991e-11
6.1993e-09
-1.06826e-08
-1.99078e-16
0
0.00308819
-6.65941e-09
-2.24914e-05
0
0
0
0.0123606
-2.08462e-10
2.01123e-07
-0.00104744
-3.40147e-13
0
3.06011
-5.16087e-08
-0.000729358
0
0
0
0.0303396
-5.27343e-10
-1.23389e-06
-0.00257151
-1.34619e-12
0
7.51117
-1.30554e-07
-0.00219763
0
0
0
0.00143403
-2.0882e-11
2.28978e-08
-0.000121378
-6.44741e-14
0
0.355023
-5.16975e-09
-8.3216e-05
0
0
0
0.00115788
-2.83601e-09
-1.03217e-06
-7.21273e-07
-6.76108e-14
0
0.286656
-7.02109e-07
-0.00183832
0
0
0
0.000809982
-1.7809e-09
-7.17156e-07
-5.04446e-07
-5.04235e-14
0
0.200527
-4.40896e-07
-0.00127714
0
0
0
5.77203e-05
-9.37548e-11
-5.07681e-08
-3.59286e-08
-3.07543e-15
0
0.0142898
-2.32108e-08
-9.0386e-05
0
0
0
4.29175e-05
-7.97356e-12
8.86246e-09
-1.03267e-07
-3.44024e-16
0
0.0106251
-1.97401e-09
-3.21718e-05
0
0
0
0.00344412
-8.24006e-10
6.93087e-07
-8.30408e-06
-9.50161e-14
0
0.852659
-2.03999e-07
-0.00250719
0
0
0
6.22763e-05
-1.06882e-11
1.21257e-08
-1.49791e-07
-2.01498e-15
0
0.0154177
-2.64607e-09
-4.40471e-05
0
0
0
0.000629084
-7.15418e-10
0.0186908
-1.05496e-06
-9.59637e-15
0
0.153734
-1.91863e-07
4.56761
0
0
0
0.000208431
-7.45371e-11
7.44109e-08
-1.29905e-07
-1.26329e-15
0
0.0516011
-1.84531e-08
-0.000269522
0
0
0
0.000200152
-6.88131e-11
7.09271e-08
-1.24701e-07
-1.46561e-15
0
0.0495514
-1.7036e-08
-0.000257062
0
0
0
6.62018e-06
-7.09602e-12
4.51964e-09
0
0
0
0.00163895
-1.75676e-09
-1.63661e-05
0
0
0
0.00135907
-1.4212e-09
0.028669
0
0
0
0.334373
-3.7042e-07
7.05345
0
0
0
2.41049e-05
-2.81134e-11
1.64496e-08
0
0
0
0.00596767
-6.96006e-09
-5.95458e-05
0
0
0
0.00115226
-4.52454e-08
-1.45173e-06
-9.87341e-07
-2.12605e-13
0
0.285264
-1.12014e-05
-0.00258577
0
0
0
0.000263336
-6.27555e-09
1.31163e-07
-2.25608e-07
-3.80329e-14
0
0.0651939
-1.55364e-06
-0.000475535
0
0
0
1.34079e-05
-1.32645e-10
6.66415e-09
-1.14832e-08
-9.83526e-16
0
0.0033194
-3.28388e-08
-2.4175e-05
0
0
0
0.000818535
-1.00646e-09
-7.29722e-07
-5.09823e-07
-2.3958e-14
0
0.202644
-2.49169e-07
-0.00129958
0
0
0
0.0011937
-1.55784e-09
4.1835e-07
-7.43526e-07
-4.40898e-14
0
0.295525
-3.85673e-07
-0.00151692
0
0
0
1.5412e-05
-1.32089e-11
5.3543e-09
-9.58858e-09
-4.32028e-16
0
0.00381555
-3.27013e-09
-1.94536e-05
0
0
0
2.46506e-05
-5.86479e-12
4.72051e-09
-5.92792e-08
-1.35676e-15
0
0.00610275
-1.45194e-09
-1.71536e-05
0
0
0
0.00376504
-1.26932e-09
7.00845e-07
-9.0711e-06
-4.01163e-13
0
0.932109
-3.14246e-07
-0.00253856
0
0
0
0.000468411
-9.48744e-12
7.67596e-09
-3.96361e-05
-7.86427e-15
0
0.115964
-2.3488e-09
-2.79049e-05
0
0
0
0.0386132
-1.6379e-08
6.12702e-07
-0.00326813
-5.99039e-11
0
9.55946
-4.05494e-06
-0.00222689
0
0
0
0.00604573
-1.83046e-09
9.49674e-08
-0.000511585
-8.27447e-12
0
1.49674
-4.53166e-07
-0.000345293
0
0
0
0.000211998
-2.4139e-11
3.29684e-09
-1.79255e-05
-1.27977e-13
0
0.0524842
-5.97608e-09
-1.20027e-05
0
0
0
0.000162218
-3.08861e-10
5.72584e-08
-1.01054e-07
-7.36193e-15
0
0.0401603
-7.64646e-08
-0.000207572
0
0
0
0.00185413
-4.48785e-09
6.5013e-07
-1.15527e-06
-1.27265e-13
0
0.459025
-1.11105e-06
-0.00235601
0
0
0
1.59368e-05
-1.78195e-11
5.53753e-09
-9.91615e-09
-5.83438e-16
0
0.00394547
-4.41157e-09
-2.01155e-05
0
0
0
0.00300883
-3.72103e-09
6.22131e-07
-7.24628e-06
-1.63223e-13
0
0.744894
-9.21214e-07
-0.00225491
0
0
0
5.42966e-05
-3.35794e-11
-2.75706e-08
-1.30592e-07
-3.83972e-15
0
0.0134422
-8.31323e-09
-4.90758e-05
0
0
0
0.000409041
-2.87487e-10
-2.01618e-07
-9.8407e-07
-5.46034e-14
0
0.101266
-7.11731e-08
-0.000358927
0
0
0
0.00121569
-7.96392e-10
0.0265308
0
0
0
0.297208
-2.13075e-07
6.48612
0
0
0
6.27226e-05
-4.83633e-11
-1.07915e-07
0
0
0
0.0155282
-1.19733e-08
-0.000192315
0
0
0
8.46344e-05
-6.31429e-11
5.77545e-08
0
0
0
0.0209529
-1.56323e-08
-0.000209071
0
0
0
-0.00125313
-1.39846e-10
0.0157985
-9.2438e-07
-7.2101e-16
0
-0.302822
-4.75341e-08
3.81774
0
0
0
0.000169657
-4.41329e-11
0.00574665
-2.64384e-07
-2.50613e-16
0
0.0418827
-1.54136e-08
1.41866
0
0
0
0.000197291
-3.04948e-11
0.00393652
-1.80539e-07
-2.08293e-16
0
0.0488225
-1.06785e-08
0.974148
0
0
0
0.00137758
-9.61387e-10
0.0174524
-1.06756e-06
-2.34582e-14
0
0.338401
-2.53701e-07
4.28716
0
0
0
0.000326817
-1.60969e-10
1.14719e-07
-2.03778e-07
-4.55477e-15
0
0.08091
-3.9851e-08
-0.000415223
0
0
0
3.9814e-05
-1.46649e-11
1.38379e-08
-2.47774e-08
-4.78066e-16
0
0.00985672
-3.6306e-09
-5.02516e-05
0
0
0
0.0391842
-3.26743e-10
0.0495696
-0.00332809
-1.33535e-12
0
9.69876
-9.94177e-08
12.2693
0
0
0
0.00308079
-2.15086e-11
-1.22417e-07
-0.000260855
-9.89391e-14
0
0.762709
-5.32487e-09
-0.000217915
0
0
0
0.00298109
-2.00805e-11
4.63108e-08
-0.000252272
-1.08975e-13
0
0.738027
-4.97132e-09
-0.000168367
0
0
0
0.00241205
-1.88331e-08
-1.25977e-06
-5.80562e-06
-8.22062e-13
0
0.597151
-4.66249e-06
-0.00224321
0
0
0
6.77891e-06
-7.67328e-12
-3.44357e-09
-1.62957e-08
-8.76049e-16
0
0.00167825
-1.89967e-09
-6.12796e-06
0
0
0
0.0010902
-3.94595e-09
2.12352e-07
-2.62294e-06
-7.50904e-13
0
0.269902
-9.76896e-07
-0.000771019
0
0
0
0.00121973
-7.55178e-10
4.38753e-07
-7.60557e-07
-9.58463e-15
0
0.301969
-1.86959e-07
-0.00158791
0
0
0
0.000376204
-2.28741e-10
1.34372e-07
-2.34544e-07
-3.89405e-15
0
0.0931366
-5.66293e-08
-0.000486441
0
0
0
0.000396452
-2.18877e-10
1.4052e-07
-2.47038e-07
-4.6781e-15
0
0.0981495
-5.41874e-08
-0.000509164
0
0
0
0.0370753
-1.4036e-10
0.0449639
-0.0031978
-1.43353e-12
0
9.07336
-4.89376e-08
11.0039
0
0
0
0.00617146
-2.27176e-11
-2.30372e-07
-0.000522837
-2.29296e-13
0
1.52787
-5.62419e-09
-0.0004102
0
0
0
0.00930955
-3.3869e-11
1.35379e-07
-0.000788748
-3.8992e-13
0
2.30476
-8.38493e-09
-0.000491166
0
0
0
