0
0
0
6.39973e-05
-2.00337e-05
0
6.39973e-05
2.63662e-07
-0.00639973
0
-2.25486e-11
0
0
0
0
0.000230322
-7.24204e-05
0
0.000230322
4.87959e-07
-0.0230322
0
-8.11491e-11
0
0
0
0
0.00072046
-0.00022756
0
0.00072046
5.16622e-08
-0.072046
0
-2.53832e-10
0
0
0
0
0.00480331
-0.00152965
0
0.00480331
-1.76593e-05
-0.480331
0
-1.69222e-09
0
0
0
0
0.00269302
-0.000872456
0
0.00269302
-3.1271e-05
-0.269302
0
-9.48666e-10
0
0
0
0
0
0
0
0
0
0
-2.24875e-10
0
-5.56723e-08
0
0
0
0
0
0
0
0
0
-9.6338e-10
0
-2.38504e-07
0
0
0
0
0
0
0
0
0
-1.41695e-10
0
-3.50794e-08
0
0
0
0
0
0
0
0
0
-3.30856e-10
-1.54304e-15
-8.19098e-08
0
0
0
0
0
0
0
0
0
-8.53388e-10
-5.14371e-15
-2.11273e-07
0
0
0
0
0
0
0
0
0
-1.62741e-11
-1.20328e-16
-4.02898e-09
0
0
0
0
0
0
0
0
0
-1.0084e-09
-2.39525e-14
-2.4965e-07
0
0
0
0
0
0
0
0
0
-1.60883e-08
-4.54237e-13
-3.98298e-06
0
0
0
0
0
0
0
0
0
-3.23439e-11
-1.06e-15
-8.00737e-09
0
0
0
0
0
0
0
0
0
-9.70114e-11
-1.22401e-15
-2.40171e-08
0
0
0
0
0
0
0
0
0
-1.79335e-09
-3.04096e-14
-4.4398e-07
0
0
0
0
0
0
0
0
0
-3.36244e-10
-7.17926e-15
-8.32437e-08
0
0
0
0
0
0
0
0
0
-3.49664e-10
-1.50683e-14
-8.65662e-08
0
0
0
0
0
0
0
0
0
-4.39112e-10
-5.01753e-14
-1.08711e-07
0
0
0
0
0
0
0
0
0
-7.49756e-12
-1.42166e-15
-1.85617e-09
0
0
0
0
0
0
0
0
0
-2.67301e-10
0
-6.61755e-08
0
0
0
0
0
0
0
0
0
-1.48613e-09
0
-3.6792e-07
0
0
0
0
0
0
0
0
0
-1.49293e-10
0
-3.69604e-08
0
0
0
0
0
0
0
0
0
-2.48518e-10
-1.15904e-15
-6.15256e-08
0
0
0
0
0
0
0
0
0
-4.43717e-09
-2.67446e-14
-1.09851e-06
0
0
0
0
0
0
0
0
0
-2.68543e-11
-1.98555e-16
-6.64831e-09
0
0
0
0
0
0
0
0
0
-2.08321e-10
-2.37215e-13
-5.1574e-08
0
0
0
0
0
0
0
0
0
-5.27833e-10
-1.04678e-12
-1.30675e-07
0
0
0
0
0
0
0
0
0
-2.07578e-11
-5.90241e-14
-5.139e-09
0
0
0
0
0
0
0
0
0
-2.83746e-09
-6.73979e-14
-7.02469e-07
0
0
0
0
0
0
0
0
0
-1.78129e-09
-5.0293e-14
-4.40994e-07
0
0
0
0
0
0
0
0
0
-9.3676e-11
-3.07001e-15
-2.31913e-08
0
0
0
0
0
0
0
0
0
-7.901e-12
-3.40482e-16
-1.95605e-09
0
0
0
0
0
0
0
0
0
-8.21085e-10
-9.38216e-14
-2.03276e-07
0
0
0
0
0
0
0
0
0
-1.05865e-11
-2.00736e-15
-2.62089e-09
0
0
0
0
0
0
0
0
0
-7.50841e-10
-9.47347e-15
-1.85885e-07
0
0
0
0
0
0
0
0
0
-7.40132e-11
-1.25503e-15
-1.83234e-08
0
0
0
0
0
0
0
0
0
-6.82868e-11
-1.45802e-15
-1.69057e-08
0
0
0
0
0
0
0
0
0
-7.0577e-12
0
-1.74727e-09
0
0
0
0
0
0
0
0
0
-1.4689e-09
0
-3.63656e-07
0
0
0
0
0
0
0
0
0
-2.79898e-11
0
-6.92942e-09
0
0
0
0
0
0
0
0
0
-4.52828e-08
-2.1119e-13
-1.12106e-05
0
0
0
0
0
0
0
0
0
-6.27975e-09
-3.78506e-14
-1.55468e-06
0
0
0
0
0
0
0
0
0
-1.32659e-10
-9.80855e-16
-3.28424e-08
0
0
0
0
0
0
0
0
0
-1.00547e-09
-2.38828e-14
-2.48923e-07
0
0
0
0
0
0
0
0
0
-1.55687e-09
-4.39567e-14
-3.85434e-07
0
0
0
0
0
0
0
0
0
-1.31655e-11
-4.31468e-16
-3.25937e-09
0
0
0
0
0
0
0
0
0
-5.82588e-12
-1.35318e-15
-1.44231e-09
0
0
0
0
0
0
0
0
0
-1.26761e-09
-3.99073e-13
-3.13823e-07
0
0
0
0
0
0
0
0
0
-9.43863e-12
-6.49495e-15
-2.33672e-09
0
0
0
0
0
0
0
0
0
-1.64557e-08
-5.47647e-11
-4.07393e-06
0
0
0
0
0
0
0
0
0
-1.83692e-09
-7.83662e-12
-4.54765e-07
0
0
0
0
0
0
0
0
0
-2.41394e-11
-1.26092e-13
-5.97618e-09
0
0
0
0
0
0
0
0
0
-3.08916e-10
-7.33764e-15
-7.64782e-08
0
0
0
0
0
0
0
0
0
-4.49222e-09
-1.26833e-13
-1.11214e-06
0
0
0
0
0
0
0
0
0
-1.77793e-11
-5.82674e-16
-4.40161e-09
0
0
0
0
0
0
0
0
0
-3.72474e-09
-1.60512e-13
-9.22132e-07
0
0
0
0
0
0
0
0
0
-3.35073e-11
-3.82873e-15
-8.2954e-09
0
0
0
0
0
0
0
0
0
-2.87151e-10
-5.44483e-14
-7.10898e-08
0
0
0
0
0
0
0
0
0
-8.58287e-10
0
-2.12486e-07
0
0
0
0
0
0
0
0
0
-4.80267e-11
0
-1.189e-08
0
0
0
0
0
0
0
0
0
-6.26691e-11
0
-1.5515e-08
0
0
0
0
0
0
0
0
0
-1.49086e-10
-6.95305e-16
-3.69091e-08
0
0
0
0
0
0
0
0
0
-4.06881e-11
-2.45244e-16
-1.00731e-08
0
0
0
0
0
0
0
0
0
-2.76478e-11
-2.04422e-16
-6.84476e-09
0
0
0
0
0
0
0
0
0
-9.80089e-10
-2.32799e-14
-2.4264e-07
0
0
0
0
0
0
0
0
0
-1.60418e-10
-4.52925e-15
-3.97147e-08
0
0
0
0
0
0
0
0
0
-1.45484e-11
-4.76789e-16
-3.60173e-09
0
0
0
0
0
0
0
0
0
-3.14559e-10
-1.04685e-12
-7.78751e-08
0
0
0
0
0
0
0
0
0
-2.11934e-11
-9.04147e-14
-5.24683e-09
0
0
0
0
0
0
0
0
0
-1.97386e-11
-1.03105e-13
-4.88667e-09
0
0
0
0
0
0
0
0
0
-1.88613e-08
-8.12801e-13
-4.66948e-06
0
0
0
0
0
0
0
0
0
-7.66166e-12
-8.75462e-16
-1.89679e-09
0
0
0
0
0
0
0
0
0
-3.94987e-09
-7.48958e-13
-9.77868e-07
0
0
0
0
0
0
0
0
0
-7.53173e-10
-9.5029e-15
-1.86463e-07
0
0
0
0
0
0
0
0
0
-2.28108e-10
-3.868e-15
-5.64727e-08
0
0
0
0
0
0
0
0
0
-2.18041e-10
-4.65548e-15
-5.39804e-08
0
0
0
0
0
0
0
0
0
-1.48605e-10
-1.25252e-12
-3.67902e-08
0
0
0
0
0
0
0
0
0
-2.21166e-11
-2.12683e-13
-5.47541e-09
0
0
0
0
0
0
0
0
0
-3.30054e-11
-3.63095e-13
-8.17113e-09
