-0.319834
-1
-0.00314561
2.99842e-09
-117.493
-0
-1.17493
-0
-0
-0
1.17493
-0
-0
-0
-0
1
2.4757
-1
-0.01
-3.4757
0
104.236
0
0
-74.2461
-74.2461
0.2999
-7.4141e-09
7.51908e+08
0.144497
0.144497
-7.51908e+08
2.4757
-1
-0.01
-3.4757
-0.000170029
104.236
-1.70053e-06
-2.39e-08
-74.2459
-74.2459
0.299901
9.62531e-09
8.32974e+08
0.160076
0.160076
-8.32974e+08
2.47572
-1
-0.01
-3.47572
-0.000837208
104.235
-8.3983e-06
-2.62199e-06
-74.2462
-74.2453
0.299909
0.000881222
5.83803e+07
0.0112194
0.0112195
-5.83803e+07
2.47571
-1
-0.01
-3.47571
-0.000522754
104.235
-5.22765e-06
-1.11525e-08
-74.2454
-74.2454
0.299902
5.475e-10
4.49113e+08
0.086308
0.086308
-4.49113e+08
2.47578
-1
-0.01
-3.47578
-0.00250963
104.231
-2.51112e-05
-1.48954e-06
-74.2426
-74.2426
0.299911
1.0536e-06
1.25585e+09
0.241342
0.241342
-1.25585e+09
2.4757
-1
-0.01
-3.4757
0
104.236
0
0
-74.2461
-74.2461
0.2999
-7.41409e-09
5.25563e+08
0.101
0.101
-5.25563e+08
2.4757
-1
-0.01
-3.4757
-0.000178837
104.236
-1.78838e-06
-1.05342e-09
-74.2459
-74.2459
0.299901
-6.64798e-09
2.122e+08
0.0407793
0.0407793
-2.122e+08
2.47747
-1
-0.01
-3.47747
-0.0531477
104.13
-0.000531623
-1.46304e-05
-74.1704
-74.1704
0.300126
1.04138e-05
1.32116e+09
0.253889
0.253889
-1.32116e+09
2.47572
-1
-0.01
-3.47572
-0.000768501
104.235
-7.68518e-06
-1.76722e-08
-74.245
-74.245
0.299903
5.19757e-09
2.12205e+08
0.0407803
0.0407803
-2.12205e+08
2.47581
-1
-0.01
-3.47581
-0.00343491
104.229
-3.43503e-05
-1.20996e-07
-74.2412
-74.2412
0.299915
7.87871e-08
1.19108e+09
0.228895
0.228895
-1.19108e+09
2.47571
-1
-0.01
-3.47571
-0.000409112
104.235
-4.09232e-06
-1.20417e-07
-74.2455
-74.2455
0.299902
7.8374e-08
1.11964e+09
0.215167
0.215167
-1.11964e+09
2.4757
-1
-0.01
-3.4757
0
104.236
0
0
-74.2461
-74.2461
0.2999
-7.41415e-09
6.64915e+08
0.12778
0.12778
-6.64915e+08
2.4757
-1
-0.01
-3.4757
-0.000141609
104.237
-1.46434e-06
-4.82561e-06
-74.2472
-74.2463
0.299906
0.000882797
1.93442e+07
0.00371754
0.00371754
-1.93442e+07
2.47572
-1
-0.01
-3.47572
-0.000794945
104.235
-7.9496e-06
-1.53508e-08
-74.245
-74.245
0.299903
3.53949e-09
3.88273e+08
0.0746162
0.0746161
-3.88273e+08
2.47601
-1
-0.01
-3.47601
-0.00951083
104.217
-9.51094e-05
-1.10291e-07
-74.2326
-74.2326
0.29994
7.11664e-08
7.79497e+08
0.149799
0.149799
-7.79497e+08
2.47912
-1
-0.01
-3.47912
-0.101805
104.031
-0.00102784
-0.000979005
-74.1016
-74.1
0.300341
0.00157584
5.45948e+07
0.0104917
0.0104917
-5.45948e+07
2.47572
-1
-0.01
-3.47572
-0.000838608
104.234
-8.38612e-06
-3.94014e-09
-74.2449
-74.2449
0.299904
-4.5903e-09
2.07516e+08
0.0398792
0.0398792
-2.07516e+08
2.47575
-1
-0.01
-3.47575
-0.00162172
104.233
-1.62199e-05
-2.76075e-07
-74.2438
-74.2438
0.299907
1.89361e-07
2.47194e+08
0.0475043
0.0475044
-2.47194e+08
2.4757
-1
-0.01
-3.4757
0
104.236
0
0
-74.2461
-74.2461
0.2999
-7.4141e-09
1.03201e+09
0.198326
0.198326
-1.03201e+09
2.4757
-1
-0.01
-3.4757
-0.000157845
104.236
-1.57965e-06
-1.19923e-07
-74.2459
-74.2459
0.299901
7.80209e-08
4.59936e+09
0.883879
0.883879
-4.59936e+09
2.47572
-1
-0.01
-3.47572
-0.000734378
104.235
-7.34423e-06
-4.42835e-08
-74.2451
-74.2451
0.299903
2.41449e-08
8.65759e+08
0.166377
0.166377
-8.65759e+08
2.47918
-1
-0.01
-3.47918
-0.104411
104.027
-0.00104439
-2.86559e-05
-74.0973
-74.0973
0.300343
2.04039e-05
2.81301e+09
0.540574
0.540574
-2.81301e+09
2.47576
-1
-0.01
-3.47576
-0.00164619
104.233
-2.21823e-05
-0.000572033
-74.2446
-74.2433
0.299915
0.00128679
4.38234e+07
0.00842193
0.00842193
-4.38234e+07
2.47571
-1
-0.01
-3.47571
-0.000450638
104.235
-4.50809e-06
-1.71473e-07
-74.2455
-74.2455
0.299902
1.14744e-07
8.33804e+08
0.160236
0.160236
-8.33804e+08
2.48467
-1
-0.01
-3.48467
-0.267673
103.7
-0.00267786
-0.000113445
-73.8642
-73.8642
0.301035
8.07978e-05
4.90852e+09
0.943222
0.943223
-4.90852e+09
