-0.00025658
2.36586e+06
0.536246
0.000109407
-1.01157e+06
-6.10851e-08
-0.00789854
7.27991e+07
-0.0929367
-0.00361794
3.34283e+07
-238.688
-0.010035
9.22787e+07
0.806752
-0.00949284
8.70964e+07
-1.85424
-0.000603874
5.56477e+06
1.36536e-05
6.60214e-05
-609889
2.95206e-10
-0.000595047
5.48283e+06
-2.38305e-05
-0.00225929
2.08101e+07
0.00209625
5.45876e-05
-503295
-6.4786e-11
-0.0013585
1.25235e+07
0.000208132
-3.24941e-05
298348
-8.80502e-11
-0.000101288
931577
1.21604e-09
0.0022982
-2.13502e+07
314.443
-0.000154663
1.42173e+06
-0.00325268
9.40154e-05
-870133
3.75824e-07
-0.00373797
3.45388e+07
-0.00355749
0.000193826
-1.79097e+06
-1.34886e-10
-0.000169647
1.56028e+06
2.44495
3.53062e-05
-329338
0.000119139
-0.0111239
1.02492e+08
-14.2933
-0.00423533
3.90639e+07
0.000983818
0.000103094
-953327
-6.69419e-09
-0.00071278
6.57052e+06
0.000305516
-0.000370001
3.40837e+06
3.20437e-07
-0.00375539
3.45955e+07
0.0143148
-0.00115231
1.06253e+07
-3.60524e-06
-0.000284178
2.61642e+06
3.25797e-07
-6.83444e-05
628522
-5.59389e-11
-3.18762e-05
289298
-23.2695
-0.000285516
2.63332e+06
-0.000584627
0.000203065
-1.87647e+06
7.11074e-11
0.000116948
-1.08123e+06
8.56752e-11
-0.00036777
3.39724e+06
47.4959
0.000119325
-1.10484e+06
-1.37341e-09
-0.025986
2.47859e+08
-0.0224033
-0.00725467
6.68052e+07
-0.000131428
-0.0150647
1.38713e+08
0.000749673
-0.0230895
2.21013e+08
-4.92038
0.000132226
-1.22116e+06
1.36102e-10
-0.0214719
2.06242e+08
-4.62286
-0.00162882
1.50013e+07
1.3018e-06
7.53796e-05
-696939
-2.25852e-10
-0.000527064
4.84573e+06
-1.88842e-05
-0.00181272
1.66834e+07
2.82446e-06
1.23075e-05
-117339
-2.40968e-09
5.32309e-05
-497537
-1.18642e-09
-0.00135163
1.24602e+07
4.80575e-07
4.66802e-05
-430273
-1.19613e-10
2.93134e-05
-273963
1.63933e-10
0.000276162
-2.53567e+06
0.0638997
-2.26717e-05
203959
0.20669
0.000202651
-1.87264e+06
-1.13456e-09
-0.00163025
1.50506e+07
0.0527053
-0.000400428
3.69997e+06
0.247356
-0.00744091
6.85212e+07
-0.00789226
-0.015131
1.39324e+08
-11.6676
-0.0213418
2.05063e+08
-4.65692
-0.000567389
5.21785e+06
0.00104176
-0.000873013
8.04025e+06
2.62981e-05
-0.00270018
2.48839e+07
-0.000219071
-7.8414e-05
720987
8.96804e-09
-8.9195e-05
820095
8.33383e-09
-4.09489e-06
36996.4
-4.78771e-12
-0.000223037
2.05498e+06
0.282809
-0.00362137
3.34966e+07
61.4706
-0.011018
1.01516e+08
0.00032577
0.000163035
-1.506e+06
-1.58318e-10
-0.00234964
2.16544e+07
0.0146473
-0.002577
2.37404e+07
5.24581e-05
9.87632e-05
-913183
-7.95745e-10
6.64856e-05
-614170
-4.53973e-12
-0.00179903
1.65635e+07
-1.04349e-05
-0.0094306
8.66978e+07
0.000246272
-0.00059248
5.45915e+06
-2.39853e-07
4.42434e-05
-408458
-2.54005e-11
-0.000285048
2.62445e+06
-8.03771e-10
-4.44534e-05
405907
-0.676009
-0.000138421
1.27153e+06
-0.0003062
9.71623e-05
-898412
1.20271e-11
0.000425471
-3.95592e+06
-0.604794
-0.00381397
3.52414e+07
-0.00476173
-0.00423084
3.90225e+07
-3.36031e-09
-0.00851091
7.85208e+07
-0.0148228
-0.00248979
2.29549e+07
-7.58102e-10
7.8322e-05
-724681
-1.65295e-11
-0.0137397
1.77737e+08
-3.84642
-0.0100279
9.22136e+07
6.73174e-07
-0.00366245
3.37651e+07
-1.77836e-05
-0.0112458
1.03166e+08
-2.3134
-0.000603717
5.56332e+06
1.31027e-11
-0.000872729
8.03764e+06
-1.70137e-11
-0.00375471
3.45893e+07
1.66937e-08
-0.00100787
9.28289e+06
1.65683e-11
-7.83967e-05
720827
-2.26578e-11
5.45721e-05
-503151
-1.30528e-11
-0.00115161
1.06188e+07
-1.87084e-11
-0.000264665
2.43991e+06
2.95293e-12
3.07917e-05
-287600
8.16015e-12
9.41796e-05
-866744
-1.52754e-11
0.00153655
-1.42759e+07
1.0924
-0.000198244
1.82547e+06
58.4775
-0.00028381
2.6172e+06
0.00145246
-0.00850676
7.84824e+07
-112.342
-0.00259493
2.39057e+07
0.0201229
9.83735e-05
-909588
3.8332e-06
-0.00366634
3.3801e+07
-0.217346
-0.0112842
1.03518e+08
-2.32612
-0.00935929
8.60416e+07
0.746463
-0.00183109
1.68526e+07
0.00115657
-0.00117996
1.08753e+07
-2.21825e-05
0.000100961
-933506
5.62819e-09
0.000696541
-6.46918e+06
-15.9062
-0.0042497
3.91966e+07
-4.44375e-06
0.000183315
-1.69361e+06
5.19473e-11
7.66809e-05
-709530
-1.8897e-10
-0.0135016
1.76319e+08
-3.8531
-0.000604978
5.57495e+06
1.67864e-08
-0.00529254
4.87011e+07
-4.96217e-05
-0.00482851
4.44111e+07
9.6644e-05
-0.000875604
8.06414e+06
-7.72636e-08
-0.0037546
3.45883e+07
4.10727e-05
-0.00101177
9.31884e+06
1.68582e-08
-5.47647e-05
498921
2.50039e-08
-8.85722e-05
814356
-4.17352e-11
-0.000261756
2.41304e+06
-3.06118e-11
9.1619e-05
-843188
-1.63992e-11
0.000713875
-6.64315e+06
10.8238
-0.000258337
2.38174e+06
-0.0465491
9.67495e-05
-895395
-4.88789e-11
0.000203456
-1.88008e+06
-7.1548e-12
-0.00272323
2.52013e+07
-0.153807
-0.00163064
1.50543e+07
4.09757e-08
-0.00034451
3.1816e+06
-2.58949
0.000103418
-956313
1.90814e-11
-0.0106415
1.07386e+08
-2.21895
-0.0231836
2.21863e+08
-4.81097
-0.000712516
6.56809e+06
2.31774e-10
-0.0216105
2.07499e+08
-4.5116
-0.00161485
1.48725e+07
5.64425e-10
-0.001725
1.58807e+07
-2.27334e-09
1.39206e-05
-129054
-6.54014e-12
-0.00225863
2.08041e+07
1.61865e-09
1.28057e-05
-121933
-1.52811e-11
0.00011197
-1.03039e+06
-7.69214e-12
-0.000308137
2.84055e+06
-4.34857e-12
-0.000673555
6.21035e+06
9.60661e-12
-0.000101246
931196
-9.42204e-12
-3.91068e-06
35300.1
-4.17312e-12
2.10305e-05
-196281
-5.33066e-06
0.000183128
-1.69189e+06
-1.48874e-10
7.50688e-05
-694649
-5.21036e-08
-0.00240644
2.21787e+07
0.30165
-0.0229958
2.20167e+08
-4.95262
-0.00764345
7.03838e+07
-0.0317329
-0.00164435
1.51444e+07
0.00164842
7.4873e-05
-692268
1.91294e-07
-0.00483746
4.44934e+07
0.0382102
-0.00101594
9.35729e+06
2.57556e-05
-5.78898e-05
527738
3.41789e-05
-0.000258436
2.38239e+06
-4.90162e-09
0.000392534
-3.65003e+06
1.76779
-0.00266474
2.46596e+07
0.373102
-0.00159005
1.46793e+07
-1.5536e-05
-0.000617674
5.69454e+06
-1.31939e-07
0.000106582
-985530
-2.82291e-11
-0.0083976
7.74748e+07
-0.469608
-2.13891e-05
193058
-1.07345e-08
-0.0022613
2.08287e+07
2.006e-06
0.000110096
-1.01315e+06
-4.67972e-11
-6.65057e-05
611576
3.28361e-11
0.00248487
-2.3084e+07
-6.00912
3.37303e-05
-314774
1.20698e-08
0.000122598
-1.13342e+06
7.17966e-12
-0.00356974
3.30186e+07
-0.318342
0.000183428
-1.69466e+06
-1.36556e-11
-0.00362058
3.34527e+07
-0.110576
-0.0140657
1.29178e+08
-5.29087e-07
-0.0149509
1.37665e+08
-0.000358381
-0.00256211
2.36031e+07
1.55826e-08
9.83795e-05
-909642
1.08214e-11
-0.00946723
8.68613e+07
-1.86301
-0.00048209
4.4307e+06
6.86919e-10
-0.0048267
4.43944e+07
5.10339e-08
-5.54773e-05
510209
1.42872e-11
5.82007e-05
-543411
7.68701e-12
-0.00134488
1.23979e+07
1.97916e-10
-0.000286116
2.63429e+06
9.03125e-12
5.09527e-05
-469610
-5.01706e-12
-0.000695563
6.41514e+06
1.74013e-11
0.000308765
-2.83494e+06
0.043602
9.28334e-05
-859213
0.000879718
-0.00263549
2.43887e+07
-317.662
0.000193502
-1.78797e+06
-7.16469e-12
-0.000630859
5.81626e+06
4.76557e-06
-3.3378e-05
303709
-5.32097e-06
0.000163133
-1.5069e+06
-8.89959e-10
-0.00670968
6.17353e+07
0.0373367
-0.00186624
1.71832e+07
-0.000459416
9.99716e-06
-96044.1
2.47736e-06
-0.000254188
2.34129e+06
-6.90311e-07
0.000108091
-994704
-2.43409e-11
-0.000308198
2.84111e+06
-2.62523e-09
0.000664344
-6.18242e+06
0.20107
-9.76772e-05
899506
5.06866e-06
-0.00369637
3.41535e+07
-0.400779
-0.014015
1.28711e+08
-2.73009
-0.00250353
2.30817e+07
-7.80506e-07
-0.000716488
6.60473e+06
5.34794e-07
-0.00750313
6.90908e+07
-6.53827e-05
-5.51436e-05
507133
-2.62486e-12
5.55289e-05
-511965
2.65918e-11
-0.000101018
929089
3.20346e-12
-2.98332e-06
26759
-3.39916e-11
-0.000285276
2.63109e+06
-2.1975e-06
0.000682016
-6.33442e+06
-4.24954
2.19138e-05
-204440
-3.66471e-11
0.000194158
-1.79404e+06
6.81843e-11
-0.0260012
2.47985e+08
0.00076738
-0.00702695
6.47069e+07
-4.26249e-08
-9.6506e-06
84712.9
-1.53992e-11
-0.00229586
2.1158e+07
-0.00203082
7.51077e-05
-694431
-1.479e-11
-0.00527065
4.84994e+07
-4.3008e-08
-0.00179751
1.65432e+07
9.82005e-10
4.426e-05
-408610
1.23988e-11
-0.000254126
2.34073e+06
-1.38849e-12
-5.51356e-05
502339
3.30029e-11
-3.24751e-05
298174
-3.5349e-13
-6.46398e-05
594378
-9.17659e-12
0.000601203
-5.5951e+06
0.0368197
0.00010568
-977110
1.69781e-06
-0.00752665
6.94773e+07
-117.737
0.000119262
-1.10427e+06
-7.17086e-07
-0.0139482
1.28097e+08
-2.66168
-0.00252118
2.32444e+07
-0.000260777
0.000132019
-1.21926e+06
7.05071e-09
-0.00531446
4.89028e+07
-0.00748032
-5.50265e-05
506053
-6.11499e-10
4.62736e-05
-433324
-3.53925e-07
-0.000695694
6.41635e+06
-2.61817e-08
0.000249774
-2.29341e+06
0.077714
-1.7856e-05
162936
-9.95572e-10
-0.00784851
7.23378e+07
-1.24379e-05
-0.00365619
3.37074e+07
-0.000295224
-0.00655146
6.02786e+07
2.34723e-05
-0.000370381
3.41189e+06
-1.68445e-09
1.47866e-05
-137038
5.79612e-11
-0.000254825
2.34718e+06
-1.9639e-09
-0.000282471
2.60483e+06
2.16613e-09
-0.0109192
1.00605e+08
-0.000613517
-0.0131208
1.20605e+08
-0.000995816
-0.00733932
6.75812e+07
-2.02579e-07
6.69431e-05
-618390
-8.35279e-12
-0.00951892
8.75104e+07
7.63332e-07
-0.00269937
2.48765e+07
-6.69077e-10
-8.8333e-05
812150
7.05394e-13
-0.00366203
3.38728e+07
-525.158
1.55447e-05
-144026
-1.12115e-10
-0.000674382
6.21797e+06
1.555e-06
8.90024e-05
-819116
-3.17418e-11
-0.00225594
2.08275e+07
-0.000252604
-0.000260177
2.39889e+06
-7.57834e-07
-0.0130395
1.19857e+08
0.00444076
-0.00993051
9.13171e+07
0.00196835
-0.0111521
1.02305e+08
-2.3261
-0.00269556
2.48413e+07
-7.6251e-07
-7.84152e-05
720999
-1.12914e-10
-0.000684623
6.31417e+06
-2.90861e-11
-0.00753027
6.95108e+07
-0.015676
-0.00779045
7.18024e+07
-1.39523e-06
-0.000606527
5.59163e+06
-1.17731e-11
0.000132429
-1.22304e+06
1.6629e-11
-0.00635378
5.84585e+07
2.03155e-08
-0.000371029
3.41786e+06
-4.19773e-12
-0.00117925
1.08688e+07
-4.54166e-11
0.000691408
-6.42159e+06
1.05297
-0.00228496
2.10955e+07
0.00135569
-0.0129938
1.19435e+08
-26.8349
4.33324e-05
-399451
-1.35428e-12
2.7248e-05
-254913
1.88588e-07
-0.00741641
6.84591e+07
-0.370653
-0.0104845
1.05961e+08
-2.25522
-0.00117807
1.08578e+07
-6.99008e-08
-0.00114953
1.05997e+07
-8.65713e-09
-3.15765e-05
289895
-3.32488e-11
-0.000306015
2.82095e+06
3.76113e-12
-0.000670352
6.18079e+06
2.94862e-09
-0.002226
2.05508e+07
-1.60964e-05
0.000118842
-1.10039e+06
-4.66194e-11
0.000162853
-1.50431e+06
-8.8335e-12
-0.000589946
5.43576e+06
-2.23881e-10
0.000365131
-3.39556e+06
0.052438
-0.00367971
3.40001e+07
-30.7664
-0.0259312
2.47372e+08
-1.5729
-0.0103286
1.04548e+08
-2.26736
4.40291e-05
-406484
-3.04959e-10
-0.00938413
8.60977e+07
-1.88111
-0.013297
1.75128e+08
-3.57092
