-0.00073502
6.79364e+06
896.058
-5.33005e-08
492.55
1.50204e-07
3.59246e-07
-3303.96
0.00464124
1.04276e-06
-9636.85
-0.0208724
-2.12151e-07
1966.04
8.63116e-05
9.12852e-09
-54.5698
4.5669e-06
4.01218e-07
-3699.3
-4.25667e-09
3.14411e-08
-289.825
-3.56235e-14
5.88186e-07
-5427.19
5.41588e-09
1.05007e-06
-9676.05
-4.19954e-07
-4.73123e-09
43.6784
1.35031e-14
8.91752e-07
-8224.25
-3.78961e-08
1.61465e-07
-1487.41
-8.80938e-14
2.44989e-07
-2258.58
1.42812e-13
2.59094e-06
-24065.1
-0.890098
-2.08508e-06
19283.4
-5.74815e-06
1.11559e-08
-102.774
-1.02687e-09
7.89301e-07
-7293.29
2.74422e-06
-2.87341e-08
265.532
4.70516e-14
3.72829e-07
-3445.99
0.00519332
-1.50705e-05
139260
5.87325
5.06237e-07
-4652.93
0.00214959
4.24021e-07
-3908.82
0.322348
6.40445e-09
-58.8892
1.03948e-12
4.79915e-07
-4426.38
-6.83112e-08
3.05091e-07
-2812.26
-1.10553e-10
1.32317e-06
-12192.4
-2.16683e-06
8.65525e-07
-7984.92
7.36521e-10
4.01147e-07
-3698.01
-1.82948e-10
2.58462e-07
-2381.92
2.69965e-14
1.23413e-07
-1143.1
0.123298
-0.000800865
7.40223e+06
-0.000188226
-3.3661e-08
311.067
-2.05535e-14
-4.78467e-08
442.171
-3.08921e-14
9.20912e-07
-8533.28
-0.697975
1.0096e-07
-931.673
3.9345e-13
-7.53717e-07
4940.06
0.000166488
2.33519e-06
-21508.9
1.518e-06
-5.62155e-07
5196.63
-2.18963e-05
-3.69128e-06
31858.7
-0.000780961
-2.36326e-08
218.28
-5.59512e-14
-3.86713e-06
33452.5
-0.000834447
8.42591e-07
-7764.34
-2.80688e-09
7.77181e-08
-716.518
4.2936e-14
6.44085e-07
-5940.1
7.49428e-08
1.13378e-06
-10442.9
-8.03577e-09
2.4536e-07
-2261.06
7.195e-13
3.06927e-07
-2831.72
1.03412e-12
8.73545e-07
-8056.3
-9.54723e-11
-2.47763e-08
228.214
5.74807e-14
7.03719e-08
-648.389
-9.13129e-14
8.4114e-08
-772.28
-0.000112235
7.09495e-08
-656.627
4.67334e-05
-2.81432e-08
260.089
5.73422e-09
-2.08826e-05
192913
12.8344
1.3189e-06
-12222.1
-1.67686e-05
5.35322e-06
-49318.4
-1.17624e-05
7.43559e-07
-6833.5
0.00171634
-6.80123e-06
60315.9
-0.00138862
1.08468e-06
-10006
-1.99216e-07
5.87011e-07
-5409.8
-6.84985e-09
1.12372e-06
-10359.5
4.40836e-08
1.75016e-07
-1612.72
-8.96528e-12
2.68651e-07
-2475.93
-8.12045e-12
1.44674e-07
-1332.35
9.00557e-15
4.56672e-07
-4225.31
-0.000618791
1.01078e-06
-9351.09
-0.808239
6.38665e-07
-5873.97
2.16059e-05
-2.80289e-08
258.935
7.3672e-14
2.5266e-06
-23317.4
-3.5473e-05
1.16466e-06
-10733.7
-6.27976e-08
7.62707e-08
-703.439
1.30361e-13
3.06015e-08
-282.081
1.33662e-14
1.42042e-06
-13093.8
7.05794e-08
1.97922e-06
-18196
1.27813e-05
5.68026e-07
-5241.11
4.69719e-11
8.15998e-09
-75.02
5.16681e-15
3.94084e-07
-3632.88
4.60949e-14
1.81087e-07
-1677.89
0.000962225
-5.47888e-06
50667.5
4.7285e-05
-3.87594e-08
358.244
2.79361e-14
1.26584e-06
-11755.4
-0.00158587
2.23105e-06
-20623
-1.05509e-06
3.87049e-07
-3567.63
1.08712e-10
6.76343e-07
-6233.42
-3.43408e-06
1.51335e-06
-13958
2.34746e-13
9.53373e-08
-879.773
1.44248e-14
-3.92033e-06
24510.7
-0.000526958
-2.15109e-07
1993.25
-8.32393e-11
1.01155e-06
-9327.95
-5.61903e-09
-1.51652e-06
13957.2
-0.000300018
3.99548e-07
-3683.89
3.11945e-15
5.83632e-07
-5378.66
-2.19001e-14
1.32523e-06
-12211.4
-3.24627e-12
7.36907e-07
-6791.58
1.15056e-14
1.74811e-07
-1610.83
6.84424e-15
-4.70173e-09
43.4066
5.52443e-15
8.63775e-07
-7968.77
1.02706e-14
5.76487e-07
-5321.8
-6.59796e-15
4.77362e-08
-439.596
-2.84363e-15
1.69635e-07
-1560.54
6.82915e-15
4.52758e-06
-42054.4
0.00332192
2.17072e-07
-2007.41
0.00457769
-6.09915e-07
5635.07
0.0612837
6.91982e-07
-6377.78
0.0147345
1.25697e-06
-11584.6
1.20423e-07
7.61934e-08
-702.725
-8.53263e-10
1.01924e-06
-9398.88
-0.000135709
-1.56178e-06
14373
-0.00031641
1.41063e-06
-12964.4
0.00017259
1.37951e-06
-12707.2
-8.49462e-08
6.61322e-07
-6099.64
7.34469e-09
-2.6041e-08
240.74
-1.25724e-12
1.22364e-06
-11350.4
-0.294083
4.36211e-07
-4021.3
-6.32071e-09
-3.21922e-08
297.435
-8.79334e-15
9.65189e-08
-890.682
3.00627e-14
-4.01813e-06
25229.7
-0.000542512
4.00316e-07
-3690.98
-3.71934e-12
1.48834e-06
-13699.3
9.33958e-08
1.87368e-06
-17241.6
-4.13435e-08
5.84146e-07
-5383.4
1.34821e-11
1.31631e-06
-12129.2
-9.61389e-09
7.4748e-07
-6889.04
-3.34721e-12
4.43754e-07
-4091.21
-1.01755e-11
2.65447e-07
-2446.39
-3.66098e-14
5.63659e-07
-5203.36
2.18625e-14
1.93867e-07
-1783.48
-2.24397e-14
1.85655e-06
-17272.8
-0.010917
7.57229e-07
-7007.46
2.93031e-05
-7.70804e-08
712.485
3.39609e-11
-4.06964e-08
376.066
-1.15504e-14
6.15613e-07
-5697.33
3.37451e-05
-2.33793e-05
215977
7.67589e-09
5.54789e-07
-5139.78
0.000240459
6.61656e-09
-60.8481
-2.43712e-16
-6.68767e-07
4121.76
-8.38889e-05
-5.56323e-07
3152.71
-5.19517e-05
4.78647e-07
-4414.67
-4.1815e-14
-1.91024e-07
-205.477
1.78633e-05
5.49932e-07
-5066.6
-2.52047e-13
2.52035e-07
-2318.72
4.01932e-13
6.14878e-08
-566.672
2.77885e-15
1.04946e-06
-9670.46
-5.70428e-13
2.35113e-07
-2166.6
1.0115e-15
9.59091e-08
-882.311
-2.69128e-15
6.07039e-07
-5603.03
9.10369e-15
6.60122e-07
-6089.85
4.3187e-14
2.44665e-07
-2255.6
6.23337e-15
1.43797e-07
-1324.27
1.16034e-15
2.29178e-08
-211.296
0.000104213
-3.01961e-08
279.001
1.37021e-14
9.85238e-08
-909.19
1.17031e-11
3.05269e-06
-28174
0.0190207
-6.19429e-06
54777.2
-0.00125808
-2.07812e-07
1926.54
1.23902e-06
1.07523e-06
-9908.79
-2.18046e-07
7.91645e-08
-729.859
-4.28478e-11
1.89332e-06
-17422.5
1.28864e-06
7.59796e-07
-7002.58
-5.68508e-09
4.59086e-07
-4232.6
-1.22259e-08
5.51014e-07
-5086.61
1.0507e-12
1.30426e-06
-12112.2
-0.0077603
7.06073e-07
-6534.96
0.00118554
-2.26594e-05
209327
-6.63099e-07
7.55245e-07
-6970.89
1.32724e-10
1.49551e-08
-137.854
-3.19218e-15
7.76741e-07
-7160.29
0.00719812
3.79933e-07
-3505.79
1.14676e-11
1.0394e-06
-9577.7
-3.99546e-10
1.20147e-07
-1105.3
-5.1182e-15
2.56996e-07
-2368.41
1.75005e-14
1.93148e-06
-17939.7
-0.00364109
-1.79386e-05
165763
2.71634e-08
-4.66233e-08
430.87
-4.19201e-15
2.70095e-07
-2495.48
1.83018e-05
-3.4785e-08
321.381
2.2443e-14
1.03352e-06
-9551.44
1.95964e-05
2.31016e-07
-2096.4
-9.39705e-10
-2.19328e-06
20224.9
-4.15636e-08
1.04477e-06
-9628.32
-3.68521e-12
7.67962e-08
-708.288
-4.90639e-15
2.89197e-08
-236.472
8.77268e-06
9.17754e-08
-843.241
-7.28046e-14
1.84515e-06
-16979
-1.10649e-11
1.06325e-07
-979.986
-7.28964e-16
2.37921e-07
-2194.78
-3.19079e-16
8.54117e-07
-7877.09
-1.98631e-13
3.87051e-07
-3568.04
-9.08965e-16
-6.27854e-08
578.16
-7.326e-16
7.85065e-07
-7244.66
-1.16422e-13
-4.1039e-07
3767.94
-5.81113e-05
7.66701e-08
-708.093
0.0184994
7.42356e-07
-6870.93
0.0511414
-2.36777e-08
218.822
-8.00787e-14
8.35912e-07
-7715.62
0.000986335
4.5634e-07
-4211
2.15014e-09
-2.97546e-08
274.867
1.67289e-13
4.60196e-08
-415.083
-1.64716e-06
2.35089e-06
-21674.8
9.58188e-08
2.54322e-07
-2343.67
-1.10262e-09
5.1094e-07
-4715.87
1.417e-10
1.471e-07
-1353.27
6.81636e-15
6.07309e-07
-5605.52
4.38453e-13
1.95464e-06
-18185.7
0.000415167
-1.65919e-05
153319
-3.33371e-07
9.63025e-07
-8899.58
0.00547713
2.62376e-07
-2384.71
5.05501e-05
1.66377e-06
-15345.6
1.24043e-10
4.77108e-07
-4400.48
-1.04377e-10
-2.63598e-07
2440.65
1.9036e-08
1.05908e-07
-976.136
1.1514e-14
-1.36904e-08
126.202
-3.6523e-15
2.41055e-07
-2222.31
-5.03334e-17
1.30316e-07
-1200.1
1.26998e-14
-0.00087515
8.08884e+06
-4.37588e-06
1.07485e-06
-9970.04
-0.00101266
2.07226e-08
-191.018
-3.88463e-14
-3.51508e-08
324.806
-1.74576e-14
-2.50162e-07
327.466
-9.21902e-07
-1.4552e-06
13417.7
2.98343e-12
2.84032e-07
-2620.65
4.4182e-15
1.85956e-06
-17159.4
-2.38341e-07
7.62954e-08
-703.395
5.35893e-15
1.27507e-06
-11734.9
8.6115e-12
8.24572e-07
-7593.83
-4.96992e-16
7.51756e-09
-69.1008
-2.97644e-15
5.10099e-07
-4708.11
-2.74206e-16
4.25577e-07
-3923.57
-1.11383e-14
1.61544e-07
-1488.13
1.40455e-15
2.55857e-07
-2357.91
9.24695e-16
2.03915e-06
-18972.5
0.000110275
-1.12676e-08
104.251
3.51678e-05
2.9579e-07
-2722.89
0.0149905
1.03343e-07
-953.679
7.5744e-08
4.05057e-07
-3696.42
7.5394e-05
1.82178e-06
-16803.2
2.03804e-05
-2.08261e-08
192.38
-1.48403e-12
1.6559e-06
-15242.7
-1.41998e-07
1.05593e-07
-973.239
-1.31846e-12
3.64096e-07
-3359.4
9.83572e-11
7.85018e-07
-7244.22
5.24984e-12
4.78796e-07
-4396.14
0.000149564
1.50857e-08
-138.947
-2.98955e-12
2.36594e-07
-2172.81
1.26171e-08
1.12217e-06
-10348.6
7.87184e-09
3.17693e-08
-283.883
-5.24672e-09
3.04842e-07
-2809.97
4.77748e-13
6.2842e-08
-579.156
-1.11707e-14
5.04272e-07
-4654.31
4.47254e-13
-6.00207e-07
5545.4
2.64455e-13
7.74897e-07
-7130.07
1.51509e-07
3.70907e-08
-312.356
4.42804e-07
-3.32285e-07
3073.65
5.50729e-11
2.96938e-08
-273.708
1.61911e-15
2.6846e-06
-24686
-1.64694e-10
1.12187e-06
-10342.5
-1.69528e-13
2.62183e-07
-2416.31
1.17978e-15
1.54682e-06
-14312.5
0.177008
6.46924e-08
-596.213
2.95125e-14
6.62054e-07
-6107.67
-2.84583e-10
2.21123e-07
-2034.22
-1.68955e-14
1.1433e-06
-10560.3
2.26928e-06
-6.85071e-07
6329.33
-6.19258e-09
-3.77965e-08
376.807
0.000106892
-1.5669e-07
1455.66
-2.66226e-07
-1.62935e-06
14993.6
-0.000320586
1.10771e-06
-10211.9
1.55208e-10
1.73911e-07
-1602.54
6.04845e-15
7.60367e-07
-7016.72
-8.94779e-14
2.9674e-07
-2731.67
6.80598e-06
1.20659e-07
-1103.6
-5.40621e-10
6.53116e-07
-6028.03
-4.37999e-14
-2.69721e-08
249.098
-1.70851e-15
7.08515e-08
-643.721
-2.55628e-12
3.04801e-07
-2809.59
-1.7717e-15
6.53844e-07
-6030.65
1.36634e-13
1.41256e-06
-13103.2
0.000301367
1.7607e-06
-16264.7
0.00160938
-9.08909e-08
865.441
0.00708865
5.75077e-09
-52.847
3.51173e-15
8.96325e-08
-826.05
-1.11132e-10
2.45685e-07
-2260.08
0.00568384
-7.17602e-07
4566.6
-9.54466e-05
6.05593e-07
-5585.43
1.47624e-11
8.53724e-07
-7876.03
1.78084e-12
1.58802e-07
-1462.88
2.85737e-15
5.95011e-07
-5492
9.62191e-15
6.48547e-07
-5983.05
-5.08291e-13
3.76162e-07
-3472.23
-4.04073e-08
9.87923e-08
-911.656
3.72895e-15
-2.57471e-08
237.869
-1.82272e-14
5.46536e-07
-5042.75
4.2922e-14
1.39289e-06
-12935.6
-0.000132475
-3.63199e-07
3362.2
-0.00281883
-1.15656e-06
8629.11
0.000905253
-7.34899e-07
4721.99
-9.99226e-05
8.99291e-09
-82.6942
5.87751e-14
1.47303e-07
-1324.45
3.3445e-05
-4.13716e-06
26157
-0.000535803
