-0.769755
3.03622e-11
-52.3909
5.92184e-05
4.96856e-12
0.013395
-0.00115075
2.42364e-10
-0.260371
-0.000705034
1.3878e-10
-0.156075
0.000595758
3.63572e-10
0.134745
0.00119354
7.76498e-10
0.26595
-3.77342e-08
2.35727e-11
-8.53554e-06
-7.41123e-06
4.89426e-12
-0.0016764
-0.000182732
5.17642e-11
-0.0413334
-0.00010147
8.07743e-11
-0.0229522
-8.08944e-05
2.55567e-12
-0.0182981
-0.000189236
4.12921e-11
-0.0428045
-2.85304e-05
5.49567e-12
-0.00645348
-3.90027e-05
1.28958e-11
-0.00882229
-0.00205397
2.79672e-11
-0.470419
-0.00455679
6.85264e-11
-1.03073
-8.48403e-05
1.18971e-11
-0.0191906
-0.000647626
1.67615e-10
-0.146495
2.19471e-06
3.8382e-12
0.000496436
-0.0460071
4.5714e-11
-10.4247
-0.0386836
1.65809e-11
-8.74831
0.00121042
3.88969e-10
0.273945
-0.000521409
1.08473e-10
-0.122965
8.54788e-05
6.7581e-12
0.019335
-2.08648e-05
2.78486e-11
-0.00471956
-2.21305e-06
1.57626e-11
-0.000500584
-9.81259e-05
1.1023e-10
-0.0221961
-0.000127577
3.95076e-11
-0.0288575
-6.67527e-05
2.066e-11
-0.0150992
-1.91364e-05
7.49816e-12
-0.00432859
3.10853e-05
5.05864e-11
0.00431947
0.128388
4.5513e-11
29.0406
2.36006e-06
3.15065e-12
0.000533838
-4.2699e-05
7.44838e-12
-0.00965838
-9.05743e-05
9.25883e-11
0.013808
1.02995e-05
2.4035e-11
0.00232972
-0.000233038
-7.82756e-08
-0.0527236
0.00158768
3.46841e-10
0.359128
0.000796585
6.83826e-10
0.180186
-0.00123984
-7.73214e-08
-0.267424
3.67321e-06
7.42545e-12
0.000830867
-0.00144713
-7.78313e-08
-0.31099
0.000112095
1.06521e-10
0.0253556
4.68825e-06
1.33283e-11
0.00106047
0.000245582
1.46223e-10
0.0555497
0.0001169
1.56518e-10
0.0264423
1.47377e-05
3.12729e-11
0.00333361
5.55686e-05
5.00099e-11
0.0125694
2.95303e-05
6.20181e-11
0.00667966
2.19363e-05
3.97598e-12
0.00496191
2.66236e-05
2.87899e-11
0.00602217
0.000209302
8.92302e-13
0.05048
0.000436812
3.36664e-11
0.133781
-5.23736e-05
2.1024e-12
-0.0118467
-0.0428353
5.04696e-11
-9.68729
-0.00230684
6.16236e-11
-0.711858
-0.0302776
2.11761e-10
-6.85048
-0.0128495
4.47441e-10
-2.90649
0.0297576
-5.18876e-08
6.45543
-0.004264
9.63958e-11
-0.964502
-9.62968e-06
4.07811e-11
-0.0021782
-0.000160556
9.37641e-11
-0.0363173
-1.06631e-05
9.29831e-12
-0.00241195
-3.25309e-05
1.11497e-11
-0.00735839
-0.000135702
3.75918e-12
-0.0306953
-0.000140314
7.72877e-11
-0.0319977
0.000375626
1.76145e-10
0.138355
-0.00030448
5.82063e-10
-0.0688758
6.36226e-07
6.54323e-12
0.000143912
0.00019426
2.95924e-10
0.0439431
6.08849e-06
1.39446e-10
0.0013772
4.21054e-06
1.46525e-11
0.00095241
1.49133e-06
7.34199e-12
0.000337334
0.000479801
2.2196e-10
0.108529
-0.000418763
5.79481e-10
-0.0947236
3.6093e-05
7.76603e-11
0.00816412
4.37297e-06
6.51482e-12
0.000989152
1.59118e-05
3.10223e-11
0.0035992
-0.000328156
8.4521e-11
-0.0757132
-0.00174098
1.14243e-10
-0.393804
9.0985e-05
9.96447e-12
0.0205805
0.000257121
5.94253e-11
0.0623591
-0.010609
2.79473e-10
-2.39979
-0.00042633
2.7129e-10
-0.0964343
0.000618218
7.01597e-10
0.139849
0.000921152
1.80549e-10
0.208362
6.7447e-06
2.21347e-11
0.00152563
-0.000157948
-7.3269e-07
-0.0345521
0.000443326
9.07675e-10
0.100279
0.000758519
4.01622e-10
0.171574
-0.00053568
1.79082e-09
-0.115331
-2.99715e-06
5.89327e-11
-0.000677946
-1.33726e-05
1.0195e-10
-0.00302484
-6.18477e-05
2.75589e-10
-0.0139898
5.87609e-05
1.10788e-10
0.0132915
-7.57576e-06
2.32479e-11
-0.00171361
-6.10253e-05
6.48872e-12
-0.0138037
-9.36165e-05
9.88111e-11
-0.0211757
-9.85846e-05
4.93336e-11
-0.0222995
0.000202707
4.80611e-11
0.0458516
0.00015378
4.33358e-12
0.0347845
-0.00294707
1.85293e-11
-0.958924
0.00225739
5.15668e-11
0.508286
-0.00175797
2.42797e-11
-0.397647
0.000828512
2.80766e-10
0.189169
-0.000967146
9.25284e-11
-0.218766
1.07588e-05
9.77782e-12
0.00243361
0.00102344
1.60918e-10
0.231505
-0.000785443
7.15779e-10
-0.170195
0.00541052
3.92143e-10
1.22383
-0.00249117
1.02777e-10
-0.563493
-0.000489256
6.68463e-11
-0.110668
5.02989e-05
5.97827e-12
0.0113774
-0.000101721
5.83094e-11
-0.0096464
-0.000572204
1.62639e-10
-0.129431
8.53977e-07
5.09357e-12
0.000193167
1.05935e-05
1.32772e-11
0.00239622
-0.000338683
-4.45952e-07
-0.074363
1.62471e-06
3.53467e-11
0.000367504
5.64938e-05
3.97197e-10
0.0127787
-5.0707e-05
3.54844e-10
-0.0114698
2.22384e-05
6.11627e-11
0.00503026
0.000125187
1.65392e-10
0.0283169
3.81419e-05
6.64495e-11
0.00862756
1.67492e-05
4.94407e-11
0.0037886
5.96328e-06
1.67433e-11
0.00134887
-3.19682e-05
2.95946e-11
-0.00723109
8.68016e-05
2.59314e-12
0.0196342
0.000448752
1.84731e-11
0.154929
-0.00231481
1.28812e-10
-0.523796
9.51013e-05
1.98344e-11
0.0215116
5.15472e-05
5.2534e-12
0.0116598
0.000680617
2.01727e-10
0.154155
-0.0184822
1.26119e-10
-4.18061
0.00262257
1.54667e-10
0.606137
6.32698e-05
1.68813e-11
0.0143114
-0.000441082
-1.33009e-07
-0.0992007
-0.0233726
-1.28776e-07
-5.09782
-1.79137e-05
6.96261e-11
-0.00405202
-0.0273416
-1.29636e-07
-5.94099
0.00215144
1.78625e-10
0.486649
0.00860723
3.73268e-10
1.94693
7.90066e-06
9.78092e-12
0.0017871
-7.70371e-05
2.01983e-10
-0.0174255
9.95105e-05
5.21732e-11
0.0225089
0.00015662
3.67835e-12
0.035427
-9.88143e-05
5.37273e-11
-0.0223515
-9.84754e-05
5.8062e-11
-0.0222748
-2.95737e-05
3.22572e-11
-0.00668948
-9.6175e-05
9.57362e-12
-0.0217545
-9.34239e-05
1.07945e-11
-0.0211336
-1.78091e-05
3.39636e-12
-0.00402836
-1.6254e-05
8.85132e-12
-0.00367659
-0.00531185
1.96502e-10
-1.20039
0.0254102
-5.15594e-08
5.53344
-0.000392918
3.01166e-10
-0.0888748
-0.00234699
6.9763e-11
-0.530881
-5.14334e-06
8.88874e-12
-0.00116341
-0.000368766
2.36432e-10
-0.0834145
-0.000122353
4.42449e-11
-0.0276757
-0.000133018
3.29158e-11
-0.0300882
0.000120614
1.97597e-11
0.0272825
-0.000188093
3.55952e-11
-0.0395678
-0.000306121
1.20994e-10
-0.068883
0.00894904
7.5655e-11
2.02424
2.635e-05
6.35528e-11
0.00596029
-0.000143079
1.01128e-11
-0.0323639
-0.00156526
4.20486e-10
-0.351489
4.3159e-05
3.51038e-11
0.00976243
0.000174717
1.21271e-10
0.0395203
8.4489e-05
2.19543e-12
0.0191111
4.04042e-06
1.12583e-11
0.00091393
0.00460585
4.66788e-11
1.11752
-0.0153094
4.14346e-11
-3.46293
-4.24433e-06
1.24194e-11
-0.000960053
0.00533172
2.93755e-10
1.20876
2.06396e-05
8.49547e-12
0.00466861
-0.000514987
3.46993e-10
-0.116577
0.000151774
1.81411e-09
0.0343308
0.0124168
1.14712e-09
2.80863
0.000818415
2.32873e-10
0.185123
5.44646e-06
2.44278e-11
0.00123197
0.000897431
1.93781e-09
0.200778
0.0040862
2.44692e-10
0.924286
6.38717e-05
5.91688e-10
0.0144476
-3.03384e-06
1.6784e-11
-0.000686244
0.000554379
8.34664e-11
0.125399
0.000132239
1.03428e-10
0.029912
5.28678e-05
5.17292e-11
0.0119585
0.000304853
6.84755e-12
0.0689568
-0.000192858
5.86774e-11
-0.0436238
0.00368583
6.49541e-12
0.822719
-0.00111059
7.93727e-12
-0.251211
-0.000397741
8.0696e-11
-0.0903961
-4.99075e-05
2.56075e-12
-0.0112889
-0.000834618
4.22686e-11
-0.188788
-0.000722299
2.32504e-11
-0.163382
2.1078e-05
4.36651e-12
0.00476778
-0.000126377
2.28043e-10
-0.0285867
-0.0092902
1.4401e-10
-2.10141
-6.46076e-05
2.08245e-11
-0.014614
-6.76571e-05
2.86858e-11
-0.0153038
-0.00026727
1.14218e-12
-0.0604556
-0.00012551
2.14802e-11
-0.02839
-0.00048522
1.0905e-11
2.17955
0.00163378
2.48556e-11
0.369557
0.00127245
2.08094e-10
0.290052
0.00117143
1.08944e-09
0.264715
0.000419141
1.0825e-10
0.0948082
3.67509e-05
4.17774e-11
0.00831294
5.63659e-05
4.51864e-10
0.0127498
-3.93999e-07
1.0069e-11
-8.91213e-05
0.00015612
4.02983e-12
0.0353137
6.37762e-05
1.93856e-11
0.014426
0.000241993
5.96203e-12
0.054738
0.621773
7.58739e-11
140.643
0.00103714
9.75231e-11
0.241033
-6.28758e-05
2.69772e-11
-0.0142223
4.63224e-05
6.39975e-12
0.010478
-0.0038233
-1.30299e-07
-0.864819
0.0282865
5.94078e-10
6.39831
0.000731154
5.8668e-11
0.165385
0.00467551
4.94041e-10
1.05758
1.94929e-05
2.22246e-11
0.00440923
0.00154209
6.63187e-10
0.348816
0.00228003
2.62247e-10
0.515734
1.04203e-05
1.08628e-11
0.00235704
-5.12714e-05
7.17138e-11
-0.0115974
0.000150485
8.24809e-11
0.0340392
-2.54705e-05
1.37645e-11
-0.00576135
2.97463e-06
1.87666e-11
0.000672851
-4.03074e-05
7.25347e-12
-2.35991
-0.000141374
3.9889e-12
-0.0319784
-0.000441776
2.45813e-10
-0.0975803
4.64334e-06
1.60334e-11
0.00105018
-0.00152643
7.24122e-10
-0.34505
-0.00152729
7.1589e-11
-0.345468
-2.28127e-05
4.94765e-12
-0.00516016
-0.00171269
2.63716e-10
-0.387405
3.74841e-06
6.71907e-12
0.000847878
-0.000519303
3.3243e-11
-0.117465
-0.000249459
2.34342e-11
-0.0564269
-0.00384527
-5.51765e-12
-0.867621
0.000113201
1.61838e-11
0.0256057
0.000351836
3.64167e-10
0.079584
-0.00181819
2.40279e-10
-0.411269
0.000431645
3.42363e-10
0.0976366
8.00974e-07
2.363e-11
0.000181178
7.52023e-06
5.86878e-12
0.00170105
0.000104187
4.30359e-11
0.0235668
-0.00178788
6.06861e-11
-0.404414
-0.00102531
9.70103e-10
-0.231922
-0.000550006
1.91468e-09
-0.124409
0.000522119
7.5353e-10
0.118102
7.14653e-06
1.22424e-11
0.00161652
-0.00549217
9.61391e-10
-1.24231
-0.000123117
2.34455e-10
-0.0278488
2.19583e-05
2.79187e-11
0.00496689
-0.00554302
1.17451e-10
-1.46689
-2.03261e-05
3.90204e-12
-0.00459769
-0.000141057
2.31966e-11
-0.0319066
-0.000272957
1.39916e-12
-0.0617419
0.000250819
1.32108e-10
0.0567342
0.00118016
3.64053e-11
0.266949
3.29612e-05
1.14888e-09
0.00744977
-0.000983179
5.43279e-10
-0.222392
0.00155371
1.07681e-09
0.339765
0.000254191
1.40768e-10
0.0574971
1.66988e-05
1.39575e-11
0.00377721
0.000415115
3.53149e-11
0.0938976
-0.000357545
6.1458e-10
-0.0808817
0.000890938
6.07234e-10
0.201527
0.000702826
1.06056e-10
0.158977
2.96267e-05
1.23857e-11
0.00670145
-0.000311996
5.69924e-10
-0.0705725
-4.06057e-07
3.93938e-11
-9.18487e-05
-0.000371799
1.67309e-10
-0.0840996
-0.000881074
3.87354e-11
-0.267443
-0.00679946
8.81317e-11
-1.53804
0.000520529
7.66866e-10
0.118418
-0.000285607
2.40521e-12
-0.0646033
-0.000154014
1.91367e-11
-0.0348375
0.000859464
3.68588e-10
0.19648
0.000200204
-7.99048e-08
0.045239
0.000896689
1.00672e-10
0.202828
0.000182338
5.93345e-11
0.0412443
4.52585e-05
8.29649e-12
0.0102373
0.000203188
3.22698e-11
0.0459605
0.000211772
3.49041e-11
0.0479022
0.00469512
2.20236e-10
1.06202
3.27053e-05
4.00739e-11
0.00739783
-1.30186e-05
1.09111e-11
-0.00294476
0.000141208
1.29485e-10
0.0319407
-5.56367e-05
2.35499e-11
-0.019494
0.0111865
1.11803e-10
2.53153
0.00406775
-5.22555e-08
0.920228
0.000169862
-5.33499e-08
0.0383075
-5.50798e-07
4.34375e-12
-0.000124589
-0.00228441
1.15885e-09
-0.508434
0.000954877
-3.01086e-07
0.212631
