0.657085
3.07055e-07
-6281.28
-0.147361
5.02406e-08
-33.3325
-1.06044
2.45545e-06
-239.865
1.52601
1.40349e-06
351.063
-2.17073
3.66926e-06
-491.125
-1.90673
7.83513e-06
-420.742
0.0321224
2.38406e-07
7.26597
-0.0102723
4.95204e-08
-2.32356
-0.0428359
5.23863e-07
-9.68933
0.0626503
8.1747e-07
14.1711
-0.0190305
2.64195e-08
-4.30464
-0.136228
4.18238e-07
-30.8144
-0.0190234
5.57556e-08
-4.30304
-0.00496129
1.30593e-07
-1.12223
-0.798081
2.82834e-07
-170.569
0.0743635
6.93012e-07
16.8224
-0.0134892
1.20316e-07
-3.05121
-0.04746
1.6951e-06
-10.7388
0.00422798
3.88165e-08
0.956354
-0.15479
4.62309e-07
-35.0932
2.66157
1.67684e-07
602.037
-2.12299
3.92677e-06
-480.031
0.296634
1.09828e-06
67.0978
-0.0728512
6.8274e-08
-16.4787
0.0864722
2.81736e-07
19.5596
0.0127424
1.59426e-07
2.88229
-0.00432193
1.11528e-06
-0.980746
-0.0589335
3.99896e-07
-13.3306
0.0231154
2.09261e-07
5.22862
-0.0383484
7.59144e-08
-8.67429
0.0357863
5.11583e-07
7.07683
-0.571689
4.60276e-07
-129.314
0.00555653
3.18628e-08
1.25687
0.0670156
7.53262e-08
15.1587
0.11525
9.36351e-07
35.6225
0.0194631
2.43059e-07
4.40248
-1.6394
-0.000791604
-370.836
0.248219
3.49812e-06
56.1463
-0.830918
6.90994e-06
-187.952
-2.10168
-0.000781935
-448.447
0.00309915
7.50858e-08
0.701018
-2.07999
-0.000787086
-440.995
0.124007
1.07674e-06
28.05
0.0226741
1.34781e-07
5.12882
0.167242
1.47822e-06
37.8296
0.179651
1.58227e-06
40.6364
0.0593578
3.16219e-07
13.4265
0.0943599
5.05664e-07
21.3439
0.0241003
6.27102e-07
5.4514
0.00295631
4.00333e-08
0.668707
0.0281799
2.91068e-07
6.37419
0.0536814
5.87122e-09
12.5539
0.30019
3.4047e-07
86.6617
0.000151551
2.12617e-08
0.0342803
-0.770784
5.10402e-07
-174.352
-0.0313332
6.23203e-07
0.560493
-3.81385
2.33105e-06
-862.678
-3.46236
4.60777e-06
-783.036
-0.651158
-0.0005254
-134.36
-0.53636
9.85923e-07
-121.323
0.0666784
4.12508e-07
15.0824
-0.0759676
9.48886e-07
-17.1836
0.00147973
9.40964e-08
0.334711
-0.0122579
1.12927e-07
-2.7727
-0.022901
3.9008e-08
-5.18013
0.060799
7.81616e-07
13.5892
0.119129
1.78137e-06
35.9152
0.542093
5.88807e-06
122.621
0.00341846
6.61714e-08
0.773244
0.447584
2.99251e-06
101.241
0.151995
1.41028e-06
34.3808
0.0224843
1.48176e-07
5.08588
0.00288083
7.42459e-08
0.651634
0.283711
2.24288e-06
64.1745
-0.207469
5.8642e-06
-46.9298
0.00885628
7.85322e-07
2.00326
0.00654198
6.58607e-08
1.47977
-0.00315065
3.13658e-07
-0.712666
-0.158747
8.54767e-07
-36.5545
0.388335
1.15535e-06
87.8399
-0.063242
1.00771e-07
-14.3051
0.503522
6.00972e-07
121.917
-1.14263
2.82632e-06
-258.465
0.236134
2.74455e-06
53.4128
-1.71747
7.09411e-06
-388.512
0.191936
1.82283e-06
43.4153
0.0230687
2.23842e-07
5.21806
-3.55736
-0.00740976
-786.354
-1.6256
9.17355e-06
-367.706
-0.198286
4.05948e-06
-44.8517
-1.64297
1.81158e-05
-342.756
0.0238217
5.96012e-07
5.38839
0.0491389
1.03112e-06
11.1151
-0.00105254
2.78738e-06
-0.23808
0.0641572
1.12013e-06
14.5122
0.00117917
2.35151e-07
0.266724
-0.0143756
6.60479e-08
-3.2517
-0.0424527
9.99533e-07
-9.60267
-0.0454125
4.99037e-07
-10.2722
0.0819628
4.85331e-07
18.5397
0.0361325
4.23056e-08
8.17305
-1.34017
1.87388e-07
-431.098
0.710369
5.21498e-07
157.781
-0.402493
2.45581e-07
-91.0427
-2.2282
2.8377e-06
-503.503
-0.0927134
9.40643e-07
-20.9754
0.0457083
9.88666e-08
10.3391
-0.255306
1.62438e-06
-57.7557
-2.20453
7.24687e-06
-472.169
1.31462
3.91334e-06
297.255
0.00345094
1.05538e-06
0.780389
-0.0232816
6.77429e-07
-5.26621
-0.0367123
6.04586e-08
-8.30421
0.239611
5.89687e-07
59.5787
-0.609976
1.64612e-06
-137.974
0.00475457
5.15116e-08
1.07547
0.00794699
1.34257e-07
1.79758
-1.1426
-0.00450993
-246.751
-0.0452739
3.57439e-07
-10.2408
0.0784685
4.01655e-06
17.7493
0.15755
3.58911e-06
35.6373
-0.10172
6.18375e-07
-23.0087
-0.0135122
1.67193e-06
-3.05644
0.0174387
6.71824e-07
3.94458
0.102733
4.99971e-07
23.2378
0.00815535
1.69299e-07
1.84471
-0.0249156
2.99326e-07
-5.63582
0.0147462
2.53706e-08
3.33553
0.355946
1.86819e-07
121.247
-0.325804
1.30269e-06
-73.7202
0.0510848
2.00587e-07
11.5552
0.0161605
5.3128e-08
3.65544
-0.896372
2.04007e-06
-203.012
-0.592994
1.27545e-06
-134.133
0.691693
1.56416e-06
160.009
-0.0513054
1.70674e-07
-11.6051
-2.67609
-0.00134513
-601.407
-6.30107
-0.00130183
-1361.55
0.064568
7.04212e-07
14.6051
-6.77756
-0.00131044
-1458.18
0.446404
1.79528e-06
100.975
1.58483
3.73957e-06
358.484
-0.0144272
9.88668e-08
-3.26339
0.0488874
2.04311e-06
11.0582
0.142835
5.2719e-07
32.3087
0.025528
3.56378e-08
5.77435
-0.0377849
5.43503e-07
-8.54682
-0.0586178
5.87458e-07
-13.2592
-0.0038745
3.26349e-07
-0.8764
-0.0150029
9.75138e-08
-3.3936
0.773036
1.09177e-07
174.858
0.00352691
3.436e-08
0.797775
-0.0334347
8.95412e-08
-7.56283
-0.199147
1.99615e-06
-45.6842
-1.52333
-0.000521979
-325.372
-2.91213
3.04656e-06
-658.713
-0.0608696
7.18152e-07
-13.7686
0.0413603
8.99279e-08
9.35557
0.130742
2.39423e-06
29.5671
-0.0734267
4.48053e-07
-16.6089
0.169914
3.33509e-07
38.434
0.0668996
1.99671e-07
15.1325
-0.422615
3.59977e-07
-97.9379
0.269286
1.22362e-06
60.5462
1.38542
7.65104e-07
313.378
0.131297
6.42701e-07
29.699
0.116573
1.0239e-07
26.3684
3.80384
4.25544e-06
860.83
0.0908456
3.5494e-07
20.549
-0.0979277
1.22541e-06
-22.1509
0.0129579
2.13752e-08
2.93103
0.00800191
1.13838e-07
1.81001
3.14145
4.72066e-07
762.863
1.98922
4.19031e-07
449.956
0.0906958
1.25598e-07
20.5151
0.819411
2.97077e-06
185.82
0.0100523
8.59036e-08
2.2738
1.09536
3.50916e-06
247.967
-0.397423
1.83436e-05
-89.8958
-0.36299
1.15201e-05
-82.1073
0.487037
2.3513e-06
110.166
0.0479494
2.47038e-07
10.846
-1.49983
1.95839e-05
-328.98
0.966386
2.4645e-06
218.593
0.323844
5.9835e-06
73.2524
-0.00477944
1.6975e-07
-1.08109
0.275441
8.43037e-07
62.3038
0.0993735
1.04553e-06
22.478
-0.0130908
5.2289e-07
-2.96109
0.0657062
6.67882e-08
14.8625
-0.171382
5.93803e-07
-38.7661
0.560516
1.0463e-08
125.139
-0.0155712
8.02701e-08
-3.52241
0.52822
8.16084e-07
125.967
0.000549603
2.58998e-08
0.124318
0.0105782
4.28729e-07
2.39276
-0.0555622
2.36733e-07
-12.568
0.00970411
4.41279e-08
2.19504
-3.39195
2.30449e-06
-767.254
-0.918408
1.49571e-06
-207.741
0.088366
2.10986e-07
19.9881
0.0131765
2.90213e-07
2.98049
-0.0421954
1.42084e-08
-9.54446
-0.0473972
2.17443e-07
-10.7211
-0.312342
1.10283e-07
3383.25
-4.57679
2.51367e-07
-1035.26
-2.6908
2.10447e-06
-608.923
-1.18827
1.10024e-05
-268.27
0.125996
1.0934e-06
28.4998
-0.13889
4.22329e-07
-31.4165
0.268372
4.56957e-06
60.7048
0.00227299
1.01831e-07
0.514144
0.0344955
3.96506e-08
7.80276
0.00814312
1.95762e-07
1.84195
0.0370723
5.85278e-08
8.38563
0.0338526
7.67317e-07
7.65735
0.17193
9.86258e-07
40.6344
0.59493
2.72819e-07
134.571
0.012458
6.47232e-08
2.81795
-3.9125
-0.00131766
-884.995
3.60529
5.83373e-06
815.504
0.366506
5.91829e-07
82.9025
1.75564
4.98909e-06
397.119
0.0478519
2.24703e-07
10.8239
0.421386
6.69615e-06
95.3161
0.590034
2.63809e-06
133.464
0.0140547
1.09797e-07
3.17912
0.00889193
7.25325e-07
2.01133
0.226766
8.33606e-07
51.2937
-0.01488
1.39358e-07
-3.36581
0.0273168
1.89785e-07
6.17896
-0.0597314
7.33548e-08
-3564.48
0.0883771
4.034e-08
19.9906
-2.30735
2.48597e-06
-521.916
0.0643559
1.62141e-07
14.5571
1.70739
7.34271e-06
386.437
-0.336051
7.29236e-07
-76.0135
0.00135915
5.0095e-08
0.307435
-0.345908
2.67909e-06
-78.2418
0.00292987
6.79328e-08
0.662728
0.056803
3.37295e-07
12.8486
-0.224073
2.37524e-07
-50.6846
-0.492414
3.12358e-09
-111.1
-1.364
1.6366e-07
-308.533
0.0512112
3.68146e-06
11.5838
0.249025
2.43516e-06
56.3287
0.111441
3.45886e-06
25.2076
-0.000424014
2.38968e-07
-0.0959105
-0.0021846
5.93116e-08
-0.49415
-0.0252286
4.35055e-07
-5.70663
-0.269553
6.13701e-07
-60.9721
1.50735
9.81622e-06
340.957
-1.28042
1.93677e-05
-289.628
2.42281
7.61901e-06
548.031
0.00657284
1.23784e-07
1.48675
-1.59977
9.775e-06
-361.863
-0.0583931
2.37154e-06
-13.2083
0.00345478
2.82227e-07
0.78146
-0.843382
1.18779e-06
-204.171
0.0141397
3.9576e-08
3.19835
-0.0863188
2.34986e-07
-19.525
-0.0548158
1.68595e-08
-12.3991
0.146301
1.33602e-06
33.0929
0.809641
3.68145e-07
183.138
0.206232
1.16186e-05
46.637
3.52967
5.5069e-06
798.401
3.65276
1.08731e-05
805.863
0.128892
1.42257e-06
29.1549
-0.000786725
1.41057e-07
-0.177955
0.379288
3.56263e-07
85.7937
-1.77217
6.21532e-06
-400.89
0.79911
6.13761e-06
180.756
0.443507
1.07152e-06
100.32
0.0094193
1.25186e-07
2.13061
2.89273
5.76855e-06
654.326
-0.00703373
3.98391e-07
-1.59101
-0.0195463
1.69305e-06
-4.42131
0.668365
3.91734e-07
215.339
-0.337703
8.91281e-07
-76.4153
0.94849
7.7517e-06
214.529
-0.0705743
2.66456e-08
-15.9637
0.0169686
1.94112e-07
3.83824
3.82104
3.72745e-06
864.656
-1.18746
-0.000808089
-264.585
0.0486387
1.01555e-06
11.0019
0.0759413
5.99552e-07
17.1777
0.0319217
8.36231e-08
7.22057
0.0721727
3.26008e-07
16.3252
0.122011
3.52383e-07
27.5984
0.708524
2.22726e-06
160.266
0.0558068
4.05238e-07
12.6233
0.00556669
1.10364e-07
1.25917
0.0392406
1.30922e-06
8.87608
-0.0420163
2.38162e-07
-18.4373
1.21224
1.13067e-06
273.622
-2.4301
-0.000528546
-549.74
3.53067
-0.000539527
794.532
0.00962061
4.39382e-08
2.17615
3.12563
1.17525e-05
700.55
4.1929
-0.00304493
935.121
