-9.86627e-15
9.11428e-05
-1.68487e-24
-1.06075e-14
9.79902e-05
2.84208e-24
-9.86627e-15
9.11428e-05
7.83793e-25
-1.06075e-14
9.79902e-05
2.26344e-24
-9.86627e-15
9.11428e-05
5.48851e-24
-9.86627e-15
9.11428e-05
8.21933e-24
-1.06075e-14
9.79902e-05
-1.0452e-26
-9.86627e-15
9.11428e-05
2.37613e-24
-9.86627e-15
9.11428e-05
1.09256e-24
-1.06075e-14
9.79902e-05
6.95257e-24
-1.06075e-14
9.79902e-05
-3.07078e-24
-9.86627e-15
9.11428e-05
-9.21755e-25
-1.06075e-14
9.79902e-05
3.75273e-24
-9.86627e-15
9.11428e-05
3.42348e-24
-1.06075e-14
9.79902e-05
6.70528e-25
-9.86627e-15
9.11428e-05
5.03686e-25
-9.86627e-15
9.11428e-05
2.44523e-24
-9.86627e-15
9.11428e-05
1.26406e-24
-9.86627e-15
9.11428e-05
2.93283e-24
-1.06075e-14
9.79902e-05
1.90505e-24
-9.86627e-15
9.11428e-05
6.02342e-24
-9.86627e-15
9.11428e-05
6.15772e-24
-0.000190512
1.75991e+06
8.56987e-14
-6.84232e-15
6.32081e-05
2.30618e-24
-9.86627e-15
9.11428e-05
4.994e-24
-1.8786e-14
0.000173542
1.27592e-23
-1.06075e-14
9.79902e-05
3.9905e-24
-9.86627e-15
9.11428e-05
1.97277e-24
-9.86627e-15
9.11428e-05
-1.52162e-24
-9.86627e-15
9.11428e-05
3.85943e-24
-9.86627e-15
9.11428e-05
1.61989e-24
-1.06075e-14
9.79902e-05
-4.71547e-24
-1.06075e-14
9.79902e-05
6.0944e-25
-1.06075e-14
9.79902e-05
-3.04842e-24
-9.86627e-15
9.11428e-05
-4.22285e-24
-9.86627e-15
9.11428e-05
3.2639e-24
-1.06075e-14
9.79902e-05
3.14703e-24
-1.06075e-14
9.79902e-05
2.99758e-24
-9.86627e-15
9.11428e-05
-2.96845e-24
-9.86627e-15
9.11428e-05
4.02723e-24
5.52115e-06
-51003.4
-7.1369e-10
-7.6827e-15
7.09714e-05
2.86975e-24
-6.84232e-15
6.32081e-05
1.02208e-23
-6.84232e-15
6.32081e-05
-1.62442e-24
-6.84232e-15
6.32081e-05
-1.38794e-25
-6.84232e-15
6.32081e-05
1.16025e-27
-6.84232e-15
6.32081e-05
4.73184e-24
-6.84232e-15
6.32081e-05
-2.50439e-24
-6.84232e-15
6.32081e-05
-1.55825e-24
-6.84232e-15
6.32081e-05
-2.16441e-24
-6.84232e-15
6.32081e-05
3.65184e-24
-6.84232e-15
6.32081e-05
7.58193e-24
-6.84232e-15
6.32081e-05
1.82015e-24
-6.84232e-15
6.32081e-05
-9.51072e-25
-6.84232e-15
6.32081e-05
6.78339e-26
-6.84232e-15
6.32081e-05
3.7979e-24
-6.84232e-15
6.32081e-05
1.35394e-24
-6.84232e-15
6.32081e-05
-7.44444e-25
-7.6827e-15
7.09714e-05
1.05119e-24
-6.84232e-15
6.32081e-05
2.7922e-24
9.01314e-15
-8.32618e-05
-2.13504e-24
9.94462e-15
-9.18666e-05
-2.48464e-24
1.0821e-05
-99962
-31.2351
-9.86627e-15
9.11428e-05
6.52483e-24
-9.86627e-15
9.11428e-05
2.76548e-24
-1.8786e-14
0.000173542
4.96578e-24
-1.8786e-14
0.000173542
1.03833e-23
-1.8786e-14
0.000173542
8.83583e-24
-1.8786e-14
0.000173542
7.9614e-24
-1.8786e-14
0.000173542
8.68946e-25
-9.86627e-15
9.11428e-05
-5.43364e-24
-1.8786e-14
0.000173542
1.43279e-23
-1.8786e-14
0.000173542
1.08047e-23
-1.8786e-14
0.000173542
4.23642e-24
-1.8786e-14
0.000173542
-8.90509e-25
-6.85682e-15
6.33421e-05
-1.30441e-24
-6.84232e-15
6.32081e-05
3.45233e-24
-6.84232e-15
6.32081e-05
1.89902e-24
-6.84232e-15
6.32081e-05
-5.95454e-24
-6.84232e-15
6.32081e-05
-2.91053e-24
-6.84232e-15
6.32081e-05
-2.7039e-24
-6.84232e-15
6.32081e-05
-2.36443e-24
-7.6827e-15
7.09714e-05
-1.38596e-24
-6.84232e-15
6.32081e-05
-4.6786e-24
-7.6827e-15
7.09714e-05
-2.91998e-24
-7.6827e-15
7.09714e-05
-6.68968e-26
-6.84232e-15
6.32081e-05
2.77238e-24
9.94462e-15
-9.18666e-05
3.42015e-25
9.01314e-15
-8.32618e-05
-2.88365e-26
9.01314e-15
-8.32618e-05
-7.58936e-25
9.01314e-15
-8.32618e-05
1.25189e-25
9.94462e-15
-9.18666e-05
-1.95289e-24
9.94462e-15
-9.18666e-05
-8.26016e-25
9.01314e-15
-8.32618e-05
-2.47665e-24
9.94462e-15
-9.18666e-05
-2.82677e-24
1.86831e-14
-0.000172591
-1.99493e-24
9.01314e-15
-8.32618e-05
-7.57461e-25
1.86831e-14
-0.000172591
-4.90502e-25
9.94462e-15
-9.18666e-05
-1.94065e-24
9.01314e-15
-8.32618e-05
-1.2938e-24
9.01314e-15
-8.32618e-05
-1.64409e-24
1.86831e-14
-0.000172591
-3.15771e-25
9.01314e-15
-8.32618e-05
-1.76079e-25
9.94462e-15
-9.18666e-05
-1.71934e-24
9.01314e-15
-8.32618e-05
1.61706e-25
-1.8786e-14
0.000173542
1.51139e-23
-9.86627e-15
9.11428e-05
2.24527e-24
-1.8786e-14
0.000173542
1.11127e-23
-1.8786e-14
0.000173542
9.93366e-24
-1.8786e-14
0.000173542
1.13462e-23
-9.86627e-15
9.11428e-05
6.68508e-24
-9.86627e-15
9.11428e-05
-9.72489e-25
-5.81282e-15
5.36978e-05
3.19529e-24
-6.85682e-15
6.33421e-05
1.11054e-24
-6.84232e-15
6.32081e-05
1.48068e-24
-6.84232e-15
6.32081e-05
-2.42399e-24
-6.84232e-15
6.32081e-05
-2.83674e-24
-6.84232e-15
6.32081e-05
-8.32623e-24
1.86831e-14
-0.000172591
-1.04571e-24
9.94462e-15
-9.18666e-05
-1.26781e-24
9.01314e-15
-8.32618e-05
-6.8351e-25
9.94462e-15
-9.18666e-05
-1.41687e-24
9.01314e-15
-8.32618e-05
-1.87076e-24
9.01314e-15
-8.32618e-05
-1.96477e-24
9.01314e-15
-8.32618e-05
-1.13581e-24
1.86831e-14
-0.000172591
-5.86599e-25
9.01314e-15
-8.32618e-05
6.56915e-25
1.86831e-14
-0.000172591
-1.41316e-24
8.33339e-15
-7.69823e-05
-1.34527e-24
9.94462e-15
-9.18666e-05
-1.66908e-24
9.01314e-15
-8.32618e-05
-3.61135e-25
1.86831e-14
-0.000172591
-2.49558e-24
9.94462e-15
-9.18666e-05
-4.16851e-25
9.01314e-15
-8.32618e-05
-1.19813e-24
9.94462e-15
-9.18666e-05
-2.91566e-24
9.94462e-15
-9.18666e-05
-4.16851e-25
1.86831e-14
-0.000172591
-1.91185e-24
9.01314e-15
-8.32618e-05
-9.48424e-25
-1.8786e-14
0.000173542
6.0492e-24
-1.8786e-14
0.000173542
7.4055e-24
-1.8786e-14
0.000173542
1.11161e-23
-9.86627e-15
9.11428e-05
2.37267e-24
-9.86627e-15
9.11428e-05
-3.12522e-24
-9.86627e-15
9.11428e-05
3.89985e-24
-1.8786e-14
0.000173542
8.79691e-24
-1.8786e-14
0.000173542
5.79791e-24
-1.8786e-14
0.000173542
9.64682e-24
-9.86627e-15
9.11428e-05
-3.03508e-25
-1.8786e-14
0.000173542
9.78135e-24
-6.85682e-15
6.33421e-05
6.32265e-25
-6.85682e-15
6.33421e-05
8.72509e-25
-6.85682e-15
6.33421e-05
2.84981e-24
-6.85682e-15
6.33421e-05
4.84651e-24
-5.81282e-15
5.36978e-05
-9.2365e-25
-5.81282e-15
5.36978e-05
-9.2365e-25
-6.85682e-15
6.33421e-05
5.05564e-24
9.01314e-15
-8.32618e-05
1.67578e-24
9.01314e-15
-8.32618e-05
-8.59683e-25
9.01314e-15
-8.32618e-05
-1.25453e-24
1.86831e-14
-0.000172591
-1.22293e-24
9.94462e-15
-9.18666e-05
-2.39606e-24
1.86831e-14
-0.000172591
-3.13945e-26
1.86831e-14
-0.000172591
-7.19791e-25
1.86831e-14
-0.000172591
-2.56067e-24
9.01314e-15
-8.32618e-05
-2.4453e-25
9.01314e-15
-8.32618e-05
-1.11213e-24
9.01314e-15
-8.32618e-05
9.60066e-25
9.94462e-15
-9.18666e-05
-2.78595e-25
9.01314e-15
-8.32618e-05
-2.63613e-24
8.33339e-15
-7.69823e-05
-5.10659e-25
9.01314e-15
-8.32618e-05
-2.50369e-24
1.86831e-14
-0.000172591
-2.4125e-24
1.86831e-14
-0.000172591
-2.30534e-24
9.01314e-15
-8.32618e-05
-1.36993e-25
9.01314e-15
-8.32618e-05
-3.44926e-24
9.01314e-15
-8.32618e-05
-2.28525e-24
-0.000193216
1.78489e+06
4.35263e-14
-1.8786e-14
0.000173542
8.02146e-24
-1.05501e-14
9.74594e-05
-1.4966e-25
-1.8786e-14
0.000173542
1.0185e-23
-9.86627e-15
9.11428e-05
-1.98698e-24
-1.8786e-14
0.000173542
1.53263e-23
-1.8786e-14
0.000173542
9.2572e-24
-1.8786e-14
0.000173542
6.43166e-24
-9.86627e-15
9.11428e-05
8.83001e-24
-1.05501e-14
9.74594e-05
8.11455e-24
-1.05501e-14
9.74594e-05
8.11455e-24
-6.85682e-15
6.33421e-05
1.24002e-24
-6.85682e-15
6.33421e-05
-9.99204e-26
-5.81282e-15
5.36978e-05
5.13177e-24
-7.6827e-15
7.09714e-05
9.05071e-26
-6.84232e-15
6.32081e-05
-1.63051e-24
-6.85682e-15
6.33421e-05
1.62312e-24
-5.81282e-15
5.36978e-05
4.92492e-24
-6.85682e-15
6.33421e-05
5.13954e-24
-6.85682e-15
6.33421e-05
3.4529e-24
-5.81282e-15
5.36978e-05
-3.38596e-25
-7.6827e-15
7.09714e-05
4.30711e-24
-6.85682e-15
6.33421e-05
-3.22216e-24
-5.81282e-15
5.36978e-05
3.97091e-24
-6.85682e-15
6.33421e-05
4.48023e-24
-7.6827e-15
7.09714e-05
1.2655e-24
-6.85682e-15
6.33421e-05
2.76729e-24
-0.000212267
1.96088e+06
-7.89846e-14
1.86831e-14
-0.000172591
-1.22293e-24
8.33339e-15
-7.69823e-05
-1.31936e-24
1.86831e-14
-0.000172591
-1.40015e-24
9.01314e-15
-8.32618e-05
-1.76513e-24
1.86831e-14
-0.000172591
-5.86599e-25
1.86831e-14
-0.000172591
-3.15771e-25
1.86831e-14
-0.000172591
-5.86599e-25
1.86831e-14
-0.000172591
-3.41575e-24
1.86831e-14
-0.000172591
-5.35991e-27
1.86831e-14
-0.000172591
-1.60393e-24
1.86831e-14
-0.000172591
-2.64428e-24
9.01314e-15
-8.32618e-05
-2.13567e-24
1.86831e-14
-0.000172591
-2.94167e-24
1.86831e-14
-0.000172591
-1.83375e-24
-1.05501e-14
9.74594e-05
2.7078e-24
-1.8786e-14
0.000173542
7.26716e-24
-1.05501e-14
9.74594e-05
6.8849e-24
-1.05501e-14
9.74594e-05
5.11134e-24
-9.86627e-15
9.11428e-05
-2.99393e-24
-1.06075e-14
9.79902e-05
3.61013e-24
-1.8786e-14
0.000173542
7.21427e-24
-5.81282e-15
5.36978e-05
6.31537e-24
-5.81282e-15
5.36978e-05
6.85101e-24
-5.81282e-15
5.36978e-05
3.16952e-24
-7.6827e-15
7.09714e-05
5.24023e-24
-6.85682e-15
6.33421e-05
1.74808e-24
-6.85682e-15
6.33421e-05
6.60467e-24
-6.85682e-15
6.33421e-05
-1.75607e-24
-5.81282e-15
5.36978e-05
3.07986e-25
1.86831e-14
-0.000172591
-5.45059e-25
8.33339e-15
-7.69823e-05
-3.0872e-26
1.86831e-14
-0.000172591
-1.31707e-24
1.86831e-14
-0.000172591
-5.71094e-25
1.86831e-14
-0.000172591
1.85155e-24
1.86831e-14
-0.000172591
-9.9115e-25
8.33339e-15
-7.69823e-05
-2.78743e-24
8.33339e-15
-7.69823e-05
-2.54073e-24
9.01314e-15
-8.32618e-05
5.97111e-25
-1.05501e-14
9.74594e-05
2.82934e-24
-1.05501e-14
9.74594e-05
-4.16599e-24
-1.05501e-14
9.74594e-05
2.10507e-24
-1.8786e-14
0.000173542
8.53845e-24
-1.8786e-14
0.000173542
8.40772e-24
-1.06075e-14
9.79902e-05
1.57971e-24
-1.05501e-14
9.74594e-05
5.96071e-24
-7.6827e-15
7.09714e-05
3.68909e-24
-6.85682e-15
6.33421e-05
9.43586e-24
-6.85682e-15
6.33421e-05
7.9704e-25
-6.85682e-15
6.33421e-05
-5.7396e-25
-5.81282e-15
5.36978e-05
7.45957e-25
-7.6827e-15
7.09714e-05
6.13279e-24
-6.85682e-15
6.33421e-05
7.07113e-24
-6.85682e-15
6.33421e-05
-4.86244e-26
-6.85682e-15
6.33421e-05
2.10712e-24
-6.85682e-15
6.33421e-05
-1.61622e-24
9.01314e-15
-8.32618e-05
-2.43229e-24
1.86831e-14
-0.000172591
-2.41446e-24
9.01314e-15
-8.32618e-05
-2.29581e-24
8.33339e-15
-7.69823e-05
-1.28501e-24
8.33339e-15
-7.69823e-05
-2.02445e-24
9.01314e-15
-8.32618e-05
-2.40308e-25
-1.05501e-14
9.74594e-05
3.87021e-24
-1.05501e-14
9.74594e-05
5.0545e-24
-5.81282e-15
5.36978e-05
1.7483e-24
-7.6827e-15
7.09714e-05
-2.20617e-24
-6.85682e-15
6.33421e-05
6.31095e-25
-6.85682e-15
6.33421e-05
3.93813e-24
-6.85682e-15
6.33421e-05
1.22252e-24
-6.85682e-15
6.33421e-05
3.72635e-24
-7.6827e-15
7.09714e-05
2.16483e-25
-6.85682e-15
6.33421e-05
-5.87905e-25
8.33339e-15
-7.69823e-05
-1.13412e-24
8.33339e-15
-7.69823e-05
-5.37304e-25
-1.05501e-14
9.74594e-05
1.16994e-23
-1.8786e-14
0.000173542
8.38614e-24
-6.85682e-15
6.33421e-05
-4.39359e-25
-6.85682e-15
6.33421e-05
-2.11919e-25
-6.85682e-15
6.33421e-05
6.9041e-25
-7.6827e-15
7.09714e-05
-4.48976e-24
-7.6827e-15
7.09714e-05
3.24081e-25
-6.85682e-15
6.33421e-05
7.23445e-25
8.33339e-15
-7.69823e-05
-1.9627e-24
8.33339e-15
-7.69823e-05
-8.30803e-25
9.01314e-15
-8.32618e-05
-1.48163e-24
-5.81282e-15
5.36978e-05
7.24779e-24
-6.85682e-15
6.33421e-05
3.73909e-25
-7.6827e-15
7.09714e-05
-3.16185e-24
8.33339e-15
-7.69823e-05
-1.73279e-24
-1.05501e-14
9.74594e-05
3.55326e-24
-5.81282e-15
5.36978e-05
2.33741e-24
-6.85682e-15
6.33421e-05
6.02267e-24
1.86831e-14
-0.000172591
-1.08725e-24
8.33339e-15
-7.69823e-05
-4.49584e-25
-1.05501e-14
9.74594e-05
5.97416e-24
8.33339e-15
-7.69823e-05
-1.35119e-24
8.33339e-15
-7.69823e-05
3.83558e-26
