-0.000346275
2.40505e-15
0.0951573
-3.28485e-05
2.24792e-13
-0.00743582
0.000195706
1.89244e-12
0.0489275
-1.71984e-05
2.07127e-13
-0.00383686
-3.73262e-08
1.31168e-14
-8.44306e-06
-5.60107e-08
1.56532e-15
-1.26822e-05
-6.58186e-08
9.6097e-15
-1.48939e-05
1.24259e-08
2.39546e-14
2.80947e-06
-8.5059e-07
1.70362e-14
-0.000192401
1.13567e-07
1.30336e-14
2.56884e-05
2.97406e-08
5.76609e-15
6.72723e-06
1.01546e-05
1.8932e-12
0.00264335
-1.58393e-07
9.96531e-13
-3.42182e-05
-2.49647e-08
7.74845e-16
-5.64724e-06
1.2074e-07
1.7539e-13
2.73378e-05
7.23705e-09
4.80399e-14
1.63699e-06
-3.36807e-06
2.15054e-12
-0.000832883
-1.64595e-07
2.22098e-13
-3.70924e-05
-2.84354e-05
3.494e-13
-0.00645029
1.5043e-05
3.30722e-15
0.00338697
-2.90291e-08
1.16915e-13
5.53996e-06
-1.83982e-09
3.20107e-14
-4.17315e-07
-5.75015e-05
3.26765e-13
-0.0130698
-2.44832e-08
1.94819e-14
-5.53802e-06
-3.98676e-08
8.64338e-15
-9.01791e-06
3.84178e-08
8.94173e-15
8.68997e-06
-2.3177e-07
1.60117e-14
-5.24257e-05
-4.04646e-07
2.11739e-14
-9.15295e-05
-8.55046e-09
3.93391e-15
-1.93408e-06
6.52866e-06
2.75152e-12
-0.0278157
-1.93423e-06
2.24994e-12
-0.000511442
-3.21986e-07
1.49517e-15
-7.28064e-05
-6.03833e-06
2.83227e-12
-0.0015898
-1.1644e-06
9.52614e-13
-0.000253428
2.25905e-08
2.67462e-14
5.10986e-06
-2.38949e-08
2.05114e-15
-5.40502e-06
6.25014e-08
7.34626e-17
1.41392e-05
-6.45251e-08
7.18186e-15
-1.45954e-05
-6.28506e-08
4.10831e-15
-1.42166e-05
5.31754e-09
4.59002e-14
1.20281e-06
2.52543e-09
2.95815e-14
5.71245e-07
-4.78871e-08
1.47047e-14
-1.08319e-05
1.58396e-07
5.41553e-15
3.49754e-05
0.000175912
3.20233e-12
0.0435312
-2.07666e-05
8.76441e-13
-0.0046976
-1.26958e-06
3.6705e-14
-0.000287175
-9.00662e-05
2.18225e-12
-0.0210353
6.44517e-06
8.31914e-13
0.00145796
-1.85516e-06
1.7741e-14
-0.00041963
5.6254e-09
5.44109e-14
1.27245e-06
2.39385e-06
1.14002e-13
0.000541482
1.18688e-06
1.82902e-12
0.0323271
1.00899e-06
1.50997e-12
0.00397917
-2.38751e-05
1.001e-15
-0.00540166
-1.29675e-07
2.03193e-14
-2.93782e-05
-1.17474e-06
1.44355e-12
0.00398464
7.72061e-08
1.78168e-14
1.74327e-05
1.21612e-07
4.81904e-17
2.83106e-05
1.41644e-08
1.35644e-14
3.20394e-06
-8.8096e-08
9.7797e-15
-1.9927e-05
4.59778e-08
3.61281e-16
1.04e-05
-0.000138097
1.92071e-12
-0.033621
4.95114e-05
5.24977e-13
0.011319
4.7669e-05
3.62098e-15
0.0113373
-2.94717e-07
2.19936e-14
-6.66703e-05
-2.32039e-08
5.01121e-13
-3.92343e-06
-4.62596e-08
7.34506e-15
-1.04638e-05
5.88115e-06
3.10866e-13
0.00134659
5.6836e-09
2.92361e-14
1.28561e-06
4.79844e-08
1.89243e-14
1.08539e-05
4.41913e-08
2.09064e-14
9.99586e-06
3.60289e-08
3.81402e-14
8.14961e-06
7.51608e-06
2.50113e-15
0.00170011
-1.28919e-05
4.6709e-12
-0.00291907
1.73849e-05
8.27292e-15
0.00393241
-1.41008e-07
5.08172e-14
-3.18955e-05
-1.24168e-05
3.55016e-12
-0.0028198
8.20278e-07
1.75678e-14
0.000185544
-5.84701e-09
4.70602e-14
-1.32257e-06
2.4002e-06
1.11252e-14
0.000542917
-2.81446e-08
3.28154e-14
-6.36622e-06
1.70053e-07
2.73779e-15
3.84655e-05
-1.09488e-06
2.39103e-14
-0.000247658
7.32657e-08
3.73812e-14
1.65725e-05
2.84431e-08
2.23384e-14
6.43373e-06
-1.6092e-07
4.00584e-14
-3.63996e-05
7.57291e-08
2.46162e-14
1.71297e-05
5.1618e-09
1.01608e-15
1.16758e-06
8.45219e-09
7.65031e-14
1.91186e-06
5.82703e-08
3.33316e-14
1.31805e-05
3.51412e-08
8.32127e-16
7.94883e-06
2.84968e-06
1.46457e-14
0.000643158
-9.42269e-05
-1.29226e-13
-0.0352321
-1.83817e-06
7.09461e-15
-0.000415798
6.88783e-07
3.33823e-13
0.000250906
-8.14982e-08
4.88958e-15
-1.84334e-05
6.72321e-09
2.17572e-14
1.5138e-06
4.9216e-09
1.73341e-14
1.11325e-06
8.02131e-08
1.33397e-14
1.81439e-05
5.44502e-07
4.15562e-15
0.000119198
2.58623e-07
8.64949e-14
5.84833e-05
5.6722e-06
3.37405e-13
0.0013083
-2.025e-06
1.10226e-12
-0.000451144
-1.13224e-08
4.54493e-14
-2.56109e-06
4.48859e-08
2.31102e-14
1.0153e-05
1.59346e-07
4.86375e-14
3.61077e-05
1.02254e-06
6.68413e-15
0.000231297
2.92726e-08
2.9219e-14
6.62136e-06
-1.67362e-07
1.43301e-14
-3.78567e-05
-5.9071e-08
1.33772e-14
-1.33617e-05
2.02451e-08
4.27382e-14
4.57936e-06
-7.79413e-09
5.99506e-16
-1.76301e-06
-8.25043e-05
2.23549e-12
-0.0193061
0.000292556
6.05623e-15
0.0661762
-1.81775e-07
4.61294e-14
-4.11169e-05
-3.4816e-06
1.66641e-12
-0.000788288
2.21223e-08
8.00616e-14
5.00398e-06
-5.03388e-07
8.36059e-13
-0.00011382
-8.14623e-08
1.2231e-14
-1.84265e-05
1.52365e-08
4.87863e-14
3.44645e-06
9.70172e-08
3.15285e-14
2.1945e-05
-3.21161e-09
1.51731e-14
-7.26455e-07
8.69527e-08
3.25645e-14
1.96684e-05
2.59534e-08
1.43959e-14
5.87057e-06
-2.89009e-07
5.29519e-14
-6.53729e-05
-9.24766e-08
2.45059e-14
-2.09179e-05
-1.44045e-07
8.75524e-15
-3.16617e-05
-2.59026e-07
5.76722e-14
1.04644e-05
7.24432e-07
6.33064e-13
-0.00206939
1.04812e-06
3.67857e-15
0.000237172
-2.16238e-08
3.02885e-14
-4.89161e-06
-2.32988e-08
1.43046e-14
-5.27012e-06
5.54729e-08
1.94659e-14
1.25474e-05
3.79025e-08
2.84775e-14
8.57201e-06
-1.05235e-08
1.97154e-14
-2.38038e-06
-4.04241e-05
1.33155e-12
-0.0214971
-2.78417e-08
2.76432e-14
-6.30088e-06
-3.90352e-05
2.82122e-12
-0.00922141
1.36759e-06
4.98634e-13
0.000319754
5.06847e-06
1.06252e-14
0.00114647
-1.36795e-07
6.84061e-14
-3.09041e-05
2.72948e-08
3.40553e-14
6.17399e-06
7.2545e-08
7.56209e-14
1.63017e-05
2.65247e-08
1.67177e-14
5.99979e-06
7.03176e-09
3.22378e-14
1.59056e-06
1.00823e-08
1.44157e-14
2.28049e-06
-2.18496e-09
3.59034e-14
-4.94252e-07
1.76099e-07
2.55461e-14
3.98331e-05
-4.96181e-08
8.5945e-15
-1.12234e-05
-1.30506e-07
1.99548e-14
-2.952e-05
-8.95339e-06
3.715e-12
-0.00203826
2.4813e-05
5.62911e-13
0.00561275
7.94975e-07
9.20017e-15
0.000179821
-2.2357e-08
7.57407e-14
-5.05708e-06
9.1209e-08
3.85039e-14
2.06312e-05
2.36777e-07
8.11337e-14
5.3559e-05
5.75109e-08
3.41271e-15
1.30088e-05
-1.25155e-08
2.49417e-14
-2.83097e-06
-1.36382e-07
1.19536e-14
-3.08492e-05
-1.30927e-07
6.83068e-15
-2.96152e-05
-1.01471e-08
4.93065e-14
-2.29524e-06
-7.4888e-06
3.32198e-13
-0.00163737
9.1486e-06
2.3091e-14
0.00207205
-2.14406e-06
4.5625e-14
-0.000481811
5.10883e-08
2.26895e-14
1.15467e-05
3.37823e-07
5.04177e-14
0.000181191
-1.7594e-08
9.96882e-15
-3.97969e-06
7.57184e-08
1.39254e-14
1.73769e-05
9.98664e-08
1.49546e-14
2.25893e-05
4.10478e-09
3.06171e-14
9.28355e-07
-2.96329e-06
2.8288e-14
-0.000670398
1.56167e-05
2.13152e-12
0.00484943
-5.59834e-05
4.94679e-15
-0.0126636
1.30558e-07
3.04521e-14
2.95311e-05
0.000190359
1.2998e-12
0.0532016
1.00727e-08
3.49576e-14
2.27826e-06
4.24853e-05
4.90924e-13
0.00984437
3.37773e-08
3.30113e-14
7.64031e-06
3.63612e-07
2.34532e-15
8.22477e-05
5.42617e-08
1.88808e-14
1.22737e-05
3.81407e-08
2.47573e-14
8.62729e-06
2.79693e-08
1.47604e-14
6.32656e-06
-3.46772e-09
5.56329e-14
-7.84387e-07
6.33632e-07
3.17335e-14
0.000143325
7.55006e-09
5.91903e-15
1.7078e-06
-0.000151781
4.65279e-12
-0.0343457
6.91305e-06
5.77499e-14
0.00156371
-4.60052e-07
1.13447e-13
-0.000104062
5.43499e-08
5.67472e-14
1.22938e-05
3.01591e-06
4.72698e-14
0.000682188
-1.85044e-08
3.5785e-14
-4.18564e-06
1.38969e-07
1.20768e-16
3.14345e-05
1.46195e-08
5.37204e-14
3.30687e-06
-8.49327e-09
5.98081e-14
-1.92115e-06
-2.24551e-05
1.8838e-14
-0.00509587
-2.45278e-06
-1.82588e-12
-0.00477027
2.56375e-06
6.62298e-13
0.000337155
5.09811e-08
2.32898e-14
1.13059e-05
9.84286e-07
7.02466e-15
0.000223886
2.42944e-07
3.24356e-14
9.39609e-05
6.33229e-08
2.19924e-14
1.43232e-05
1.02578e-07
1.25742e-14
2.31817e-05
-4.94773e-09
6.06572e-15
-1.11916e-06
-8.95896e-08
9.80828e-15
-2.02649e-05
-6.17122e-09
3.70743e-14
-1.39603e-06
1.50574e-10
3.05895e-14
3.40504e-08
-1.88704e-07
2.83578e-14
-4.26577e-05
3.78454e-08
2.14992e-14
8.5605e-06
1.71367e-07
1.64871e-15
3.876e-05
-1.92657e-07
1.94747e-14
-4.35783e-05
-7.64324e-08
4.121e-16
-1.72887e-05
5.0228e-06
4.71333e-14
0.00113614
3.67324e-05
3.55472e-12
0.00873285
4.20702e-06
1.1737e-13
0.000951615
-4.9249e-06
1.84458e-12
-0.0011149
2.67475e-07
2.92481e-13
6.05115e-05
1.34501e-06
4.33446e-17
0.000304237
-1.53173e-07
5.82522e-14
-3.46473e-05
-3.0516e-06
1.59322e-12
-0.00069042
1.6068e-07
3.70372e-13
3.63612e-05
-6.07677e-08
4.45664e-14
-1.37455e-05
1.79534e-05
8.19789e-13
0.00406145
-2.55723e-06
2.85779e-13
-0.000578429
-1.45008e-07
3.90628e-15
-3.28004e-05
6.1779e-08
4.8688e-14
1.39742e-05
1.05053e-08
3.39191e-14
2.37626e-06