2.92867e-11
0
6.5598e-09
2.84902e-11
3.15544e-30
6.44439e-09
2.92867e-11
3.15544e-30
6.62454e-09
2.84902e-11
6.31089e-30
6.44439e-09
2.92867e-11
3.15544e-30
6.62454e-09
2.92867e-11
3.15544e-30
6.62454e-09
2.84902e-11
0
6.44439e-09
2.92867e-11
0
6.62454e-09
2.92867e-11
-3.15544e-30
6.62454e-09
2.84902e-11
0
6.44439e-09
2.84902e-11
0
6.44439e-09
2.92867e-11
-3.15544e-30
6.62454e-09
2.84902e-11
0
6.44439e-09
2.92867e-11
0
6.62454e-09
2.84902e-11
0
6.44439e-09
2.92867e-11
0
6.62454e-09
2.92867e-11
-3.15544e-30
6.62454e-09
2.92867e-11
-3.15544e-30
6.62454e-09
2.92867e-11
0
6.62454e-09
2.84902e-11
3.15544e-30
6.44439e-09
2.92867e-11
-6.31089e-30
6.62454e-09
2.92867e-11
0
6.62454e-09
-0.204708
0
-46.3043
7.03447e-11
3.15544e-30
1.59117e-08
2.92867e-11
0
6.62454e-09
1.15686e-10
0
2.61679e-08
2.84902e-11
6.31089e-30
6.44439e-09
2.92867e-11
0
6.62454e-09
2.92867e-11
0
6.62454e-09
2.92867e-11
-3.15544e-30
6.62454e-09
2.92867e-11
3.15544e-30
6.62454e-09
2.84902e-11
3.15544e-30
6.44439e-09
2.84902e-11
3.15544e-30
6.44439e-09
2.84902e-11
3.15544e-30
6.44439e-09
2.92867e-11
-3.15544e-30
6.62454e-09
2.92867e-11
3.15544e-30
6.62454e-09
2.84902e-11
0
6.44439e-09
2.84902e-11
3.15544e-30
6.44439e-09
2.92867e-11
0
6.62454e-09
2.92867e-11
3.15544e-30
6.62454e-09
0.0103934
0
2.35094
8.83407e-11
-3.15544e-30
1.99824e-08
7.03447e-11
0
1.59117e-08
7.03447e-11
-6.31089e-30
1.59117e-08
7.03447e-11
0
1.59117e-08
7.03447e-11
0
1.59117e-08
7.03447e-11
-3.15544e-30
1.59117e-08
7.03447e-11
3.15544e-30
1.59117e-08
7.03447e-11
3.15544e-30
1.59117e-08
7.03447e-11
0
1.59117e-08
7.03447e-11
0
1.59117e-08
7.03447e-11
-3.15544e-30
1.59117e-08
7.03447e-11
-3.15544e-30
1.59117e-08
7.03447e-11
0
1.59117e-08
7.03447e-11
0
1.59117e-08
7.03447e-11
3.15544e-30
1.59117e-08
7.03447e-11
-3.15544e-30
1.59117e-08
7.03447e-11
0
1.59117e-08
8.83407e-11
3.15544e-30
1.99824e-08
7.03447e-11
3.15544e-30
1.59117e-08
-1.1578e-10
0
-2.6189e-08
-1.15022e-10
0
-2.60175e-08
-0.00591617
3.38813e-21
-30.8349
2.92867e-11
0
6.62454e-09
2.92867e-11
3.15544e-30
6.62454e-09
1.15686e-10
6.31089e-30
2.61679e-08
1.15686e-10
6.31089e-30
2.61679e-08
1.15686e-10
0
2.61679e-08
1.15686e-10
0
2.61679e-08
1.15686e-10
6.31089e-30
2.61679e-08
2.92867e-11
-3.15544e-30
6.62454e-09
1.15686e-10
-6.31089e-30
2.61679e-08
1.15686e-10
0
2.61679e-08
1.15686e-10
6.31089e-30
2.61679e-08
1.15686e-10
6.31089e-30
2.61679e-08
8.64316e-11
0
1.95505e-08
7.03447e-11
3.15544e-30
1.59117e-08
7.03447e-11
3.15544e-30
1.59117e-08
7.03447e-11
-3.15544e-30
1.59117e-08
7.03447e-11
-3.15544e-30
1.59117e-08
7.03447e-11
0
1.59117e-08
7.03447e-11
-3.15544e-30
1.59117e-08
8.83407e-11
3.15544e-30
1.99824e-08
7.03447e-11
0
1.59117e-08
8.83407e-11
3.15544e-30
1.99824e-08
8.83407e-11
-3.15544e-30
1.99824e-08
7.03447e-11
-3.15544e-30
1.59117e-08
-1.15022e-10
1.26218e-29
-2.60175e-08
-1.1578e-10
6.31089e-30
-2.6189e-08
-1.1578e-10
-6.31089e-30
-2.6189e-08
-1.1578e-10
-6.31089e-30
-2.6189e-08
-1.15022e-10
-6.31089e-30
-2.60175e-08
-1.15022e-10
-1.26218e-29
-2.60175e-08
-1.1578e-10
6.31089e-30
-2.6189e-08
-1.15022e-10
6.31089e-30
-2.60175e-08
-1.86487e-10
-1.26218e-29
-4.21827e-08
-1.1578e-10
0
-2.6189e-08
-1.86487e-10
0
-4.21827e-08
-1.15022e-10
0
-2.60175e-08
-1.1578e-10
6.31089e-30
-2.6189e-08
-1.1578e-10
-6.31089e-30
-2.6189e-08
-1.86487e-10
-1.26218e-29
-4.21827e-08
-1.1578e-10
0
-2.6189e-08
-1.15022e-10
0
-2.60175e-08
-1.1578e-10
0
-2.6189e-08
1.15686e-10
0
2.61679e-08
2.92867e-11
3.15544e-30
6.62454e-09
1.15686e-10
0
2.61679e-08
1.15686e-10
-6.31089e-30
2.61679e-08
1.15686e-10
0
2.61679e-08
2.92867e-11
0
6.62454e-09
2.92867e-11
0
6.62454e-09
6.89099e-11
0
1.55872e-08
8.64316e-11
0
1.95505e-08
7.03447e-11
-3.15544e-30
1.59117e-08
7.03447e-11
0
1.59117e-08
7.03447e-11
3.15544e-30
1.59117e-08
7.03447e-11
-3.15544e-30
1.59117e-08
-1.86487e-10
0
-4.21827e-08
-1.15022e-10
0
-2.60175e-08
-1.1578e-10
-6.31089e-30
-2.6189e-08
-1.15022e-10
-1.26218e-29
-2.60175e-08
-1.1578e-10
-1.26218e-29
-2.6189e-08
-1.1578e-10
6.31089e-30
-2.6189e-08
-1.1578e-10
6.31089e-30
-2.6189e-08
-1.86487e-10
0
-4.21827e-08
-1.1578e-10
0
-2.6189e-08
-1.86487e-10
1.26218e-29
-4.21827e-08
-1.16797e-10
-1.26218e-29
-2.64192e-08
-1.15022e-10
0
-2.60175e-08
-1.1578e-10
0
-2.6189e-08
-1.86487e-10
0
-4.21827e-08
-1.15022e-10
6.31089e-30
-2.60175e-08
-1.1578e-10
6.31089e-30
-2.6189e-08
-1.15022e-10
0
-2.60175e-08
-1.15022e-10
6.31089e-30
-2.60175e-08
-1.86487e-10
0
-4.21827e-08
-1.1578e-10
6.31089e-30
-2.6189e-08
1.15686e-10
6.31089e-30
2.61679e-08
1.15686e-10
6.31089e-30
2.61679e-08
1.15686e-10
0
2.61679e-08
2.92867e-11
-3.15544e-30
6.62454e-09
2.92867e-11
-3.15544e-30
6.62454e-09
2.92867e-11
0
6.62454e-09
1.15686e-10
6.31089e-30
2.61679e-08
1.15686e-10
6.31089e-30
2.61679e-08
1.15686e-10
-1.26218e-29
2.61679e-08
2.92867e-11
-6.31089e-30
6.62454e-09
1.15686e-10
-6.31089e-30
2.61679e-08
8.64316e-11
0
1.95505e-08
8.64316e-11
0
1.95505e-08
8.64316e-11
0
1.95505e-08
8.64316e-11
0
1.95505e-08
6.89099e-11
0
1.55872e-08
6.89099e-11
0
1.55872e-08
8.64316e-11
0
1.95505e-08
-1.1578e-10
0
-2.6189e-08
-1.1578e-10
-6.31089e-30
-2.6189e-08
-1.1578e-10
0
-2.6189e-08
-1.86487e-10
2.52435e-29
-4.21827e-08
-1.15022e-10
-6.31089e-30
-2.60175e-08
-1.86487e-10
-1.26218e-29
-4.21827e-08
-1.86487e-10
-1.26218e-29
-4.21827e-08
-1.86487e-10
-1.26218e-29
-4.21827e-08
-1.1578e-10
-1.26218e-29
-2.6189e-08
-1.1578e-10
6.31089e-30
-2.6189e-08
-1.1578e-10
-1.26218e-29
-2.6189e-08
-1.15022e-10
1.89327e-29
-2.60175e-08
-1.1578e-10
-6.31089e-30
-2.6189e-08
-1.16797e-10
-6.31089e-30
-2.64192e-08
-1.1578e-10
1.26218e-29
-2.6189e-08
-1.86487e-10
0
-4.21827e-08
-1.86487e-10
-1.26218e-29
-4.21827e-08
-1.1578e-10
0
-2.6189e-08
-1.1578e-10
0
-2.6189e-08
-1.1578e-10
0
-2.6189e-08
-0.120974
0
-27.3639
1.15686e-10
6.31089e-30
2.61679e-08
4.59676e-11
3.15544e-30
1.03977e-08
1.15686e-10
-6.31089e-30
2.61679e-08
2.92867e-11
3.15544e-30
6.62454e-09
1.15686e-10
0
2.61679e-08
1.15686e-10
-6.31089e-30
2.61679e-08
1.15686e-10
0
2.61679e-08
2.92867e-11
-3.15544e-30
6.62454e-09
4.59676e-11
-3.15544e-30
1.03977e-08
4.59676e-11
-3.15544e-30
1.03977e-08
8.64316e-11
-3.15544e-30
1.95505e-08
8.64316e-11
0
1.95505e-08
6.89099e-11
-3.15544e-30
1.55872e-08
8.83407e-11
-3.15544e-30
1.99824e-08
7.03447e-11
0
1.59117e-08
8.64316e-11
-3.15544e-30
1.95505e-08
6.89099e-11
3.15544e-30
1.55872e-08
8.64316e-11
-3.15544e-30
1.95505e-08
8.64316e-11
-6.31089e-30
1.95505e-08
6.89099e-11
-3.15544e-30
1.55872e-08
8.83407e-11
-3.15544e-30
1.99824e-08
8.64316e-11
0
1.95505e-08
6.89099e-11
-3.15544e-30
1.55872e-08
8.64316e-11
6.31089e-30
1.95505e-08
8.83407e-11
-3.15544e-30
1.99824e-08
8.64316e-11
0
1.95505e-08
0.356354
0
80.6062
0.0400811
2.52435e-29
9.06621
-1.16797e-10
0
-2.64192e-08
-1.86487e-10
-1.26218e-29
-4.21827e-08
-1.1578e-10
0
-2.6189e-08
-1.86487e-10
2.52435e-29
-4.21827e-08
-1.86487e-10
-1.26218e-29
-4.21827e-08
-1.86487e-10
0
-4.21827e-08
-1.86487e-10
0
-4.21827e-08
-1.86487e-10
0
-4.21827e-08
-1.86487e-10
0
-4.21827e-08
-1.86487e-10
-1.26218e-29
-4.21827e-08
-1.1578e-10
0
-2.6189e-08
-1.86487e-10
-1.26218e-29
-4.21827e-08
-1.86487e-10
1.26218e-29
-4.21827e-08
4.59676e-11
0
1.03977e-08
1.15686e-10
0
2.61679e-08
4.59676e-11
3.15544e-30
1.03977e-08
4.59676e-11
-3.15544e-30
1.03977e-08
2.92867e-11
-3.15544e-30
6.62454e-09
2.84902e-11
0
6.44439e-09
1.15686e-10
0
2.61679e-08
6.89099e-11
-3.15544e-30
1.55872e-08
6.89099e-11
0
1.55872e-08
6.89099e-11
0
1.55872e-08
8.83407e-11
0
1.99824e-08
8.64316e-11
3.15544e-30
1.95505e-08
8.64316e-11
0
1.95505e-08
8.64316e-11
3.15544e-30
1.95505e-08
6.89099e-11
-3.15544e-30
1.55872e-08
-1.86487e-10
1.26218e-29
-4.21827e-08
-1.16797e-10
6.31089e-30
-2.64192e-08
-1.86487e-10
0
-4.21827e-08
-1.86487e-10
1.26218e-29
-4.21827e-08
-1.86487e-10
1.26218e-29
-4.21827e-08
-1.86487e-10
0
-4.21827e-08
-1.16797e-10
-1.26218e-29
-2.64192e-08
-1.16797e-10
-6.31089e-30
-2.64192e-08
-1.1578e-10
6.31089e-30
-2.6189e-08
4.59676e-11
0
1.03977e-08
4.59676e-11
-6.31089e-30
1.03977e-08
4.59676e-11
3.15544e-30
1.03977e-08
1.15686e-10
0
2.61679e-08
1.15686e-10
6.31089e-30
2.61679e-08
2.84902e-11
0
6.44439e-09
4.59676e-11
-3.15544e-30
1.03977e-08
8.83407e-11
0
1.99824e-08
8.64316e-11
-3.15544e-30
1.95505e-08
8.64316e-11
0
1.95505e-08
8.64316e-11
3.15544e-30
1.95505e-08
6.89099e-11
6.31089e-30
1.55872e-08
8.83407e-11
-3.15544e-30
1.99824e-08
8.64316e-11
0
1.95505e-08
8.64316e-11
3.15544e-30
1.95505e-08
8.64316e-11
-3.15544e-30
1.95505e-08
8.64316e-11
0
1.95505e-08
-1.1578e-10
0
-2.6189e-08
-1.86487e-10
0
-4.21827e-08
-1.1578e-10
-6.31089e-30
-2.6189e-08
-1.16797e-10
0
-2.64192e-08
-1.16797e-10
-1.26218e-29
-2.64192e-08
-1.1578e-10
6.31089e-30
-2.6189e-08
4.59676e-11
0
1.03977e-08
4.59676e-11
0
1.03977e-08
6.89099e-11
0
1.55872e-08
8.83407e-11
0
1.99824e-08
8.64316e-11
3.15544e-30
1.95505e-08
8.64316e-11
0
1.95505e-08
8.64316e-11
-3.15544e-30
1.95505e-08
8.64316e-11
0
1.95505e-08
8.83407e-11
3.15544e-30
1.99824e-08
8.64316e-11
-3.15544e-30
1.95505e-08
-1.16797e-10
6.31089e-30
-2.64192e-08
-1.16797e-10
-6.31089e-30
-2.64192e-08
4.59676e-11
-3.15544e-30
1.03977e-08
1.15686e-10
1.26218e-29
2.61679e-08
8.64316e-11
3.15544e-30
1.95505e-08
8.64316e-11
-3.15544e-30
1.95505e-08
8.64316e-11
3.15544e-30
1.95505e-08
8.83407e-11
-3.15544e-30
1.99824e-08
8.83407e-11
0
1.99824e-08
8.64316e-11
0
1.95505e-08
-1.16797e-10
-6.31089e-30
-2.64192e-08
-1.16797e-10
6.31089e-30
-2.64192e-08
-1.1578e-10
0
-2.6189e-08
6.89099e-11
3.15544e-30
1.55872e-08
8.64316e-11
-6.31089e-30
1.95505e-08
8.83407e-11
3.15544e-30
1.99824e-08
-1.16797e-10
6.31089e-30
-2.64192e-08
4.59676e-11
0
1.03977e-08
6.89099e-11
-3.15544e-30
1.55872e-08
8.64316e-11
-3.15544e-30
1.95505e-08
-1.86487e-10
1.26218e-29
-4.21827e-08
-1.16797e-10
6.31089e-30
-2.64192e-08
4.59676e-11
-3.15544e-30
1.03977e-08
-1.16797e-10
0
-2.64192e-08
-1.16578e-10
-1.26218e-29
-2.63695e-08
