1.8447e-09
-2.57684e-09
-0.0206207
0
0
0
3.22309e-05
-4.50227e-05
14.1656
0
0
0
-6.70809e-10
-4.5539e-09
-0.00147979
-1.96937e-08
-1.33694e-07
-0.0434439
-1.9884e-06
-1.34986e-05
-4.38636
0
0
0
-2.51612e-08
-1.37126e-09
1.0201e-08
-2.51612e-08
-1.37126e-09
1.0201e-08
-2.51612e-06
-1.37126e-07
1.0201e-06
0
0
0
-4.33881e-06
-8.60826e-10
4.41972e-09
-4.33881e-06
-8.60826e-10
4.41972e-09
-0.000433881
-8.60826e-08
4.41972e-07
0
0
0
2.12369e-05
-4.92055e-09
-1.00199e-08
-3.0262e-07
-2.67518e-12
0
0.00229318
-5.31326e-07
-6.07399e-06
0
0
0
5.7779e-06
-1.62915e-09
-2.73529e-09
-8.23212e-08
-7.97398e-13
0
0.00062415
-1.75987e-07
-1.65864e-06
0
0
0
7.68171e-06
-9.27755e-09
-3.67921e-09
-1.09389e-07
-2.81396e-12
0
0.000830956
-1.00358e-06
-2.23348e-06
0
0
0
-4.29056e-06
-3.33063e-09
5.17839e-09
-4.29056e-06
-3.33063e-09
5.17839e-09
-0.000429056
-3.33063e-07
5.17839e-07
0
0
0
-3.65183e-06
-2.335e-09
4.41339e-09
-3.65183e-06
-2.335e-09
4.41339e-09
-0.000365183
-2.335e-07
4.41339e-07
0
0
0
1.91778e-06
-1.43321e-09
-9.16475e-10
-2.73122e-08
-4.85763e-13
0
0.000207397
-1.54994e-07
-5.56231e-07
0
0
0
0.0120532
-5.79256e-10
-1.31443e-05
-0.000347267
-3.61146e-12
0
1.36202
-6.54564e-08
-0.00374607
0
0
0
0.000218466
-1.03916e-11
-2.38747e-07
-6.37199e-06
-6.94325e-14
0
0.024236
-1.15282e-09
-6.70536e-05
0
0
0
0.0106324
-4.9483e-10
-3.83128e-06
-0.000311607
-3.72005e-12
0
1.16706
-5.4315e-08
-0.0023532
0
0
0
0.0410282
-2.17185e-09
-1.69014e-05
-0.00120502
-6.32603e-12
0
4.47758
-2.37023e-07
-0.010333
0
0
0
0.000330839
-6.76135e-09
-5.28479e-05
0
0
0
0.0359262
-7.34223e-07
-0.0321806
0
0
0
5.91706e-05
-1.20883e-09
-9.49014e-06
0
0
0
0.00639278
-1.30602e-07
-0.00575535
0
0
0
3.15588e-06
-6.44496e-11
-5.07103e-07
0
0
0
0.000340077
-6.94508e-09
-0.0003069
0
0
0
0.0279182
-1.6705e-09
-1.31856e-05
-0.000398684
-3.33702e-13
0
2.99735
-1.79348e-07
-0.00795649
0
0
0
