0
0
0
0
0
0
0
0
0
-2.57682e-09
0
-4.50225e-05
0
0
0
0.000135698
-0.000112232
0.00229126
0.000134
-2.71632e-05
-0.016235
-4.55388e-09
-1.33694e-07
-1.34985e-05
0
0
0
6.81504e-06
-5.57128e-06
6.21882e-05
5.27501e-06
-9.1815e-07
-0.000711131
-1.37124e-09
-1.37124e-09
-1.37124e-07
0
0
0
2.95919e-06
-2.42006e-06
2.69564e-05
2.29016e-06
-3.99461e-07
-0.000308908
-8.60816e-10
-8.60816e-10
-8.60816e-08
0
0
0
0
0
0
0
0
0
-4.9206e-09
-2.67517e-12
-5.31331e-07
0
0
0
0
0
0
0
0
0
-1.62916e-09
-7.97397e-13
-1.75988e-07
0
0
0
0
0
0
0
0
0
-9.27757e-09
-2.81396e-12
-1.00359e-06
0
0
0
3.45745e-06
-2.82922e-06
3.14115e-05
2.6752e-06
-4.68136e-07
-0.000361147
-3.33061e-09
-3.33061e-09
-3.33061e-07
0
0
0
2.94676e-06
-2.41119e-06
2.67785e-05
2.2801e-06
-3.98878e-07
-0.000307786
-2.33499e-09
-2.33499e-09
-2.33499e-07
0
0
0
0
0
0
0
0
0
-1.43322e-09
-4.85763e-13
-1.54994e-07
0
0
0
0
0
0
0
0
0
-6.00825e-10
-3.60512e-12
-6.78936e-08
0
0
0
0
0
0
0
0
0
-1.07804e-11
-6.93107e-14
-1.19595e-09
0
0
0
0
0
0
0
0
0
-5.13466e-10
-3.71352e-12
-5.63606e-08
0
0
0
0
0
0
0
0
0
-2.25415e-09
-6.31492e-12
-2.46005e-07
0
0
0
0
0
0
0
0
0
-7.01892e-09
0
-7.62193e-07
0
0
0
0
0
0
0
0
0
-1.25512e-09
0
-1.35603e-07
0
0
0
0
0
0
0
0
0
-6.69245e-11
0
-7.21178e-09
0
0
0
0
0
0
0
0
0
-1.73489e-09
-3.33116e-13
-1.86261e-07
