-2.62495e-06
24396
0.000262723
9.09723e-08
-842.379
1.84674e-19
-1.45111e-06
13472.9
8.31896e-06
-3.40916e-07
3160.13
2.16167e-05
-2.59893e-07
2415.51
1.90626e-05
-1.00819e-06
9362.5
-1.04298e-05
5.77831e-08
-534.465
-4.08115e-19
5.80137e-08
-537.314
1.62478e-19
4.88356e-08
-451.415
-1.30494e-19
1.40767e-07
-1303.72
-6.88357e-16
5.84612e-08
-540.357
1.76119e-19
1.10536e-07
-1023.9
-4.07878e-19
5.749e-08
-531.617
-2.47763e-19
6.03061e-08
-558.181
5.47247e-19
2.32175e-08
-214.329
2.46134e-17
-4.25865e-08
392.745
1.03389e-16
1.31694e-08
-121.724
1.72685e-19
-1.18075e-07
1087.39
8.03907e-17
-1.44564e-06
13414.7
6.11629e-18
-3.50969e-06
32608.9
-4.92135e-13
-1.01599e-06
9450.65
1.44544e-05
-1.78605e-06
16586.8
0.000149955
-5.02804e-07
4661.8
5.5947e-05
-3.33039e-06
30943.3
-0.00162044
9.64812e-08
-893.262
7.9964e-19
-1.9155e-07
1774.91
1.31477e-06
-1.35325e-07
1256.78
1.23555e-05
4.98414e-08
-461.119
1.37643e-16
5.25843e-08
-485.868
-5.34502e-17
9.2578e-08
-856.939
-3.9908e-19
7.03006e-08
-650.868
-3.08286e-19
4.01362e-08
-370.975
1.13592e-19
2.41528e-08
-223.289
-1.84189e-19
-1.22496e-07
1125.6
-3.35644e-06
-1.57841e-06
14674.5
-3.19177e-06
1.33033e-07
-1232.29
-4.50425e-16
9.68586e-08
-896.461
-2.46779e-19
1.71242e-07
-1588.08
-4.67635e-11
7.32606e-08
-678.126
1.80525e-19
8.27666e-08
-765.436
-4.93164e-20
2.86318e-07
-2654.97
-2.1037e-10
5.8075e-08
-537.882
8.10273e-16
1.17507e-07
-1088.14
6.40051e-16
1.08005e-07
-999.267
-8.40915e-19
8.91549e-08
-823.216
-1.96082e-17
3.3968e-09
-31.4072
1.15747e-19
-8.03311e-08
740.469
-5.1375e-20
8.60667e-08
-796.548
-2.89504e-19
2.10241e-08
-194.496
3.70189e-19
-1.28288e-07
1183.09
1.47375e-18
-1.00832e-06
9379.1
-1.81438e-05
4.48486e-08
-415.068
3.496e-20
-3.40132e-07
3152.86
3.95909e-19
-1.44688e-06
13426.2
-7.90476e-05
-3.76484e-07
3491.06
2.91749e-05
1.18847e-08
-110.042
-2.71084e-19
-5.39642e-08
499.809
1.27228e-19
8.91809e-08
-823.456
2.21326e-20
4.69169e-08
-434.225
1.46387e-16
-6.28325e-10
5.81657
-1.1577e-16
-8.05464e-08
742.453
-8.26856e-19
1.66717e-07
-1544.59
2.94342e-19
5.72637e-08
-530.06
3.75948e-17
-2.37957e-07
2213.43
4.82886e-06
5.90288e-08
-546.238
5.1487e-19
-4.82718e-07
4485.05
-6.76296e-14
-4.75979e-07
4417.13
6.89198e-16
1.5359e-07
-1425.33
-5.53224e-08
2.3494e-07
-2177.31
-1.75854e-13
4.8795e-08
-451.04
1.30587e-16
2.30632e-07
-2137.02
-3.94501e-13
5.25261e-08
-485.331
-2.91787e-16
9.23926e-08
-855.223
5.13538e-17
9.43848e-08
-872.878
2.7649e-16
-2.08881e-07
1923.64
2.07683e-16
7.88151e-08
-728.891
-8.92584e-20
-5.32077e-08
491.178
2.90606e-19
-1.15088e-07
1059.88
-4.04042e-19
9.67326e-08
-895.295
5.40695e-19
-2.51032e-07
2333.12
-4.13636e-15
-1.01096e-06
9388.12
-2.97856e-14
-3.75375e-07
3480.78
-1.11119e-16
6.37885e-08
-590.192
-1.60543e-19
8.25295e-08
-763.244
9.42236e-17
-9.09756e-09
84.4319
2.02353e-17
2.86206e-07
-2653.93
-1.19344e-11
8.01179e-08
-741.627
1.81531e-16
4.68163e-08
-432.488
1.5343e-19
1.10418e-07
-1022.81
-2.17969e-14
5.74236e-08
-531.003
-3.00504e-19
8.90026e-08
-821.81
1.23322e-16
9.62534e-08
-891.283
5.76293e-20
5.5188e-08
-510.615
-1.10951e-19
-4.2543e-08
392.344
-2.05541e-17
2.9211e-08
-270.281
-1.05273e-19
2.41273e-08
-223.054
-1.53293e-19
-1.04264e-08
96.2839
1.12011e-17
4.3534e-08
-402.85
2.18407e-16
-1.2792e-07
1179.69
3.35794e-17
-1.21956e-07
1120.59
-7.02116e-07
-2.51034e-07
2335.11
3.11705e-05
-8.62417e-07
8000.75
7.54414e-05
1.32792e-07
-1230.06
3.96849e-19
5.90637e-08
-546.561
6.45312e-19
-4.79988e-07
4454.34
0.000141168
-5.85923e-08
543.022
1.53773e-06
7.31173e-08
-676.8
-1.64617e-19
2.34927e-07
-2177.19
1.92038e-06
1.73803e-08
-160.873
-1.15239e-17
2.30663e-07
-2137.31
4.98241e-07
-2.97094e-09
27.4202
-1.29357e-19
6.57592e-08
-608.7
3.92944e-19
-2.08796e-07
1922.86
-8.93704e-19
4.35866e-08
-403.336
2.84204e-19
7.87885e-08
-728.646
2.80291e-19
4.18354e-07
-3895.32
-1.79951e-06
-4.98275e-07
4619.81
-2.13428e-18
-1.00418e-06
9325.23
-5.08867e-16
-3.7452e-07
3472.85
9.10421e-19
7.9799e-08
-738.674
-1.37772e-16
5.83791e-08
-539.598
-4.50377e-21
5.72366e-08
-529.274
-1.11412e-19
9.58936e-08
-887.951
5.52648e-17
5.51557e-08
-510.316
2.16327e-19
-4.24278e-08
391.282
-1.98105e-19
-1.04488e-08
96.4903
7.47845e-17
-5.58729e-08
516.175
3.66875e-19
-1.17441e-07
1079.13
-9.20131e-07
1.66236e-07
-1540.13
3.68974e-17
-3.48973e-06
32423.5
8.23684e-13
9.63643e-08
-892.18
-1.26979e-16
5.97182e-08
-552.48
2.14714e-17
-1.32921e-07
1234.44
1.36215e-17
1.54416e-07
-1432.99
6.28447e-10
5.77267e-08
-533.943
5.66218e-17
3.02357e-08
-280.489
-4.56685e-10
4.78554e-08
-442.564
2.14357e-19
2.30394e-07
-2134.82
-1.03749e-13
4.9796e-08
-460.7
5.06253e-19
9.22833e-08
-854.212
3.17545e-19
5.57885e-08
-515.608
2.82834e-19
-2.96579e-09
27.3727
-1.89876e-19
4.68469e-08
-433.578
1.46339e-19
-2.08723e-07
1922.18
-2.20314e-20
7.86531e-08
-727.393
-8.13207e-17
4.14414e-07
-3858.74
-4.09849e-06
1.66385e-07
-1541.51
1.11293e-05
4.48937e-08
-415.484
-3.04968e-16
-1.5002e-06
13947.6
-0.000398116
9.69017e-08
-896.859
-4.62633e-19
5.97799e-08
-553.051
3.02443e-19
2.85943e-07
-2651.49
3.25378e-05
4.54112e-08
-420.137
2.46165e-16
1.1693e-07
-1083.87
3.43625e-06
7.9537e-08
-736.248
2.89215e-16
1.17619e-07
-1089.18
-5.86934e-19
5.51576e-08
-510.334
-2.13843e-19
8.61909e-08
-797.696
5.5457e-20
2.11225e-08
-195.406
-1.86864e-19
-5.58786e-08
516.227
1.10812e-16
-1.00065e-06
9307.76
-1.23067e-05
9.61118e-08
-889.842
-8.75845e-19
-5.58815e-08
517.9
1.76698e-13
4.77453e-08
-441.546
3.31728e-19
6.07395e-08
-561.666
-1.67091e-19
2.01401e-07
-1865.94
5.40244e-19
1.03442e-07
-955.554
3.39045e-16
6.5509e-08
-604.716
2.30848e-19
6.97354e-08
-645.635
1.30899e-16
2.93831e-08
-271.421
-1.2796e-20
6.55867e-08
-607.104
6.68382e-20
-2.34118e-08
216.011
2.07809e-21
4.35051e-08
-402.582
1.55279e-20
1.31326e-08
-121.384
-1.48743e-16
-2.49725e-06
23208.9
-7.01538e-14
9.08799e-08
-841.524
-3.47847e-17
-1.56635e-06
14562.4
7.17154e-12
1.32647e-07
-1228.72
4.79348e-19
5.90428e-08
-546.368
1.77065e-19
7.12241e-08
-659.033
-6.56924e-20
-1.50382e-07
1396.25
-2.97998e-10
1.74772e-08
-161.771
6.04678e-17
1.40628e-07
-1302.43
2.29757e-15
5.8334e-08
-539.182
1.4133e-19
1.1745e-07
-1087.61
1.26591e-15
1.07904e-07
-998.328
2.26771e-17
3.44573e-09
-31.8598
-2.91436e-19
-8.01612e-08
738.902
1.3729e-19
2.10164e-08
-194.424
1.72666e-20
5.73739e-08
-531.08
5.43469e-20
-5.02503e-07
4668.92
0.000166782
1.49025e-07
-1382.96
0.000180669
8.29114e-08
-766.775
1.827e-19
2.96318e-08
-274.886
1.96731e-05
4.7641e-08
-440.581
1.15108e-20
2.01337e-07
-1865.34
1.05045e-06
9.43725e-08
-872.764
6.19348e-20
2.9392e-08
-271.503
-1.57606e-17
3.52334e-09
-32.5776
-2.06605e-19
-5.33118e-08
492.14
-9.66782e-20
9.05909e-08
-838.848
9.02281e-18
4.48536e-08
-415.114
-3.71829e-20
1.10278e-07
-1020.72
-2.45141e-16
5.96673e-08
-552.01
-7.90942e-20
1.71142e-08
-158.41
-1.8486e-20
1.87949e-07
-1742.58
2.9109e-19
1.40375e-07
-1300.09
1.74822e-15
4.68282e-08
-432.597
-6.77549e-20
1.10616e-07
-1024.64
-8.87831e-14
6.00847e-08
-556.133
3.50172e-17
2.32312e-08
-214.456
3.69312e-17
-1.75389e-06
16288
-3.61542e-18
5.72299e-08
-529.747
2.60177e-19
-2.38639e-07
2219.78
-8.43747e-06
-4.85042e-07
4506.64
-6.78187e-16
-5.36525e-08
496.923
3.12325e-16
5.82843e-08
-539.821
2.11587e-15
6.07515e-08
-561.777
3.23688e-20
5.25065e-08
-485.15
7.13391e-20
6.53179e-08
-602.952
-4.06006e-20
6.92985e-08
-641.59
5.6939e-16
2.93767e-08
-271.361
1.9805e-19
6.54406e-08
-605.752
-1.353e-19
1.31058e-08
-121.136
-2.65232e-19
-1.08636e-07
1000.46
3.96302e-17
1.10222e-07
-1020.2
-4.36561e-19
-1.54348e-07
1433.08
3.52402e-05
1.70282e-07
-1579.18
5.79759e-05
4.53433e-08
-419.202
2.50571e-19
4.68763e-08
-433.042
6.89048e-20
1.08034e-07
-999.528
8.03005e-20
5.58458e-08
-516.138
-6.89132e-20
9.55791e-08
-885.038
1.37389e-19
-1.04836e-08
96.8117
7.99731e-20
-1.75875e-06
16333.2
2.82711e-18
1.44933e-08
-134.199
7.03152e-20
7.11622e-08
-658.46
6.14385e-20
-5.03968e-08
466.769
3.53636e-16
6.37105e-08
-589.47
1.20339e-19
-5.16631e-09
47.9517
9.68671e-17
4.48125e-08
-414.598
4.00388e-20
4.91463e-08
-454.688
-5.03115e-20
-2.9157e-09
26.9105
9.62291e-20
2.92241e-08
-270.402
-2.71164e-19
4.23636e-07
-3944.35
-6.02208e-05
-1.44358e-06
13395.6
-1.08442e-19
-1.4512e-06
13473.7
-2.19663e-14
-1.91361e-07
1773.16
6.45378e-19
1.10158e-07
-1019.61
2.92879e-19
2.34722e-07
-2175.29
1.58275e-14
4.53033e-08
-418.833
1.63505e-16
1.87876e-07
-1741.91
5.09094e-17
5.98966e-08
-554.391
-1.89968e-19
4.00948e-08
-370.593
2.97643e-17
2.32613e-08
-214.734
-2.35169e-19
8.58805e-08
-794.825
-1.36903e-16
7.11568e-08
-658.41
-6.63478e-20
6.36628e-08
-589.029
-2.96953e-18
-2.40339e-09
22.3132
1.0084e-05
6.07349e-08
-561.623
-1.15819e-16
1.0341e-07
-955.256
-2.60565e-19
6.55872e-08
-605.437
4.45244e-19
2.92461e-08
-270.605
-1.11033e-19
-2.34996e-08
216.821
2.09607e-19
-2.50043e-06
23238.5
-2.91549e-06
-1.44111e-06
13380
-2.77736e-16
-1.85694e-07
1720.64
3.93697e-19
-1.31076e-07
1217.31
-2.39905e-16
5.77056e-08
-533.748
5.52133e-17
5.57158e-08
-514.937
1.29483e-19
4.66485e-08
-431.742
2.98112e-20
-4.94435e-07
4584.21
-2.22499e-19
-8.59118e-07
7970.14
-2.23545e-16
-4.7521e-07
4409.99
-8.47494e-16
4.42672e-08
-409.554
-2.98484e-19
4.87906e-08
-451
9.8141e-20
1.16816e-07
-1082.81
-7.88331e-12
2.01329e-07
-1865.27
-6.21881e-19
1.03312e-07
-954.357
2.71841e-19
9.427e-08
-871.816
-3.02481e-19
-6.25497e-10
5.79044
7.4861e-17
-2.34342e-08
216.218
-5.05239e-20
1.87718e-07
-1740.44
1.9873e-05
-1.2847e-07
1184.76
4.64638e-19
-3.38169e-07
3134.66
7.86539e-19
-2.50001e-07
2323.54
-6.13592e-08
4.53183e-08
-418.971
-2.27844e-20
1.17054e-07
-1085.02
-1.10392e-10
-6.20854e-10
5.74753
1.99672e-19
1.71279e-07
-1588.42
4.8974e-12
7.31368e-08
-676.981
-1.57181e-16
-5.57436e-08
514.981
1.72351e-19
-8.57121e-07
7951.61
4.29878e-16
3.16975e-08
-294.05
-7.92757e-08
4.00359e-08
-370.048
4.42215e-17
2.41181e-08
-222.969
-6.05935e-20
1.72527e-08
-159.752
1.92585e-19
-5.36143e-08
496.888
1.35586e-13
-5.31433e-08
490.585
-5.66878e-20
-1.55195e-07
1440.94
-7.8414e-05
