-8.76825e-08
814.91
8.14874e-06
-9.23898e-10
8.55728
1.79199e-19
-3.05358e-08
283.512
-1.63249e-07
-3.67463e-09
34.0639
-2.16927e-08
1.4911e-08
-138.586
1.8221e-06
-1.4668e-08
136.214
5.27968e-07
-7.65537e-10
7.08284
-6.61426e-21
-1.36692e-09
12.6626
-1.60372e-20
-5.87986e-10
5.43696
-1.03126e-19
-2.22262e-09
20.5872
-1.92351e-16
-7.15769e-10
6.61771
-2.29924e-19
-1.09303e-09
10.1272
-1.70671e-19
-5.10407e-10
4.72167
-2.40936e-20
-6.58499e-10
6.09707
4.79053e-19
-3.2114e-10
2.96623
1.61525e-17
6.08968e-10
-5.61454
-4.35737e-17
-2.17068e-10
2.00822
7.76636e-20
-2.03365e-09
18.7296
2.23616e-17
2.41425e-08
-224.027
1.97814e-18
-1.07091e-07
994.992
-1.50193e-14
-3.91808e-08
364.455
4.02232e-07
-3.76997e-08
350.113
5.2574e-06
3.80219e-09
-35.2503
-9.01711e-09
-1.00235e-07
931.306
-5.29523e-05
-1.11987e-09
10.3704
2.56697e-19
-4.99326e-09
46.2694
-1.523e-08
1.23855e-08
-115.025
4.9204e-07
-4.11317e-11
0.382401
9.15812e-17
-6.16124e-10
5.69465
6.68129e-17
-1.69516e-09
15.6933
-1.79134e-19
-2.6281e-11
0.245385
-5.60226e-21
-5.61167e-10
5.18867
2.51236e-20
-5.41182e-10
5.00513
-2.03912e-20
-1.87779e-09
17.2556
-5.96679e-08
-4.06363e-08
377.797
-7.93341e-08
-7.72019e-10
7.15349
-1.03782e-16
-1.75373e-09
16.2337
5.89074e-20
-2.20465e-10
2.04667
7.33539e-12
-9.05751e-10
8.38608
2.06852e-19
-1.53932e-09
14.2379
1.63431e-19
-4.27043e-09
39.6013
1.96367e-11
-1.4322e-09
13.2672
-7.1225e-17
-2.68641e-09
24.8792
-1.4275e-17
-1.98742e-09
18.3898
1.26119e-19
-1.46859e-09
13.5621
-1.25903e-16
-6.96593e-10
6.44511
1.27609e-20
1.79596e-09
-16.5531
4.76239e-20
-1.66696e-09
15.43
-2.88262e-19
-7.83516e-10
7.25071
8.49276e-20
2.0583e-09
-18.9804
1.07119e-18
-3.90356e-08
363.099
-4.78412e-07
-1.10624e-09
10.2404
2.27225e-20
-3.66067e-09
33.9345
6.16671e-20
2.43263e-08
-225.733
1.69632e-05
-8.20184e-10
7.6073
2.18439e-07
-3.41965e-09
31.6691
1.62164e-20
-3.37857e-09
31.293
1.08748e-19
-1.47348e-09
13.6073
1.61047e-19
2.64498e-12
-0.0224995
9.13833e-18
5.65662e-14
0.00108725
-1.75896e-17
1.80826e-09
-16.6665
5.63001e-20
-7.76128e-10
7.19292
-8.65036e-20
-1.47189e-09
13.6269
-9.28273e-17
1.15479e-08
-107.417
3.5491e-06
-1.37862e-09
12.7597
-3.46396e-20
2.66674e-08
-247.773
3.73623e-15
1.65504e-08
-153.588
2.17395e-16
5.07951e-09
-47.1372
8.78432e-09
-4.08816e-09
37.8897
1.63683e-14
-5.98526e-10
5.53439
8.07764e-17
-4.15128e-09
38.4681
2.54868e-14
-6.2523e-10
5.77879
-1.32643e-16
-1.69208e-09
15.6648
-6.83284e-17
-1.53333e-09
14.1824
4.47686e-17
3.17725e-09
-29.2588
9.77497e-17
-1.01826e-09
9.41897
-2.59095e-19
1.28449e-09
-11.8559
1.33819e-19
-1.87907e-09
17.306
-2.03067e-19
-1.73673e-09
16.0763
8.47063e-20
1.59459e-08
-148.203
2.43827e-16
-1.46346e-08
135.903
-1.54177e-15
-7.86569e-10
7.29559
-2.51523e-16
-7.11886e-10
6.58863
-1.18639e-20
-1.50966e-09
13.9636
1.94397e-17
5.46389e-09
-50.7008
-2.63455e-17
-4.23393e-09
39.2629
8.98574e-13
-7.0692e-10
6.54583
4.36968e-17
-5.64522e-10
5.21681
5.72439e-20
-1.09423e-09
10.1383
2.71647e-15
-5.10871e-10
4.72596
-5.81136e-20
-1.45999e-09
13.4827
5.30627e-17
-7.72734e-10
7.15758
-3.05934e-20
-9.36345e-10
8.66546
-7.5885e-20
6.08685e-10
-5.61193
-1.43636e-17
-2.93616e-10
2.71878
-1.27492e-22
-5.40576e-10
4.99954
-3.04218e-20
3.32089e-10
-3.06488
3.393e-18
-5.74929e-10
5.32233
3.73854e-17
2.04882e-09
-18.893
4.17413e-17
-1.87475e-09
17.227
-1.45939e-08
1.00819e-08
-93.7816
5.45804e-06
-5.04176e-09
46.7746
1.2096e-06
-7.91077e-10
7.33003
4.24315e-19
-1.37771e-09
12.7512
8.33284e-20
1.61677e-08
-150.037
1.12212e-05
-2.36722e-09
21.9405
-2.36983e-08
-9.11734e-10
8.44146
-2.22113e-20
-4.07859e-09
37.8011
-4.446e-08
-8.22079e-10
7.61179
4.00293e-17
-4.15072e-09
38.4629
-1.69642e-08
1.05616e-10
-0.972983
-1.69299e-20
-4.03017e-10
3.73264
2.01641e-19
3.14809e-09
-28.9903
-4.99498e-19
-5.74049e-10
5.31418
1.1996e-19
-1.01922e-09
9.42784
3.99794e-21
-2.53028e-09
23.5597
1.2825e-08
4.06174e-09
-37.6568
-2.43695e-18
-1.47132e-08
136.633
-8.54158e-16
-6.73135e-10
6.24374
1.78258e-19
-7.5685e-10
7.00802
4.75434e-17
-7.16979e-10
6.62889
-5.49786e-20
-5.22888e-10
4.83709
-7.33091e-20
-8.2208e-10
7.6145
-1.84233e-17
-9.39827e-10
8.69767
1.05072e-19
6.11905e-10
-5.64163
1.07015e-20
3.29247e-10
-3.03864
1.27495e-17
7.73067e-10
-7.14019
1.07882e-20
-1.36979e-09
12.5875
-1.28269e-08
-7.16907e-10
6.64425
2.94986e-17
-1.06709e-07
991.448
2.90607e-14
-1.11853e-09
10.358
1.12404e-17
-1.12597e-09
10.419
-1.00883e-17
1.25087e-08
-116.168
6.09907e-17
5.13136e-09
-47.6183
5.06095e-11
-7.64567e-10
7.07387
4.82406e-18
4.90736e-09
-45.5245
4.34984e-11
-9.79608e-11
0.907751
3.34235e-20
-4.14495e-09
38.4094
7.24758e-15
-4.1653e-11
0.387226
1.11643e-19
-1.69083e-09
15.6532
-1.00938e-20
-8.58055e-10
7.93218
9.3395e-20
1.06015e-10
-0.976667
-2.94799e-20
-1.0846e-12
0.0120205
1.21314e-20
3.19625e-09
-29.4338
-4.89395e-20
-1.01595e-09
9.39758
1.04801e-17
-2.51446e-09
23.4129
1.98157e-08
-8.20873e-10
7.60747
-3.98011e-08
-1.10739e-09
10.2511
-1.47167e-16
-3.78894e-08
352.263
-1.42623e-05
-1.76619e-09
16.349
2.32609e-20
-1.12725e-09
10.4308
-3.18462e-20
-4.2819e-09
39.7076
-6.28687e-07
-7.94568e-11
0.736999
2.86628e-17
-8.77504e-11
0.815668
-1.61464e-07
-8.1507e-10
7.54695
4.30976e-17
-2.68628e-09
24.878
-3.77873e-19
-9.46195e-10
8.75658
-2.21819e-19
-1.67046e-09
15.4624
-1.05116e-20
-7.85651e-10
7.27046
-2.10407e-20
7.71995e-10
-7.13029
1.63169e-16
-3.83747e-08
356.951
-1.3194e-07
-1.1227e-09
10.3966
-3.70642e-19
-2.16454e-09
20.0621
5.66611e-15
-1.20374e-10
1.11503
1.74258e-19
-1.23102e-09
11.3854
-2.03365e-19
-3.67271e-09
34.0295
1.18114e-19
-1.60675e-09
14.8443
1.12424e-16
-1.0738e-09
9.91405
2.90906e-19
-1.20163e-10
1.1146
-9.84315e-17
-6.11986e-10
5.65493
7.10793e-20
-4.17257e-10
3.86446
-2.43884e-19
8.73532e-10
-8.05795
5.44193e-20
-5.83007e-10
5.39708
3.87322e-20
-2.17081e-10
2.00834
-2.64487e-17
-8.37471e-08
778.329
-2.42439e-15
-9.22515e-10
8.54448
-3.47999e-18
-4.01823e-08
373.576
1.78044e-13
-7.62597e-10
7.06622
1.59122e-20
-1.38026e-09
12.7749
6.43105e-20
-1.16273e-09
10.7608
-4.59823e-21
1.34854e-08
-125.207
4.66581e-11
-8.1663e-10
7.56136
1.45498e-17
-2.21845e-09
20.5486
-1.14209e-16
-7.19637e-10
6.65346
3.1325e-20
-2.68295e-09
24.8471
-5.61034e-17
-1.97715e-09
18.2947
5.0217e-18
-6.91711e-10
6.39996
-4.43078e-20
1.77416e-09
-16.3521
4.75331e-20
-7.80407e-10
7.22195
1.04239e-20
-1.47937e-09
13.6961
9.25853e-20
2.34307e-08
-217.702
2.65259e-05
4.9647e-09
-46.0718
2.56928e-06
-1.56149e-09
14.443
3.37282e-19
4.92593e-09
-45.6968
-1.8348e-07
-1.51343e-10
1.40144
-9.41185e-21
-3.64954e-09
33.8148
-4.73707e-08
-1.53558e-09
14.2031
5.14022e-20
-6.15611e-10
5.68842
2.5839e-17
-7.00644e-10
6.48258
-3.44305e-20
1.26145e-09
-11.6432
-2.64958e-19
-9.2131e-10
8.53332
-4.60769e-17
-1.10574e-09
10.2357
-4.95501e-20
-1.76494e-09
16.3384
-6.17058e-17
-1.12519e-09
10.4118
1.53078e-20
-9.84415e-10
9.11451
8.75579e-21
-3.22432e-09
29.8971
9.77001e-20
-2.22843e-09
20.641
1.27115e-16
-5.78114e-10
5.34237
-8.53731e-20
-1.15102e-09
10.6643
1.21667e-14
-6.87563e-10
6.36609
1.00199e-17
-3.08263e-10
2.84735
1.98541e-17
-3.65909e-08
339.814
-1.34042e-18
-1.46252e-09
13.5402
1.79267e-20
1.14266e-08
-106.288
1.56758e-07
2.64039e-08
-245.325
-4.24201e-17
-3.34973e-09
31.0259
-8.34362e-20
-1.4908e-09
13.81
-2.99465e-17
-1.24783e-09
11.5409
-3.33792e-20
-6.34583e-10
5.86521
-4.11117e-20
-1.0549e-09
9.73953
1.6356e-21
-2.01633e-10
1.8689
2.89111e-17
-6.06692e-10
5.60603
5.68846e-20
-4.37728e-10
4.05396
-2.40331e-20
-2.17222e-10
2.00965
-4.33735e-20
-1.16605e-09
10.7396
1.36394e-17
-1.77421e-09
16.4242
-2.55034e-19
1.30973e-08
-121.603
3.15508e-06
-2.26412e-10
2.10183
-1.75619e-07
-3.7177e-10
3.43888
5.36178e-20
-5.92264e-10
5.47308
-8.74236e-20
-1.99252e-09
18.437
4.63185e-20
-8.58911e-10
7.94009
6.78938e-20
-8.78001e-10
8.13233
-5.5859e-20
3.26674e-10
-3.01488
1.50913e-20
-3.65038e-08
339.005
2.04619e-18
-3.13139e-09
28.9997
-4.73964e-20
-1.16641e-09
10.7949
-1.78097e-19
-3.07361e-09
28.4686
1.9667e-16
-7.17519e-10
6.64075
1.30998e-19
5.76659e-09
-53.5097
-8.64795e-18
-1.98478e-10
1.83819
1.01921e-19
-1.63748e-10
1.51685
-7.29713e-20
1.18495e-10
-1.09181
9.48248e-21
-3.03481e-10
2.81006
7.21902e-20
-2.58232e-09
24.0433
-6.55018e-07
2.36891e-08
-219.82
-1.0868e-20
-3.06109e-08
284.208
-6.67253e-16
-4.99251e-09
46.2625
4.19141e-19
-1.75519e-09
16.2481
7.87099e-20
-4.09188e-09
37.9242
4.614e-15
-3.71279e-10
3.43435
1.97646e-17
-3.20025e-09
29.6739
-3.37654e-17
-7.21154e-10
6.67701
-3.56833e-20
-5.60504e-10
5.18254
-2.44973e-18
-2.94852e-10
2.72354
-8.15406e-20
-1.66037e-09
15.369
-9.3505e-18
-1.17108e-09
10.8381
-1.26556e-19
-7.25785e-10
6.71722
-5.77238e-17
6.02478e-09
-55.9057
-7.47932e-07
-1.2128e-09
11.2169
-5.9224e-17
-1.60336e-09
14.8129
-2.78545e-20
-1.08755e-09
10.041
3.4428e-20
-3.18595e-10
2.94991
-6.58827e-21
8.44287e-10
-7.78813
6.91478e-20
-8.29156e-08
770.601
-8.85925e-08
-3.03213e-08
281.519
-5.50444e-18
-4.49914e-09
41.6909
-1.87537e-19
1.22357e-08
-113.632
-2.02064e-16
-7.69102e-10
7.11581
1.48163e-17
-8.5249e-10
7.88075
-1.05433e-19
-4.11154e-11
0.382524
-3.42983e-20
4.25975e-09
-39.4926
-2.41541e-19
-4.99194e-09
46.3124
9.20974e-17
1.66601e-08
-154.606
-9.22636e-17
-3.18009e-10
2.94412
-1.62814e-20
-6.08927e-10
5.63054
2.15078e-21
-8.32174e-11
0.773649
5.84817e-13
-3.69519e-09
34.2377
-1.19495e-19
-1.60832e-09
14.8588
1.22853e-21
-1.52879e-09
14.1404
-1.77533e-19
1.3132e-13
0.000397344
1.1475e-17
9.10803e-10
-8.40182
1.334e-20
-3.2324e-09
29.972
-9.41037e-07
2.06e-09
-18.9961
2.16024e-19
-3.36685e-09
31.211
9.87135e-20
1.5913e-08
-147.897
3.55363e-08
-3.86658e-10
3.57652
1.77052e-19
-1.32832e-10
1.23355
1.43414e-11
1.88668e-12
-0.0158227
2.94871e-20
-1.96945e-10
1.82854
2.96316e-13
-9.10067e-10
8.42604
-5.05669e-17
7.73292e-10
-7.14227
4.29641e-20
-4.81232e-09
44.646
-2.99398e-16
4.69032e-09
-43.5109
1.42285e-08
-5.56201e-10
5.14277
4.55001e-17
-5.40676e-10
5.00046
1.67814e-20
-2.80405e-09
25.9684
5.41745e-20
-2.01081e-09
18.6374
1.91619e-15
1.3131e-09
-12.12
-1.2858e-20
1.26403e-08
-117.36
1.52237e-05
