9.14785e-07
4.98213e-15
0.00277509
1.2791e-08
1.29491e-13
2.89328e-06
9.54597e-07
2.80706e-14
0.000262249
3.15959e-06
1.24265e-13
0.000713477
-4.30287e-08
1.10396e-14
-7.8983e-05
-1.0222e-07
2.94848e-14
-1.08166e-06
-5.08431e-08
1.13745e-13
-1.15005e-05
-6.82964e-07
1.28058e-13
-0.000154484
-1.1924e-07
1.06637e-13
-2.69717e-05
-9.06119e-08
1.31304e-13
-2.04961e-05
-2.76158e-08
1.05701e-13
-6.24661e-06
-6.01015e-07
1.3495e-13
-0.000135948
-1.57979e-07
1.09601e-13
-3.57344e-05
-3.10807e-07
1.22871e-13
-7.03035e-05
1.28516e-07
9.39656e-14
2.90698e-05
3.49243e-08
8.64943e-14
7.89975e-06
-2.26384e-09
1.04335e-13
-5.12073e-07
1.7946e-06
7.55396e-14
0.000405933
-2.94724e-06
9.62705e-14
-0.000666655
1.23574e-05
7.67819e-15
0.00279519
3.22495e-07
1.69641e-17
0.00149809
3.91354e-07
8.91822e-15
0.000673698
2.39493e-06
1.22907e-13
0.000546541
1.35597e-05
5.17951e-15
0.00366654
-4.08155e-08
1.26941e-13
-9.23232e-06
4.96055e-06
1.27153e-13
0.0011216
-5.1845e-07
3.94386e-14
-0.000271312
-1.26524e-06
1.14559e-13
-0.000286193
-1.03605e-07
1.02661e-13
-2.34351e-05
1.17939e-08
1.23458e-13
2.66775e-06
-9.65685e-07
1.27477e-13
-0.000218435
3.99532e-08
1.04556e-13
9.03727e-06
8.42267e-10
1.067e-13
1.90518e-07
4.45394e-06
6.45464e-14
0.000989549
5.5319e-06
4.54015e-15
0.00125161
-1.27832e-07
1.97948e-13
-2.89151e-05
3.22611e-08
1.87914e-13
7.29734e-06
1.85287e-07
1.92669e-13
4.19113e-05
-9.28131e-08
1.81691e-13
-2.0994e-05
2.92221e-08
1.70649e-13
6.60995e-06
2.83859e-07
2.07998e-13
6.4208e-05
2.06721e-07
1.92085e-13
4.67595e-05
7.13483e-08
1.97938e-13
1.61387e-05
6.41297e-08
1.7758e-13
1.45059e-05
4.49048e-08
1.48194e-13
1.01573e-05
4.47846e-09
1.69059e-13
1.01301e-06
-8.39952e-08
1.22077e-13
-1.89994e-05
4.40838e-08
1.87895e-13
9.97162e-06
1.31583e-08
1.74864e-13
2.97637e-06
-1.04528e-07
1.22864e-13
-2.36439e-05
4.77796e-06
4.30713e-17
0.0010801
4.46912e-09
3.07646e-13
1.0109e-06
2.38761e-06
3.106e-13
0.000540069
-8.48452e-06
6.45114e-14
-0.00185451
1.48444e-06
1.18198e-13
0.000332927
2.91516e-06
1.25398e-13
0.0006594
3.04557e-06
1.24392e-13
0.000688898
1.43067e-07
9.87967e-14
3.23614e-05
-4.56316e-07
1.22534e-13
-0.000103217
1.77421e-08
9.95796e-14
4.0132e-06
-2.97028e-07
8.12287e-14
-6.71868e-05
2.86083e-08
2.06447e-13
6.47111e-06
1.60921e-08
1.89693e-13
3.63998e-06
-3.57261e-06
3.84832e-15
-0.00104723
1.37762e-08
1.83657e-13
3.11614e-06
-6.10029e-06
2.6544e-14
-0.00137987
-2.03909e-06
1.05279e-13
-0.000461235
-4.5831e-07
1.24952e-13
-0.000103668
1.48463e-07
2.1549e-13
3.35819e-05
2.97963e-08
1.59937e-13
6.73982e-06
1.31737e-07
2.14937e-13
2.97986e-05
2.41972e-08
1.53975e-13
5.47332e-06
-5.34117e-09
1.85201e-13
-1.20815e-06
3.87997e-08
1.69639e-13
8.77635e-06
-2.23447e-07
1.12508e-13
-5.0543e-05
2.56171e-08
1.69611e-13
5.79451e-06
-3.27345e-08
1.33776e-13
-7.40442e-06
3.83162e-06
1.14231e-13
0.0008667
-3.49735e-08
3.13281e-13
-7.91089e-06
-4.43311e-07
2.83177e-14
-0.000100276
-2.68211e-07
7.39051e-14
-6.06684e-05
1.04176e-06
2.94727e-13
0.000235642
-4.80052e-08
2.91844e-13
-1.08586e-05
-1.24359e-07
2.8443e-13
-2.81295e-05
1.9541e-06
2.45604e-13
0.000442011
3.74698e-07
3.46207e-13
8.47554e-05
-4.31309e-07
3.05154e-13
-9.75607e-05
-1.07093e-07
2.52788e-13
-2.42242e-05
-4.52855e-07
3.37577e-13
-0.000102434
-1.19697e-07
2.74161e-13
-2.7075e-05
4.51903e-08
2.47041e-13
1.02219e-05
-3.97883e-07
3.29437e-13
-8.99997e-05
-3.49318e-08
2.93113e-13
-7.90146e-06
2.67825e-08
2.16345e-13
6.05812e-06
-9.63983e-08
2.95458e-13
-2.1805e-05
7.76089e-10
2.66911e-13
1.75549e-07
-1.74226e-08
2.33651e-13
-3.94092e-06
-6.92479e-08
3.0164e-13
-1.56636e-05
-1.25171e-07
2.04934e-13
-2.83133e-05
3.99302e-06
1.47894e-13
0.000871921
-1.55623e-06
2.66858e-15
-0.00302053
1.50039e-06
9.96167e-14
0.000421915
1.06297e-08
1.3194e-13
2.4044e-06
7.20613e-09
1.22408e-13
1.63e-06
-3.56735e-06
7.04361e-14
-0.000709767
2.04264e-06
1.32143e-13
0.000461318
-5.43529e-08
1.21101e-13
-1.22945e-05
2.04074e-07
1.43758e-13
4.49192e-05
-1.5808e-06
1.19729e-13
-0.000357571
2.55203e-07
1.43332e-13
5.71677e-05
1.31459e-07
8.9676e-14
2.97355e-05
-1.72214e-07
1.25717e-13
-3.89542e-05
-1.77334e-08
7.50852e-14
-4.01123e-06
-1.02526e-07
1.20586e-13
-2.31909e-05
5.92948e-08
1.13055e-13
1.34123e-05
-1.41424e-08
7.80809e-17
-0.000498781
-8.76619e-07
1.84079e-13
-0.000198288
8.58261e-07
4.41281e-14
0.000194136
-2.1177e-06
1.77076e-13
-0.000479016
-1.99681e-07
1.82993e-13
-4.51671e-05
-2.50989e-09
1.58547e-13
-5.67728e-07
2.05389e-07
1.64421e-13
4.64584e-05
-1.76024e-07
1.97528e-13
-3.9816e-05
-2.85612e-08
1.75782e-13
-6.46045e-06
-5.75683e-08
1.29723e-13
-1.30218e-05
-6.92947e-09
1.40138e-13
-1.56742e-06
-2.34466e-08
1.43564e-13
-5.30355e-06
-7.93887e-06
7.44435e-14
-0.00174987
-2.66657e-07
3.43999e-13
-6.0317e-05
6.86642e-06
1.29483e-14
0.00155316
-3.09058e-08
3.17541e-13
-6.9908e-06
5.42218e-09
2.9367e-13
1.22648e-06
-2.20797e-06
9.81538e-14
-0.000499435
-1.22808e-06
2.08355e-13
-0.000277789
-4.00086e-08
2.84531e-13
-9.04981e-06
-1.76559e-06
3.15553e-13
-0.00039937
-2.12172e-07
2.7685e-13
-4.79926e-05
2.51118e-07
3.58126e-13
5.6802e-05
-9.69669e-07
2.86565e-13
-0.000219336
-9.90195e-09
3.08754e-13
-2.23979e-06
3.90855e-08
2.61226e-13
8.841e-06
9.66356e-08
2.24255e-13
2.18586e-05
-3.31912e-07
3.06515e-13
-7.50775e-05
-4.82023e-07
1.87498e-13
-0.000109032
4.31197e-08
2.82759e-13
9.75354e-06
-1.26779e-08
5.20728e-17
-0.00290614
5.68461e-07
1.3765e-13
0.000132077
5.80533e-09
1.22985e-13
1.31315e-06
3.80361e-06
2.88763e-15
0.00119373
1.9179e-07
1.25253e-13
4.33823e-05
7.20081e-09
1.17399e-13
1.6288e-06
7.78928e-07
1.38838e-13
0.000168078
-1.21785e-06
1.14736e-13
-0.000275473
-4.98737e-07
1.40078e-13
-0.000115894
4.88365e-07
1.21952e-13
0.000110466
1.17428e-07
1.31938e-13
2.65619e-05
4.43837e-08
1.17152e-13
1.00394e-05
1.19403e-07
1.25259e-13
2.70085e-05
4.06394e-08
1.16559e-13
9.1925e-06
-3.51748e-08
9.54792e-14
-7.95643e-06
-4.14482e-06
2.44119e-17
-0.00109627
6.64835e-08
1.90439e-13
1.50383e-05
-7.7798e-07
1.98054e-13
-0.000175976
-1.40462e-07
1.65994e-13
-3.17721e-05
8.12915e-08
1.65226e-13
1.83879e-05
1.28275e-07
2.17803e-13
2.90153e-05
5.42851e-08
1.53406e-13
1.22791e-05
2.54565e-08
1.44335e-13
5.75817e-06
3.0008e-07
1.91188e-13
6.78771e-05
1.5521e-08
1.48701e-13
3.5108e-06
-1.19837e-08
1.88561e-13
-2.71067e-06
-1.99593e-08
1.30964e-13
-4.51472e-06
1.46531e-07
1.80888e-13
3.31448e-05
1.053e-09
1.56538e-13
2.38186e-07
9.28676e-06
5.94648e-15
0.00210063
9.19052e-09
3.23929e-13
2.07886e-06
-8.65844e-07
7.62716e-15
-0.000195851
-2.10555e-07
3.29985e-13
-4.76268e-05
4.19628e-08
3.0622e-13
9.49184e-06
-2.74783e-08
2.9843e-13
-6.21551e-06
-6.29312e-06
1.41251e-13
-0.00142346
-1.24181e-06
2.99494e-13
-0.000280893
-8.29474e-08
3.28438e-13
-1.87624e-05
1.03449e-08
2.64287e-13
2.33998e-06
1.17271e-07
3.29993e-13
2.65264e-05
6.73064e-08
2.96057e-13
1.52245e-05
-2.32379e-08
2.81861e-13
-5.25634e-06
3.49173e-09
2.03629e-13
7.89817e-07
5.64405e-09
2.91529e-13
1.27666e-06
1.03084e-07
1.26441e-13
2.33172e-05
-6.89578e-06
1.81159e-14
-0.00164273
-7.041e-07
8.35845e-14
-0.000157916
2.92657e-07
1.13769e-13
6.61981e-05
-1.78109e-06
1.27204e-13
-0.00041372
2.58135e-07
1.10604e-13
5.83894e-05
-7.87683e-09
1.45189e-13
-2.50551e-06
9.892e-08
1.13069e-13
2.23754e-05
7.26354e-08
9.91116e-14
1.64299e-05
4.39896e-08
1.12689e-13
9.95031e-06
1.9345e-07
8.92081e-14
4.37576e-05
-2.50429e-08
1.94265e-13
-5.66463e-06
-9.30479e-09
1.84511e-13
-2.10471e-06
6.59747e-09
1.85901e-13
1.49233e-06
-1.5342e-08
1.76117e-13
-3.47031e-06
2.74687e-06
1.79589e-13
0.000621332
1.86369e-07
2.17045e-13
4.2156e-05
1.44089e-07
1.96961e-13
3.25926e-05
-3.36486e-08
1.51383e-13
-7.6112e-06
9.55416e-07
2.02423e-13
0.000216112
3.81492e-08
1.84304e-13
8.62923e-06
-2.32801e-08
1.4094e-13
-5.26588e-06
1.85542e-06
2.3292e-14
0.00041969
-2.17059e-08
3.16249e-13
-4.90981e-06
-1.26492e-06
6.43198e-15
-0.000287058
-2.49058e-06
4.43977e-14
-0.00056336
2.16645e-06
3.11169e-13
0.000490044
3.94543e-07
3.20204e-13
8.92443e-05
2.36468e-07
2.75496e-13
5.34883e-05
6.13948e-08
2.56646e-13
1.38873e-05
-6.50265e-08
2.40587e-13
-1.47088e-05
5.31135e-07
3.18664e-13
0.000120141
4.7469e-09
2.47931e-13
1.07373e-06
1.20237e-07
3.14303e-13
2.71972e-05
1.10729e-09
2.61002e-13
2.50464e-07
-5.10994e-06
1.81707e-13
-0.00115585
1.23694e-07
1.23909e-13
2.79791e-05
-2.59257e-06
5.59375e-14
-0.000695994
4.81772e-07
1.28735e-13
9.83574e-05
-1.58854e-07
1.07851e-13
-3.59323e-05
1.25635e-07
1.00667e-13
2.84183e-05
1.69416e-07
1.18365e-13
3.83213e-05
5.35154e-08
1.0443e-13
1.2105e-05
4.93961e-07
1.31619e-13
0.000111732
2.80744e-08
9.34084e-14
6.35033e-06
-1.90157e-06
1.38043e-14
-0.000430129
-3.39187e-07
1.88128e-13
-7.6723e-05
-7.82448e-09
1.78965e-13
-1.76987e-06
-4.7945e-06
1.86609e-13
-0.0010845
-3.30827e-08
1.75004e-13
-7.48319e-06
-1.12661e-06
1.4728e-13
-0.000254836
2.68192e-07
1.72105e-13
6.06642e-05
2.03344e-06
1.71845e-13
0.000459957
-2.17417e-07
1.34411e-13
-4.91789e-05
-7.42092e-08
1.77177e-13
-1.67859e-05
1.63214e-07
1.31174e-16
0.000460992
-4.54847e-07
1.6064e-13
-0.000102885
2.33305e-06
7.08202e-14
0.000527729
3.86851e-06
3.1776e-13
0.000875044
-7.09083e-10
3.09927e-13
-1.60392e-07
3.46575e-07
3.58882e-13
7.83942e-05
-1.23214e-07
2.69783e-13
-2.78706e-05
2.22758e-07
3.61359e-13
5.03871e-05
2.16244e-07
3.07224e-13
4.89137e-05
2.90423e-08
2.61544e-13
6.56927e-06
-9.26427e-08
2.34977e-13
-2.09555e-05
5.28959e-08
3.13196e-13
1.19649e-05
3.19193e-08
1.19271e-13
7.22004e-06
6.39023e-08
1.16622e-13
1.44545e-05
-9.44529e-07
9.87528e-14
-0.000346331
-6.78374e-08
1.10122e-13
-1.53446e-05
7.4549e-08
1.02249e-13
1.68627e-05
1.9852e-07
9.62726e-14
4.49045e-05
1.20225e-07
1.18073e-13
2.71946e-05
2.93511e-07
8.73765e-14
6.63912e-05
-7.65354e-06
3.8161e-15
-0.00173118
-2.31205e-06
4.22434e-14
-0.000522977
-8.06369e-06
1.90685e-13
-0.00182398
1.98531e-06
5.86667e-14
0.000449071
7.22806e-08
1.7061e-13
1.63496e-05
-9.45504e-08
1.56668e-13
-2.1387e-05
6.96884e-07
1.83782e-13
0.000157633
-1.28683e-06
3.06473e-13
-0.000291077
1.61525e-06
2.47025e-13
0.000365364
-4.4064e-06
1.75554e-13
-0.000996712
8.08593e-07
2.86897e-13
0.000182901
6.73242e-08
2.6658e-13
1.52285e-05
-4.46849e-07
3.50073e-13
-0.000101076
4.07637e-07
3.63055e-13
9.2206e-05
1.35437e-07
2.55755e-13
3.06355e-05
5.90514e-08
2.8282e-13
1.33572e-05
1.30813e-08
2.49103e-13
2.95894e-06
-2.82187e-07
2.18308e-13
-6.38298e-05
6.37462e-07
1.44928e-13
0.000139912
-2.24451e-07
8.1807e-14
-5.077e-05
-4.88564e-06
1.86383e-13
-0.00110512
-6.45592e-07
1.68877e-14
-0.000143167
2.55545e-07
1.61751e-13
5.78035e-05
7.59204e-07
2.10017e-13
0.00017173
-3.03303e-08
1.49408e-13
-6.8606e-06
3.23411e-07
3.20328e-13
7.31545e-05
-5.91754e-08
3.02927e-13
-1.33853e-05
-5.28977e-08
2.39709e-13
-1.19653e-05
-2.73034e-06
1.48666e-13
-0.000617593
3.06212e-06
1.89779e-13
0.000692642
-7.42709e-08
1.56862e-13
-1.67998e-05
9.22827e-10
1.60086e-13
2.0874e-07
-2.19615e-06
3.13652e-13
-0.000496761
-9.86121e-07
3.2984e-13
-0.000223057
-2.56487e-07
2.23073e-13
-5.80165e-05
7.74512e-06
8.40684e-14
0.00175422
