5.81323e-06
3.35552e-14
0.0426723
-2.97896e-06
8.72139e-13
-0.000673831
3.15471e-05
1.89059e-13
0.00797125
2.47131e-05
8.36939e-13
0.00559509
8.62903e-07
7.43532e-14
0.000154431
2.16523e-05
1.98583e-13
0.00597744
-2.64497e-07
7.66086e-13
-5.98284e-05
1.30768e-06
8.62482e-13
0.000295794
6.0949e-08
7.18211e-13
1.37865e-05
-2.71318e-06
8.84349e-13
-0.000613711
-3.51637e-07
7.11906e-13
-7.95392e-05
1.72057e-06
9.08901e-13
0.000389187
-2.19862e-06
7.38172e-13
-0.000497321
-1.69124e-06
8.27549e-13
-0.000382553
3.24896e-07
6.32783e-13
7.34904e-05
1.28448e-06
5.82997e-13
0.000290545
-2.50122e-07
7.02708e-13
-5.65769e-05
3.12187e-05
5.23386e-13
0.00706157
3.12579e-05
6.48392e-13
0.00707043
0.00039955
5.17134e-14
0.0903768
3.67382e-06
1.14255e-16
0.0159908
-1.22972e-06
6.00652e-14
0.0111699
3.18532e-05
8.2779e-13
0.00727853
0.000451963
3.48846e-14
0.112693
-2.97755e-06
8.54961e-13
-0.000673511
5.6764e-05
8.56389e-13
0.0128373
3.17393e-06
2.65623e-13
0.000345499
-6.57188e-06
7.71565e-13
-0.00148654
-1.02422e-07
6.91431e-13
-2.31675e-05
-1.01847e-06
8.31501e-13
-0.000230375
-5.00009e-06
8.58568e-13
-0.001131
-7.09322e-07
7.04193e-13
-0.000160446
-1.21493e-07
7.18637e-13
-2.74814e-05
4.23014e-05
4.52968e-13
0.00940119
0.000155022
3.05784e-14
0.0350682
-9.24066e-06
1.3332e-12
-0.00209021
-2.09926e-06
1.26562e-12
-0.000474846
-1.42536e-05
1.29765e-12
-0.00322413
-4.10107e-06
1.22371e-12
-0.000927648
-1.66542e-06
1.14934e-12
-0.000376712
-9.8307e-06
1.40089e-12
-0.00222367
4.22499e-07
1.29372e-12
9.55679e-05
-6.15124e-07
1.33313e-12
-0.000139139
-2.21709e-06
1.19602e-12
-0.000501499
-2.53668e-06
9.9779e-13
-0.000573789
2.31422e-06
1.13863e-12
0.000523469
-6.82841e-08
8.22471e-13
-1.54456e-05
-1.44779e-06
1.26549e-12
-0.000327485
1.04032e-06
1.17773e-12
0.000235316
3.32323e-06
8.29205e-13
0.000751702
5.47952e-05
2.9009e-16
0.0123774
3.14875e-08
2.07203e-12
7.12236e-06
1.87247e-05
2.09193e-12
0.00423546
6.52643e-05
4.34491e-13
0.015075
1.53057e-05
7.96079e-13
0.00348083
2.69584e-05
8.44567e-13
0.0060979
3.592e-05
8.37795e-13
0.00812498
-5.28376e-06
6.64699e-13
-0.00119517
-2.31381e-06
8.25277e-13
-0.000523376
7.70793e-08
6.70679e-13
1.74351e-05
1.76677e-06
5.49137e-13
0.000399636
-1.19665e-05
1.39044e-12
-0.00270677
4.08474e-07
1.2776e-12
9.23955e-05
-1.44054e-05
2.59188e-14
-0.00442117
-1.48096e-07
1.23695e-12
-3.34988e-05
-3.50539e-05
1.78777e-13
-0.00792907
-1.39843e-05
7.09063e-13
-0.00316321
-2.66038e-05
8.41568e-13
-0.00601769
-5.70335e-06
1.45135e-12
-0.00129008
-8.21875e-08
1.07719e-12
-1.85905e-05
-5.28125e-06
1.44762e-12
-0.0011946
-5.88843e-08
1.03704e-12
-1.33194e-05
1.27325e-07
1.24735e-12
2.88005e-05
-2.73593e-06
1.14253e-12
-0.000618858
6.25049e-06
7.63651e-13
0.00141384
-3.2513e-06
1.14235e-12
-0.000735432
-8.39102e-08
9.01019e-13
-1.89802e-05
1.98705e-05
7.64931e-13
0.00449465
-3.97594e-06
2.10998e-12
-0.000899345
8.66656e-06
1.90722e-13
0.00196035
5.86437e-05
4.97759e-13
0.013265
1.06669e-05
1.98502e-12
0.00241281
-6.95897e-07
1.9656e-12
-0.000157409
-2.26294e-06
1.91566e-12
-0.00051187
3.1105e-05
1.65417e-12
0.00703586
-1.91102e-05
2.33174e-12
-0.00432266
-2.64049e-06
2.05525e-12
-0.000597269
4.87178e-08
1.70256e-12
1.10198e-05
1.29795e-06
2.27362e-12
0.000293591
-1.66253e-06
1.8465e-12
-0.00037606
-4.74209e-06
1.66333e-12
-0.00107265
-2.9026e-06
2.21879e-12
-0.000656558
-3.50098e-07
1.97415e-12
-7.9191e-05
9.67826e-07
1.45743e-12
0.000218919
-3.29395e-09
1.98994e-12
-7.45081e-07
-8.74991e-08
1.79767e-12
-1.9792e-05
-1.76356e-07
1.57366e-12
-3.98911e-05
-2.92971e-07
2.03158e-12
-6.62691e-05
5.72139e-06
1.38299e-12
0.00129416
3.72606e-05
1.00963e-12
0.00813616
-6.43595e-06
1.79732e-14
-0.0103611
2.23474e-05
6.70929e-13
0.00672109
-1.67049e-05
8.88627e-13
-0.00377859
-1.00928e-07
8.24431e-13
-2.28296e-05
-2.78483e-05
4.74395e-13
-0.00265863
2.65403e-05
8.89994e-13
0.00600324
-6.07141e-06
8.15625e-13
-0.00137333
-1.10084e-05
9.68225e-13
-0.00249842
-1.76448e-06
8.06385e-13
-0.000399121
-1.02933e-05
9.65358e-13
-0.00233176
5.56269e-07
6.03878e-13
0.000125826
-1.25531e-06
8.4672e-13
-0.000283947
1.2798e-05
5.15559e-13
0.00289488
-4.39626e-07
8.12157e-13
-9.94419e-05
-6.48159e-06
7.61438e-13
-0.00146611
-1.05816e-06
5.25883e-16
-0.0796135
-6.75549e-06
1.23979e-12
-0.00152807
-4.64976e-05
2.97207e-13
-0.0105176
-2.01028e-05
1.19262e-12
-0.00454718
-9.80383e-07
1.23247e-12
-0.000221759
-7.71429e-08
1.06783e-12
-1.74495e-05
3.20933e-06
1.10739e-12
0.00072594
-1.32041e-06
1.33037e-12
-0.000298671
-2.6212e-07
1.18391e-12
-5.92906e-05
-2.00082e-06
8.73015e-13
-0.00045258
-8.20255e-08
9.43838e-13
-1.85539e-05
2.11895e-06
9.66918e-13
0.000479299
-7.44573e-05
4.71099e-13
-0.0164115
-2.25508e-05
2.31687e-12
-0.00510091
0.000143406
8.72079e-14
0.032438
-2.19161e-06
2.13867e-12
-0.000495734
-4.19054e-07
1.9779e-12
-9.47887e-05
1.49631e-05
6.61076e-13
0.0033846
-4.743e-05
1.40329e-12
-0.0107285
-2.21538e-07
1.91635e-12
-5.01112e-05
1.34424e-05
2.12528e-12
0.00304063
-1.03907e-06
1.86462e-12
-0.000235034
-1.03289e-05
2.41202e-12
-0.00233636
-5.05483e-06
1.93005e-12
-0.00114339
6.73308e-07
2.07949e-12
0.0001523
-6.80939e-07
1.75939e-12
-0.000154026
4.2165e-07
1.51031e-12
9.53757e-05
-1.6603e-06
2.06441e-12
-0.000375555
1.44052e-05
1.27612e-12
0.00325841
-6.29905e-06
1.90441e-12
-0.00142482
-7.59508e-07
3.50716e-16
-0.154936
-2.34829e-05
9.2709e-13
-0.00525434
4.20547e-08
8.28316e-13
9.51263e-06
0.000106165
1.94485e-14
0.0276239
-4.38968e-06
8.43592e-13
-0.000992931
-5.58249e-07
7.90695e-13
-0.000126274
-1.95098e-05
9.35089e-13
-0.00444018
-5.57089e-06
7.72762e-13
-0.00126012
2.52735e-06
9.43437e-13
0.000567072
2.96135e-06
8.21357e-13
0.000669847
-1.39558e-06
8.88614e-13
-0.000315675
4.16375e-07
7.89033e-13
9.41826e-05
-3.83797e-06
8.43636e-13
-0.000868135
1.56829e-06
7.8504e-13
0.000354742
4.42272e-06
6.43063e-13
0.0010004
-4.39338e-05
1.64416e-16
-0.0076147
4.38398e-06
1.28263e-12
0.000991641
-8.6615e-06
1.33392e-12
-0.0019592
-6.66779e-07
1.11798e-12
-0.000150823
-8.2681e-07
1.11282e-12
-0.000187022
-4.42376e-06
1.46693e-12
-0.00100064
-3.32195e-06
1.0332e-12
-0.000751414
-1.87815e-06
9.71751e-13
-0.000424832
1.57802e-06
1.28767e-12
0.000356942
-3.47226e-07
1.00152e-12
-7.85414e-05
-3.01697e-08
1.26998e-12
-6.82428e-06
-1.22763e-06
8.81713e-13
-0.000277686
5.79144e-07
1.2183e-12
0.000131
3.90156e-08
1.0543e-12
8.8252e-06
5.93293e-05
4.00502e-14
0.0134201
-2.29658e-06
2.18169e-12
-0.000519479
-2.45594e-05
5.13697e-14
-0.00555526
-1.73343e-05
2.22248e-12
-0.00392097
-4.34563e-07
2.06242e-12
-9.82967e-05
-5.39769e-07
2.00996e-12
-0.000122094
-2.5741e-05
9.51338e-13
-0.00582241
-2.0303e-06
2.01712e-12
-0.000459248
-2.12956e-06
2.21207e-12
-0.000481699
2.30537e-07
1.78e-12
5.21466e-05
-1.05453e-06
2.22254e-12
-0.000238531
-4.48436e-06
1.99398e-12
-0.00101435
4.86597e-06
1.89837e-12
0.00110067
-6.03757e-07
1.37113e-12
-0.000136568
2.36454e-06
1.96348e-12
0.00053485
2.95701e-07
8.51596e-13
6.68865e-05
-4.10252e-05
1.22012e-13
-0.00579164
-5.42852e-05
5.62951e-13
-0.0105241
-4.61022e-06
7.66249e-13
-0.00104282
1.2198e-05
8.56735e-13
0.00279887
1.26599e-06
7.44931e-13
0.000286363
-7.58878e-06
9.77865e-13
-0.00172086
-5.27713e-06
7.61532e-13
-0.00119367
-6.21378e-07
6.67523e-13
-0.000140554
4.04198e-06
7.58975e-13
0.000914283
3.8348e-07
6.00659e-13
8.6742e-05
4.82392e-06
1.3084e-12
0.00109115
-5.96647e-08
1.2427e-12
-1.3496e-05
-3.56971e-06
1.25206e-12
-0.000807456
8.9444e-07
1.18617e-12
0.000202319
5.06988e-06
1.20955e-12
0.00114679
-5.78777e-06
1.46182e-12
-0.00130917
4.19665e-06
1.32656e-12
0.000949268
-4.67299e-08
1.01958e-12
-1.05701e-05
-3.16367e-06
1.36334e-12
-0.000715612
1.93541e-07
1.24131e-12
4.37783e-05
-1.25939e-07
9.49253e-13
-2.84869e-05
-5.4742e-06
1.56874e-13
-0.00123825
1.04456e-06
2.12997e-12
0.000236277
-8.59698e-06
4.33201e-14
-0.00196351
-5.30778e-06
2.99023e-13
-0.0012006
2.5989e-05
2.09576e-12
0.00587862
-1.18719e-06
2.15661e-12
-0.00026854
-2.24011e-06
1.8555e-12
-0.000506706
1.02963e-07
1.72854e-12
2.32899e-05
-2.95373e-06
1.61994e-12
-0.000668125
2.94771e-06
2.14623e-12
0.000666762
-7.6177e-07
1.66985e-12
-0.00017231
8.45564e-07
2.11687e-12
0.000191264
1.78611e-07
1.75788e-12
4.04013e-05
-4.61429e-05
1.21497e-12
-0.0104374
-6.40158e-06
8.3454e-13
-0.00144802
-1.08721e-05
3.76745e-13
-0.00154107
-2.73414e-05
8.67042e-13
-0.00621311
1.47715e-07
7.2639e-13
3.34126e-05
-5.53943e-08
6.78e-13
-1.253e-05
-4.48561e-06
7.97198e-13
-0.00101463
-8.81716e-07
7.03346e-13
-0.000199441
3.65846e-06
8.8647e-13
0.000827532
2.26203e-07
6.2912e-13
5.11664e-05
1.38344e-05
9.29733e-14
0.00312929
-4.86792e-06
1.26706e-12
-0.00110111
-2.60011e-07
1.20535e-12
-5.88135e-05
-5.60645e-05
1.25683e-12
-0.0126816
-4.85497e-07
1.17867e-12
-0.000109818
-1.51829e-05
9.91948e-13
-0.00343432
1.36027e-06
1.15914e-12
0.000307688
1.07932e-05
1.1574e-12
0.00244139
-8.71457e-07
9.05461e-13
-0.000197121
-1.63067e-07
1.1933e-12
-3.68852e-05
-1.38197e-06
8.83469e-16
-0.126666
4.83932e-05
1.08193e-12
0.0109464
7.47333e-05
4.76982e-13
0.0169044
4.41478e-05
2.14015e-12
0.00998609
-6.9392e-06
2.08739e-12
-0.00156962
-1.11948e-05
2.41711e-12
-0.00253223
7.43735e-08
1.81702e-12
1.6823e-05
-1.04449e-05
2.43379e-12
-0.0023626
1.206e-06
2.06919e-12
0.000272793
-5.49915e-07
1.76153e-12
-0.000124389
-2.5256e-07
1.58266e-12
-5.71282e-05
-2.12622e-06
2.10941e-12
-0.000480945
6.49454e-07
8.03306e-13
0.000146904
9.3429e-07
7.8546e-13
0.000211333
-1.31821e-05
6.6511e-13
-0.00274889
-1.49457e-06
7.41683e-13
-0.000338066
-6.32081e-06
6.88636e-13
-0.00142975
-4.5202e-06
6.47348e-13
-0.00102245
-1.45432e-08
7.95233e-13
-3.28963e-06
-2.14614e-06
5.87193e-13
-0.000485449
-2.51918e-05
2.57018e-14
-0.00569814
-8.51081e-05
2.84514e-13
-0.0192512
-9.31689e-05
1.28428e-12
-0.0210745
-1.78685e-05
3.95127e-13
-0.0040418
3.62118e-07
1.14908e-12
8.19099e-05
1.25134e-06
1.05517e-12
0.00028305
3.51936e-06
1.23779e-12
0.000796066
-2.17355e-05
2.06413e-12
-0.0049165
2.47739e-05
1.66374e-12
0.00560377
-1.90945e-05
1.18237e-12
-0.0043191
3.78603e-06
1.93228e-12
0.000856386
1.21732e-08
1.79545e-12
2.75354e-06
2.34004e-06
2.35778e-12
0.000529308
-9.44703e-06
2.44521e-12
-0.00213689
-6.65191e-06
1.72258e-12
-0.00150464
-5.44412e-06
1.90482e-12
-0.00123144
4.81695e-08
1.67773e-12
1.08958e-05
-2.59203e-06
1.47012e-12
-0.000586307
-1.09054e-05
9.76104e-13
-0.00248257
8.77398e-06
5.55364e-13
0.00198464
-3.5846e-05
1.25531e-12
-0.00810825
-1.10232e-05
1.13741e-13
-0.00248723
-2.817e-07
1.08941e-12
-6.37197e-05
-3.79912e-06
1.41449e-12
-0.000859348
-9.89232e-08
1.00628e-12
-2.23761e-05
-2.78128e-05
2.15744e-12
-0.00629115
-7.09502e-06
2.04024e-12
-0.00160487
3.9392e-06
1.61446e-12
0.000891033
-4.03445e-05
1.00128e-12
-0.00912578
-2.41604e-05
1.27818e-12
-0.00546501
1.01071e-06
1.05648e-12
0.000228619
1.79121e-07
1.0782e-12
4.05166e-05
-1.82434e-05
2.11248e-12
-0.0041266
-1.46168e-05
2.22151e-12
-0.00330627
-5.92632e-07
1.50261e-12
-0.000134051
3.35251e-05
5.67883e-13
0.00758941
