-1.06075e-14
9.79902e-05
2.84208e-24
-9.86627e-15
9.11428e-05
7.87015e-24
-9.86627e-15
9.11428e-05
5.03028e-24
-1.06075e-14
9.79902e-05
1.20346e-24
-9.86627e-15
9.11428e-05
-3.79704e-25
-9.86627e-15
9.11428e-05
5.31794e-24
-9.86627e-15
9.11428e-05
-1.52162e-24
-9.86627e-15
9.11428e-05
2.24527e-24
-9.86627e-15
9.11428e-05
1.51086e-24
-1.06075e-14
9.79902e-05
4.70004e-24
-9.86627e-15
9.11428e-05
2.42365e-24
-1.06075e-14
9.79902e-05
4.77819e-24
-1.06075e-14
9.79902e-05
-3.07078e-24
-1.06075e-14
9.79902e-05
5.88897e-24
-9.86627e-15
9.11428e-05
3.00072e-25
-9.86627e-15
9.11428e-05
1.87817e-24
-1.06075e-14
9.79902e-05
-2.25936e-24
-1.06075e-14
9.79902e-05
4.51049e-24
-1.06075e-14
9.79902e-05
6.11369e-24
-9.86627e-15
9.11428e-05
3.92163e-24
-9.86627e-15
9.11428e-05
4.02723e-24
0.000267767
-2.47358e+06
-29.4452
-9.86627e-15
9.11428e-05
7.83793e-25
-9.86627e-15
9.11428e-05
3.69965e-24
-9.86627e-15
9.11428e-05
3.20536e-24
-9.86627e-15
9.11428e-05
1.83109e-24
-9.86627e-15
9.11428e-05
5.57254e-24
-9.86627e-15
9.11428e-05
-3.12522e-24
-9.86627e-15
9.11428e-05
7.16146e-24
-1.06075e-14
9.79902e-05
-4.71547e-24
-9.86627e-15
9.11428e-05
-2.6523e-24
-9.86627e-15
9.11428e-05
-8.99936e-25
-1.06075e-14
9.79902e-05
6.11369e-24
-1.06075e-14
9.79902e-05
6.11369e-24
-6.84232e-15
6.32081e-05
1.55701e-24
-6.84232e-15
6.32081e-05
-1.89162e-24
-6.84232e-15
6.32081e-05
-1.62442e-24
-6.84232e-15
6.32081e-05
1.48068e-24
-6.84232e-15
6.32081e-05
6.76355e-24
-6.84232e-15
6.32081e-05
-9.58189e-25
-6.84232e-15
6.32081e-05
6.49025e-24
-6.84232e-15
6.32081e-05
3.51901e-24
-6.84232e-15
6.32081e-05
4.6239e-24
-6.84232e-15
6.32081e-05
2.15962e-24
-6.84232e-15
6.32081e-05
-2.0336e-24
-6.84232e-15
6.32081e-05
-7.44444e-25
9.94462e-15
-9.18666e-05
-3.30482e-24
9.01314e-15
-8.32618e-05
-8.59683e-25
9.01314e-15
-8.32618e-05
-1.28009e-24
9.01314e-15
-8.32618e-05
-1.04539e-24
9.01314e-15
-8.32618e-05
2.50411e-26
9.01314e-15
-8.32618e-05
1.25189e-25
9.94462e-15
-9.18666e-05
-4.91424e-25
-1.8786e-14
0.000173542
8.02146e-24
-9.86627e-15
9.11428e-05
-4.37942e-24
-1.8786e-14
0.000173542
4.96578e-24
-9.86627e-15
9.11428e-05
-3.29211e-25
-9.86627e-15
9.11428e-05
5.22702e-24
-1.8786e-14
0.000173542
5.04405e-24
-9.86627e-15
9.11428e-05
-9.72489e-25
-1.06075e-14
9.79902e-05
1.61189e-24
-1.8786e-14
0.000173542
4.23642e-24
-6.84232e-15
6.32081e-05
-1.82444e-24
-7.6827e-15
7.09714e-05
3.68909e-24
-6.84232e-15
6.32081e-05
7.46765e-25
-6.84232e-15
6.32081e-05
3.65184e-24
-6.84232e-15
6.32081e-05
-2.97669e-24
-6.84232e-15
6.32081e-05
-5.47982e-25
-6.84232e-15
6.32081e-05
-1.55825e-24
-7.6827e-15
7.09714e-05
-1.38596e-24
-6.84232e-15
6.32081e-05
-2.42399e-24
-7.6827e-15
7.09714e-05
6.13279e-24
-6.84232e-15
6.32081e-05
5.41077e-24
-6.84232e-15
6.32081e-05
7.44299e-24
-6.84232e-15
6.32081e-05
-4.53559e-24
-6.84232e-15
6.32081e-05
3.58568e-24
-6.84232e-15
6.32081e-05
6.96967e-24
-3.01277e-06
27831.4
-8.8774e-16
1.86831e-14
-0.000172591
-1.04571e-24
9.01314e-15
-8.32618e-05
-1.87414e-24
9.01314e-15
-8.32618e-05
-1.33249e-24
9.01314e-15
-8.32618e-05
7.94009e-25
1.86831e-14
-0.000172591
-1.40015e-24
9.01314e-15
-8.32618e-05
-8.59683e-25
9.94462e-15
-9.18666e-05
-6.52483e-25
9.01314e-15
-8.32618e-05
-1.10181e-24
1.86831e-14
-0.000172591
-2.56067e-24
1.86831e-14
-0.000172591
-1.51569e-25
9.01314e-15
-8.32618e-05
-1.97955e-24
9.01314e-15
-8.32618e-05
-1.11213e-24
9.01314e-15
-8.32618e-05
-3.17808e-25
9.01314e-15
-8.32618e-05
-4.32972e-25
9.94462e-15
-9.18666e-05
-2.23796e-24
9.01314e-15
-8.32618e-05
1.08723e-24
9.94462e-15
-9.18666e-05
-2.33316e-24
1.86831e-14
-0.000172591
-7.93402e-25
9.94462e-15
-9.18666e-05
-1.22263e-24
9.94462e-15
-9.18666e-05
-9.67227e-25
9.01314e-15
-8.32618e-05
-1.36993e-25
9.94462e-15
-9.18666e-05
-6.63492e-25
9.01314e-15
-8.32618e-05
-2.23159e-24
9.94462e-15
-9.18666e-05
-2.26637e-24
-9.86627e-15
9.11428e-05
3.74693e-24
-1.8786e-14
0.000173542
7.26716e-24
-9.86627e-15
9.11428e-05
1.33293e-24
-1.8786e-14
0.000173542
-2.9612e-25
-1.8786e-14
0.000173542
1.95293e-23
-1.8786e-14
0.000173542
5.68452e-24
-1.8786e-14
0.000173542
9.64682e-24
-9.86627e-15
9.11428e-05
-6.88967e-25
-1.8786e-14
0.000173542
6.2476e-24
-1.8786e-14
0.000173542
1.01921e-23
-7.6827e-15
7.09714e-05
4.25176e-25
-6.84232e-15
6.32081e-05
7.40668e-25
-5.81282e-15
5.36978e-05
-3.30731e-24
-5.81282e-15
5.36978e-05
3.54187e-24
-6.84232e-15
6.32081e-05
1.6868e-24
-7.6827e-15
7.09714e-05
-1.28933e-24
-6.84232e-15
6.32081e-05
1.76516e-24
-6.85682e-15
6.33421e-05
2.61711e-24
-7.6827e-15
7.09714e-05
5.24023e-24
-5.81282e-15
5.36978e-05
8.29681e-25
-7.6827e-15
7.09714e-05
4.07292e-24
-5.81282e-15
5.36978e-05
1.58881e-25
-6.85682e-15
6.33421e-05
4.43983e-25
1.86831e-14
-0.000172591
9.699e-25
8.33339e-15
-7.69823e-05
-1.13412e-24
9.01314e-15
-8.32618e-05
-9.30044e-25
9.01314e-15
-8.32618e-05
-8.94982e-25
1.86831e-14
-0.000172591
-5.86599e-25
1.86831e-14
-0.000172591
-1.31707e-24
1.86831e-14
-0.000172591
5.6588e-25
9.01314e-15
-8.32618e-05
-4.93158e-25
9.01314e-15
-8.32618e-05
-1.93752e-24
9.01314e-15
-8.32618e-05
-1.16559e-24
1.86831e-14
-0.000172591
5.78898e-25
9.01314e-15
-8.32618e-05
-8.66236e-25
9.01314e-15
-8.32618e-05
-1.21523e-24
9.01314e-15
-8.32618e-05
-1.00947e-24
1.86831e-14
-0.000172591
-3.95598e-24
1.86831e-14
-0.000172591
-2.12812e-24
9.01314e-15
-8.32618e-05
-2.24089e-24
1.86831e-14
-0.000172591
-2.9677e-24
-7.81359e-06
72180.5
9.31142e-16
-9.86627e-15
9.11428e-05
-2.13231e-24
-1.8786e-14
0.000173542
1.51139e-23
-1.05501e-14
9.74594e-05
3.95935e-24
-1.05501e-14
9.74594e-05
7.29899e-24
-9.86627e-15
9.11428e-05
2.36144e-24
-1.8786e-14
0.000173542
6.18374e-24
-1.8786e-14
0.000173542
1.25574e-23
-9.86627e-15
9.11428e-05
-1.76522e-24
-1.05501e-14
9.74594e-05
5.96444e-24
-9.86627e-15
9.11428e-05
4.45265e-24
-1.05501e-14
9.74594e-05
8.12734e-24
0.000293404
-2.71041e+06
-7.42439e-10
-6.85682e-15
6.33421e-05
3.53585e-24
-6.85682e-15
6.33421e-05
1.7954e-24
-6.84232e-15
6.32081e-05
9.47295e-25
-6.85682e-15
6.33421e-05
-7.39168e-25
-6.85682e-15
6.33421e-05
5.66824e-24
-6.85682e-15
6.33421e-05
5.13954e-24
-7.6827e-15
7.09714e-05
4.27153e-24
-6.85682e-15
6.33421e-05
-1.37032e-24
-6.85682e-15
6.33421e-05
1.67941e-24
-7.6827e-15
7.09714e-05
3.00493e-24
-7.6827e-15
7.09714e-05
-4.20971e-24
-6.84232e-15
6.32081e-05
2.77238e-24
-6.84232e-15
6.32081e-05
3.18513e-24
8.33339e-15
-7.69823e-05
-1.79659e-24
1.86831e-14
-0.000172591
-2.60683e-25
9.94462e-15
-9.18666e-05
-5.8241e-25
1.86831e-14
-0.000172591
-3.13945e-26
1.86831e-14
-0.000172591
-1.54635e-24
9.01314e-15
-8.32618e-05
-4.74798e-25
9.01314e-15
-8.32618e-05
-2.31441e-24
8.33339e-15
-7.69823e-05
-4.43329e-25
1.86831e-14
-0.000172591
-2.07801e-24
8.33339e-15
-7.69823e-05
-8.30803e-25
9.01314e-15
-8.32618e-05
-1.55916e-24
9.01314e-15
-8.32618e-05
-1.63057e-24
9.01314e-15
-8.32618e-05
-2.31862e-24
8.33339e-15
-7.69823e-05
-1.45417e-24
9.01314e-15
-8.32618e-05
-2.50221e-24
1.86831e-14
-0.000172591
6.5949e-25
1.86831e-14
-0.000172591
-1.91185e-24
9.94462e-15
-9.18666e-05
-1.51117e-24
9.01314e-15
-8.32618e-05
-2.40308e-25
-1.8786e-14
0.000173542
9.95481e-24
-1.8786e-14
0.000173542
5.19592e-24
-1.8786e-14
0.000173542
1.03833e-23
-1.8786e-14
0.000173542
8.53845e-24
-9.86627e-15
9.11428e-05
9.21938e-24
-1.8786e-14
0.000173542
1.10772e-23
-1.8786e-14
0.000173542
1.06346e-23
-9.86627e-15
9.11428e-05
3.99443e-24
-1.06075e-14
9.79902e-05
2.45759e-24
-1.8786e-14
0.000173542
9.78135e-24
-5.81282e-15
5.36978e-05
-9.13218e-25
-6.85682e-15
6.33421e-05
1.68526e-24
-5.81282e-15
5.36978e-05
-3.15233e-24
-6.84232e-15
6.32081e-05
-2.1639e-24
-6.85682e-15
6.33421e-05
-1.32098e-25
-6.85682e-15
6.33421e-05
1.21613e-24
-6.85682e-15
6.33421e-05
1.27066e-24
-5.81282e-15
5.36978e-05
6.435e-24
-5.81282e-15
5.36978e-05
6.80168e-24
-7.6827e-15
7.09714e-05
-4.20971e-24
-6.85682e-15
6.33421e-05
2.10712e-24
-5.81282e-15
5.36978e-05
1.93894e-24
-5.81282e-15
5.36978e-05
-2.52023e-24
-6.84232e-15
6.32081e-05
2.02678e-24
-6.85682e-15
6.33421e-05
-5.87905e-25
0.000322509
-2.97928e+06
-9.48869e-15
1.86831e-14
-0.000172591
-3.96363e-25
1.86831e-14
-0.000172591
9.699e-25
9.01314e-15
-8.32618e-05
-2.68367e-24
9.01314e-15
-8.32618e-05
-7.21114e-25
1.86831e-14
-0.000172591
-3.41575e-24
1.86831e-14
-0.000172591
-1.60393e-24
1.86831e-14
-0.000172591
-1.1944e-24
8.33339e-15
-7.69823e-05
-5.37304e-25
8.33339e-15
-7.69823e-05
-1.35152e-24
1.86831e-14
-0.000172591
-2.61575e-24
8.33339e-15
-7.69823e-05
1.6869e-25
1.86831e-14
-0.000172591
-2.30534e-24
1.86831e-14
-0.000172591
-2.94167e-24
1.86831e-14
-0.000172591
-2.48256e-24
-1.05501e-14
9.74594e-05
5.45684e-24
-1.8786e-14
0.000173542
6.88134e-24
-1.8786e-14
0.000173542
1.11161e-23
-9.86627e-15
9.11428e-05
1.02735e-24
-9.86627e-15
9.11428e-05
5.44143e-24
-1.05501e-14
9.74594e-05
3.19785e-24
-1.05501e-14
9.74594e-05
-1.33694e-24
-1.05501e-14
9.74594e-05
5.33367e-24
-1.8786e-14
0.000173542
8.75799e-24
-6.85682e-15
6.33421e-05
4.30224e-24
-6.84232e-15
6.32081e-05
3.71852e-24
-6.85682e-15
6.33421e-05
-2.1144e-24
-6.85682e-15
6.33421e-05
7.50038e-25
-6.85682e-15
6.33421e-05
-6.97816e-25
-7.6827e-15
7.09714e-05
-1.01577e-24
-6.84232e-15
6.32081e-05
-4.74701e-25
1.86831e-14
-0.000172591
-3.3612e-24
9.01314e-15
-8.32618e-05
-1.29805e-24
8.33339e-15
-7.69823e-05
-1.34527e-24
1.86831e-14
-0.000172591
-1.05872e-24
9.01314e-15
-8.32618e-05
-6.79915e-25
1.86831e-14
-0.000172591
-3.41805e-25
-1.8786e-14
0.000173542
6.8602e-24
-1.8786e-14
0.000173542
1.86193e-23
-1.8786e-14
0.000173542
8.38614e-24
-9.86627e-15
9.11428e-05
2.44546e-24
-1.8786e-14
0.000173542
1.74e-24
-1.8786e-14
0.000173542
8.40772e-24
-1.8786e-14
0.000173542
1.76915e-23
-1.8786e-14
0.000173542
5.68452e-24
-1.05501e-14
9.74594e-05
1.1259e-23
-1.8786e-14
0.000173542
1.47492e-23
-1.8786e-14
0.000173542
7.21427e-24
-6.85682e-15
6.33421e-05
-8.36532e-25
-6.85682e-15
6.33421e-05
2.63241e-24
-6.85682e-15
6.33421e-05
9.46147e-24
-6.85682e-15
6.33421e-05
1.90216e-24
-6.85682e-15
6.33421e-05
-1.31389e-24
-6.85682e-15
6.33421e-05
-6.94182e-25
-6.85682e-15
6.33421e-05
3.01238e-24
-6.85682e-15
6.33421e-05
2.12708e-24
-6.84232e-15
6.32081e-05
7.12233e-24
-7.6827e-15
7.09714e-05
-4.20971e-24
-5.81282e-15
5.36978e-05
4.85139e-24
1.86831e-14
-0.000172591
6.5949e-25
8.33339e-15
-7.69823e-05
-2.14637e-24
8.33339e-15
-7.69823e-05
-1.75416e-24
1.86831e-14
-0.000172591
-1.91185e-24
-1.8786e-14
0.000173542
4.30709e-24
-1.05501e-14
9.74594e-05
1.08923e-23
-9.86627e-15
9.11428e-05
-2.56875e-24
-1.8786e-14
0.000173542
4.02068e-24
-1.05501e-14
9.74594e-05
1.10984e-24
-6.85682e-15
6.33421e-05
9.43586e-24
-6.85682e-15
6.33421e-05
1.42818e-24
-6.85682e-15
6.33421e-05
4.86046e-24
-6.85682e-15
6.33421e-05
4.46522e-25
-7.6827e-15
7.09714e-05
6.90496e-24
9.01314e-15
-8.32618e-05
-1.96477e-24
8.33339e-15
-7.69823e-05
1.6869e-25
-1.8786e-14
0.000173542
8.75799e-24
-6.85682e-15
6.33421e-05
1.11054e-24
-6.85682e-15
6.33421e-05
8.72509e-25
-6.85682e-15
6.33421e-05
4.96305e-24
-6.85682e-15
6.33421e-05
5.18515e-24
-6.85682e-15
6.33421e-05
-3.64934e-25
8.33339e-15
-7.69823e-05
-1.54401e-24
1.86831e-14
-0.000172591
-2.4125e-24
-6.85682e-15
6.33421e-05
2.57078e-24
-6.85682e-15
6.33421e-05
4.31636e-24
1.86831e-14
-0.000172591
1.55824e-25
8.33339e-15
-7.69823e-05
1.6869e-25
