-3.99849e-06
1.90827e-11
-0.00400748
9.54821e-05
4.22363e-12
0.0215977
-1.20947e-07
1.67317e-12
-2.73578e-05
-2.34604e-06
2.49016e-12
-0.000530667
0.000142921
1.67713e-11
0.0314312
-6.22897e-05
3.04716e-12
-0.0140897
2.85723e-05
1.61521e-11
0.00500758
-0.000120819
5.45896e-12
-0.0273231
2.06931e-05
1.44369e-12
0.00468071
-3.68302e-07
5.45066e-13
-8.33087e-05
-2.67217e-05
3.58835e-12
-0.00604437
-9.6193e-06
4.34004e-12
-0.00217585
-4.08036e-07
3.15007e-12
-9.22964e-05
1.02293e-05
1.48158e-12
0.00231384
-1.07265e-06
2.27039e-14
-0.000242631
-2.58798e-06
2.60599e-12
-0.000585393
-2.94528e-07
4.56198e-13
-6.66212e-05
-1.01664e-07
1.02699e-12
-2.29961e-05
-9.12161e-07
1.54973e-14
-0.000206328
-1.36282e-06
1.78513e-12
-0.000308264
7.60975e-08
1.24388e-12
1.7213e-05
-2.9353e-07
1.72797e-13
-6.63956e-05
-3.99685e-05
6.73729e-12
-0.00940656
-6.79662e-07
1.78913e-12
-0.000153737
8.1639e-06
1.87101e-11
0.00347082
5.81185e-06
2.21675e-12
0.00131462
-5.56411e-07
9.57827e-13
-0.000125858
-2.76903e-05
5.51266e-12
-0.00625786
-9.05296e-06
2.37844e-12
-0.00204775
1.24962e-05
2.40466e-12
0.00282659
-7.69625e-06
8.25658e-13
-0.00174087
-1.86969e-07
2.34127e-13
-4.22917e-05
-1.10861e-05
3.89731e-12
-0.00250764
-1.00111e-06
4.56703e-16
-0.000226447
-1.83026e-06
2.12361e-12
-0.000413999
-1.77776e-08
5.87627e-13
-4.02124e-06
-6.20404e-07
4.56045e-14
-0.000140333
-1.3529e-06
1.81941e-15
-0.000306022
-3.34819e-06
4.17212e-12
-0.00075735
4.04603e-05
2.18774e-11
0.00915199
-6.91575e-06
5.66151e-12
-0.00156432
-5.99006e-07
2.21812e-12
-0.000135493
-1.64716e-06
2.98062e-12
-0.000372581
3.39214e-05
2.31659e-11
0.0076729
-7.07757e-06
5.59675e-12
-0.00160092
-8.85024e-07
1.286e-12
-0.000200189
-2.11466e-07
6.08059e-13
-4.78329e-05
-1.55594e-05
1.0257e-11
-0.00351949
-5.81473e-06
7.34861e-12
-0.00131527
-6.95292e-07
8.43846e-14
-0.000157273
-4.59925e-07
1.35745e-12
-0.000104034
-4.148e-07
2.54132e-13
-9.38265e-05
-2.05435e-06
4.45292e-15
-0.000464687
2.8829e-07
2.85942e-12
6.52102e-05
-1.30316e-06
9.34528e-16
-0.00029477
5.52204e-08
6.77732e-13
1.24907e-05
-5.70886e-07
4.01193e-14
-0.000129133
1.80273e-05
1.75467e-13
0.00394994
-9.05363e-07
2.00991e-12
-0.00020479
-5.50427e-07
1.40768e-12
-0.000124505
-1.41773e-05
8.12513e-12
-0.00319751
-8.17514e-05
7.59866e-12
-0.0184919
-1.78393e-05
3.73054e-12
-0.00403519
-1.11287e-06
8.55259e-13
-0.000251728
-7.48033e-05
6.8365e-12
-0.0169533
-1.68969e-06
5.60209e-14
-0.000382203
-1.13678e-06
2.90064e-12
-0.000257135
-9.59563e-06
-1.36278e-15
-0.0021705
-2.45608e-06
-4.91691e-17
-0.000555558
4.87048e-06
6.33665e-12
0.00110169
4.62264e-08
2.51007e-12
1.04563e-05
6.32257e-05
2.74671e-11
0.0143014
-3.39781e-05
1.41191e-11
-0.00768649
7.09192e-08
2.68403e-12
1.60417e-05
-1.33169e-05
3.32559e-12
-0.00301223
9.67155e-08
1.44085e-12
2.18767e-05
-4.31502e-05
1.45084e-11
-0.00976043
-4.16695e-07
6.49781e-13
-9.4255e-05
-4.08401e-07
2.25828e-13
-9.2379e-05
-4.68671e-07
6.08655e-13
-0.000106012
-3.27461e-07
2.22341e-12
-7.40705e-05
1.32354e-07
6.94572e-14
2.9938e-05
4.28748e-07
2.39803e-12
9.69814e-05
9.00655e-08
2.5915e-13
2.03725e-05
-3.95546e-06
6.76465e-14
-0.000894711
1.1587e-05
3.86082e-11
0.00263374
-6.81405e-07
5.02737e-12
-0.000154131
-4.30958e-06
1.48767e-11
-0.000974811
0.00013529
4.18541e-11
0.0306022
-2.18269e-05
1.86262e-11
-0.00493717
4.36075e-05
4.03263e-11
0.00986391
-6.79813e-06
1.52352e-11
-0.00153771
-2.01466e-05
8.97586e-12
-0.00455709
-3.30583e-06
3.68593e-12
-0.000747767
-1.35706e-07
5.85253e-13
-3.06962e-05
7.71507e-06
3.7056e-12
0.00174512
-2.03847e-07
4.14866e-13
-4.61096e-05
-7.97589e-07
4.23645e-13
-0.000180412
9.57798e-08
9.27043e-15
2.16651e-05
1.03991e-06
4.76746e-12
0.000235223
-1.02776e-06
4.46502e-12
-0.000232476
2.48795e-08
2.08551e-12
5.62767e-06
-1.04259e-06
5.87134e-15
-0.000235831
-1.31519e-05
2.78097e-12
-0.00297491
0.000113777
1.83257e-11
0.0266393
-9.01493e-05
9.67002e-12
-0.0202999
-1.10665e-06
1.50519e-13
-0.000250321
-3.0223e-07
1.48215e-12
-6.83635e-05
6.55155e-07
1.59851e-12
0.000148194
-2.58071e-05
2.55818e-14
-0.00583747
1.37457e-06
3.01529e-12
0.000310923
-0.000295154
2.51349e-11
-0.0667629
-6.86775e-05
2.42111e-11
-0.0155345
-7.41502e-06
5.27722e-12
-0.00167725
-1.06204e-06
2.10559e-12
-0.00024023
-1.30787e-07
1.1397e-12
-2.95836e-05
-4.00176e-06
9.13753e-12
-0.000905185
-8.9557e-07
1.25752e-12
-0.000202575
1.96088e-07
3.45386e-14
4.43545e-05
-1.69801e-07
3.14011e-12
-3.84085e-05
-1.51785e-07
3.79648e-13
-3.43333e-05
2.26599e-06
2.67798e-12
0.000512559
-3.16338e-09
1.24873e-12
-7.15546e-07
2.1117e-06
4.93542e-15
0.000477658
-2.54168e-05
2.6673e-11
-0.163919
4.81109e-05
4.62339e-11
0.010814
-9.75291e-05
2.35415e-11
-0.0220607
-8.0899e-06
9.43954e-12
-0.00182991
5.862e-05
3.85843e-11
0.0132596
-9.17126e-05
1.36554e-11
-0.0207451
-2.1103e-05
1.37898e-11
-0.00477343
-2.83602e-07
1.36558e-12
-6.41499e-05
2.11397e-06
1.71017e-11
0.000478173
-6.28821e-06
2.07213e-12
-0.00142237
-6.06052e-07
3.76496e-13
-0.000137087
6.85118e-06
5.72286e-12
0.00154971
-1.18688e-06
1.40657e-13
-0.000268468
-1.95869e-06
6.51841e-12
-0.00044305
-3.78113e-07
9.23057e-14
-8.55279e-05
-1.3896e-06
5.31173e-12
-0.000314324
-7.59552e-08
2.58013e-12
-1.71808e-05
-3.23932e-07
1.57559e-13
-7.32723e-05
1.12966e-06
1.16599e-13
0.000255526
5.78338e-08
3.11105e-12
1.30818e-05
1.82762e-07
4.32037e-13
4.13402e-05
5.63912e-06
1.23062e-13
0.00127555
0.000127304
1.45972e-11
0.0282489
8.16587e-05
1.54547e-11
0.0176658
-1.77871e-05
3.51756e-12
-0.00402339
-2.14796e-06
1.40362e-12
-0.000485862
-5.47156e-07
7.57891e-13
-0.000123765
8.10992e-06
6.09045e-12
0.00183444
-1.47475e-06
8.366e-13
-0.000333584
-5.20622e-07
2.09314e-12
-0.000117763
-6.27793e-07
9.02808e-13
-0.000142005
-2.32743e-08
8.30455e-13
-5.26457e-06
-2.83906e-05
6.16162e-14
-0.00621739
0.000223509
3.3964e-11
0.0505571
-2.0369e-07
1.72086e-12
-4.60739e-05
-4.54014e-05
1.72816e-11
-0.0102696
4.0673e-05
8.27061e-12
0.0092001
3.2962e-06
3.56816e-12
0.00074559
5.51449e-07
8.18324e-13
0.000124736
-2.49628e-07
3.43242e-12
-5.64649e-05
6.28356e-08
6.83913e-13
1.42132e-05
-1.98922e-07
5.54055e-14
-4.49956e-05
1.61248e-07
1.54471e-12
3.64738e-05
-1.77204e-05
2.7819e-11
-0.0040083
-1.06559e-05
3.83745e-11
-0.00277791
3.55568e-05
4.57472e-11
0.00804282
-1.75952e-06
6.22872e-12
-0.000397998
-1.85642e-05
8.7988e-12
-0.00419917
-4.28072e-08
1.90355e-12
-9.68284e-06
-2.42673e-05
2.77468e-11
-0.00548919
-6.18517e-05
1.90082e-11
-0.0139907
1.52959e-05
3.61084e-12
0.00345987
-7.25098e-06
1.08563e-11
-0.00164015
-1.58979e-06
2.09956e-12
-0.000359606
8.22382e-07
5.77135e-14
0.00018602
-7.49728e-07
1.877e-15
-0.000169586
-3.91164e-09
3.75725e-12
-8.848e-07
-2.07094e-07
6.3297e-13
-4.6844e-05
9.09123e-07
3.99817e-12
0.000205641
1.97014e-07
1.13007e-12
4.4564e-05
-1.16321e-06
6.6802e-14
-0.000263115
8.31856e-05
3.62482e-13
0.0182589
6.30897e-06
1.635e-11
0.0010416
-2.2786e-05
9.41052e-12
-0.00799648
-9.42904e-06
4.7828e-12
-0.00213282
-5.06493e-06
1.98684e-12
-0.00114567
-7.42383e-07
1.14717e-12
-0.000167925
-0.000124667
1.15182e-11
-0.0410089
-6.27555e-07
4.05547e-13
-0.000141951
-1.83276e-05
4.89814e-12
-0.00414564
-4.4963e-06
1.47372e-12
-0.00101705
-7.30951e-06
2.288e-12
-0.00165339
-1.1446e-06
4.06021e-13
-0.000258905
-2.13608e-08
4.51972e-13
-4.83173e-06
-2.02948e-05
2.77446e-11
-0.0045754
3.70934e-06
3.73582e-12
0.000839039
-3.22676e-05
1.66539e-11
-0.0072988
0.000136291
1.14004e-11
0.0308287
2.3726e-07
3.5108e-13
5.36675e-05
1.58809e-05
6.51127e-12
0.00359221
2.73105e-06
4.72585e-12
0.000617754
1.61335e-06
1.99687e-15
0.000364933
-5.22862e-09
2.25349e-12
-1.1827e-06
-2.59854e-05
4.74535e-11
-0.00599275
-3.25702e-05
1.68536e-11
-0.00736726
8.96051e-07
6.95622e-12
0.000202684
4.02465e-05
3.64318e-11
0.00910361
3.56269e-07
4.47511e-12
8.05868e-05
0.000307479
5.63895e-11
0.0695506
-6.87044e-06
1.1964e-11
-0.00155407
-1.50409e-07
2.86919e-12
-3.4022e-05
3.74107e-07
2.40683e-12
8.46218e-05
-8.60661e-05
2.41906e-11
-0.0194679
6.12546e-06
5.94925e-12
0.00138556
-2.73889e-07
1.01388e-12
-6.19528e-05
-1.19748e-05
1.22525e-11
-0.00270865
-8.64317e-06
9.74876e-12
-0.00195506
-1.18004e-06
1.01492e-12
-0.000266922
-9.53587e-07
7.25553e-12
-0.000215698
-3.2093e-07
5.23547e-12
-7.25932e-05
-1.48892e-08
1.47235e-12