2.84902e-11
3.15544e-30
6.44439e-09
2.92867e-11
0
6.62454e-09
2.92867e-11
3.15544e-30
6.62454e-09
2.84902e-11
3.15544e-30
6.44439e-09
2.92867e-11
0
6.62454e-09
2.92867e-11
3.15544e-30
6.62454e-09
2.92867e-11
0
6.62454e-09
2.92867e-11
3.15544e-30
6.62454e-09
2.92867e-11
0
6.62454e-09
2.84902e-11
0
6.44439e-09
2.92867e-11
0
6.62454e-09
2.84902e-11
-3.15544e-30
6.44439e-09
2.84902e-11
0
6.44439e-09
2.84902e-11
-3.15544e-30
6.44439e-09
2.92867e-11
-3.15544e-30
6.62454e-09
2.92867e-11
3.15544e-30
6.62454e-09
2.84902e-11
0
6.44439e-09
2.84902e-11
-3.15544e-30
6.44439e-09
2.84902e-11
0
6.44439e-09
2.92867e-11
0
6.62454e-09
2.92867e-11
3.15544e-30
6.62454e-09
0.282956
0
34.507
2.92867e-11
3.15544e-30
6.62454e-09
2.92867e-11
0
6.62454e-09
2.92867e-11
3.15544e-30
6.62454e-09
2.92867e-11
-3.15544e-30
6.62454e-09
2.92867e-11
-3.15544e-30
6.62454e-09
2.92867e-11
-3.15544e-30
6.62454e-09
2.92867e-11
-3.15544e-30
6.62454e-09
2.84902e-11
3.15544e-30
6.44439e-09
2.92867e-11
3.15544e-30
6.62454e-09
2.92867e-11
0
6.62454e-09
2.84902e-11
0
6.44439e-09
2.84902e-11
0
6.44439e-09
7.03447e-11
0
1.59117e-08
7.03447e-11
3.15544e-30
1.59117e-08
7.03447e-11
-6.31089e-30
1.59117e-08
7.03447e-11
-3.15544e-30
1.59117e-08
7.03447e-11
0
1.59117e-08
7.03447e-11
-3.15544e-30
1.59117e-08
7.03447e-11
0
1.59117e-08
7.03447e-11
3.15544e-30
1.59117e-08
7.03447e-11
-3.15544e-30
1.59117e-08
7.03447e-11
3.15544e-30
1.59117e-08
7.03447e-11
0
1.59117e-08
7.03447e-11
0
1.59117e-08
-1.15022e-10
-1.26218e-29
-2.60175e-08
-1.1578e-10
-6.31089e-30
-2.6189e-08
-1.1578e-10
6.31089e-30
-2.6189e-08
-1.1578e-10
0
-2.6189e-08
-1.1578e-10
6.31089e-30
-2.6189e-08
-1.1578e-10
-6.31089e-30
-2.6189e-08
-1.15022e-10
-1.89327e-29
-2.60175e-08
1.15686e-10
6.31089e-30
2.61679e-08
2.92867e-11
3.15544e-30
6.62454e-09
1.15686e-10
6.31089e-30
2.61679e-08
2.92867e-11
0
6.62454e-09
2.92867e-11
-3.15544e-30
6.62454e-09
1.15686e-10
0
2.61679e-08
2.92867e-11
0
6.62454e-09
2.84902e-11
0
6.44439e-09
1.15686e-10
6.31089e-30
2.61679e-08
7.03447e-11
0
1.59117e-08
8.83407e-11
0
1.99824e-08
7.03447e-11
0
1.59117e-08
7.03447e-11
0
1.59117e-08
7.03447e-11
-3.15544e-30
1.59117e-08
7.03447e-11
3.15544e-30
1.59117e-08
7.03447e-11
3.15544e-30
1.59117e-08
8.83407e-11
0
1.99824e-08
7.03447e-11
0
1.59117e-08
8.83407e-11
-3.15544e-30
1.99824e-08
7.03447e-11
-3.15544e-30
1.59117e-08
7.03447e-11
0
1.59117e-08
7.03447e-11
3.15544e-30
1.59117e-08
7.03447e-11
0
1.59117e-08
7.03447e-11
0
1.59117e-08
-0.00567142
-1.69407e-21
-1.28286
-1.86487e-10
0
-4.21827e-08
-1.1578e-10
-6.31089e-30
-2.6189e-08
-1.1578e-10
-6.31089e-30
-2.6189e-08
-1.1578e-10
0
-2.6189e-08
-1.86487e-10
-1.26218e-29
-4.21827e-08
-1.1578e-10
-6.31089e-30
-2.6189e-08
-1.15022e-10
-6.31089e-30
-2.60175e-08
-1.1578e-10
6.31089e-30
-2.6189e-08
-1.86487e-10
-1.26218e-29
-4.21827e-08
-1.86487e-10
1.26218e-29
-4.21827e-08
-1.1578e-10
0
-2.6189e-08
-1.1578e-10
6.31089e-30
-2.6189e-08
-1.1578e-10
0
-2.6189e-08
-1.1578e-10
1.26218e-29
-2.6189e-08
-1.15022e-10
-6.31089e-30
-2.60175e-08
-1.1578e-10
-6.31089e-30
-2.6189e-08
-1.15022e-10
0
-2.60175e-08
-1.86487e-10
2.52435e-29
-4.21827e-08
-1.15022e-10
-6.31089e-30
-2.60175e-08
-1.15022e-10
0
-2.60175e-08
-1.1578e-10
0
-2.6189e-08
-1.15022e-10
0
-2.60175e-08
-1.1578e-10
0
-2.6189e-08
-1.15022e-10
6.31089e-30
-2.60175e-08
2.92867e-11
0
6.62454e-09
1.15686e-10
0
2.61679e-08
2.92867e-11
0
6.62454e-09
1.15686e-10
0
2.61679e-08
1.15686e-10
6.31089e-30
2.61679e-08
1.15686e-10
0
2.61679e-08
1.15686e-10
-1.26218e-29
2.61679e-08
2.92867e-11
0
6.62454e-09
1.15686e-10
0
2.61679e-08
-0.0290549
-6.31089e-30
-6.57212
8.83407e-11
0
1.99824e-08
7.03447e-11
0
1.59117e-08
6.89099e-11
3.15544e-30
1.55872e-08
6.89099e-11
0
1.55872e-08
7.03447e-11
-6.31089e-30
1.59117e-08
8.83407e-11
0
1.99824e-08
7.03447e-11
3.15544e-30
1.59117e-08
8.64316e-11
6.31089e-30
1.95505e-08
8.83407e-11
0
1.99824e-08
6.89099e-11
0
1.55872e-08
8.83407e-11
3.15544e-30
1.99824e-08
6.89099e-11
-3.15544e-30
1.55872e-08
8.64316e-11
0
1.95505e-08
-1.86487e-10
3.78653e-29
-4.21827e-08
-1.16797e-10
6.31089e-30
-2.64192e-08
-1.1578e-10
0
-2.6189e-08
-1.1578e-10
0
-2.6189e-08
-1.86487e-10
2.52435e-29
-4.21827e-08
-1.86487e-10
0
-4.21827e-08
-1.86487e-10
0
-4.21827e-08
-1.1578e-10
6.31089e-30
-2.6189e-08
-1.1578e-10
1.26218e-29
-2.6189e-08
-1.1578e-10
6.31089e-30
-2.6189e-08
-1.86487e-10
1.26218e-29
-4.21827e-08
-1.1578e-10
6.31089e-30
-2.6189e-08
-1.1578e-10
0
-2.6189e-08
-1.1578e-10
6.31089e-30
-2.6189e-08
-1.86487e-10
-1.26218e-29
-4.21827e-08
-1.86487e-10
-1.26218e-29
-4.21827e-08
-1.1578e-10
0
-2.6189e-08
-1.86487e-10
1.26218e-29
-4.21827e-08
0.0355525
6.77626e-21
8.04186
2.92867e-11
3.15544e-30
6.62454e-09
1.15686e-10
0
2.61679e-08
4.59676e-11
3.15544e-30
1.03977e-08
4.59676e-11
3.15544e-30
1.03977e-08
2.92867e-11
-3.15544e-30
6.62454e-09
1.15686e-10
0
2.61679e-08
1.15686e-10
-6.31089e-30
2.61679e-08
2.92867e-11
0
6.62454e-09
4.59676e-11
-6.31089e-30
1.03977e-08
2.92867e-11
3.15544e-30
6.62454e-09
4.59676e-11
-6.31089e-30
1.03977e-08
-0.0478184
0
-10.8164
8.64316e-11
-3.15544e-30
1.95505e-08
8.64316e-11
0
1.95505e-08
7.03447e-11
0
1.59117e-08
8.64316e-11
0
1.95505e-08
8.64316e-11
0
1.95505e-08
8.64316e-11
-3.15544e-30
1.95505e-08
8.83407e-11
3.15544e-30
1.99824e-08
8.64316e-11
3.15544e-30
1.95505e-08
8.64316e-11
-3.15544e-30
1.95505e-08
8.83407e-11
0
1.99824e-08
8.83407e-11
-3.15544e-30
1.99824e-08
7.03447e-11
-3.15544e-30
1.59117e-08
7.03447e-11
3.15544e-30
1.59117e-08
-1.16797e-10
0
-2.64192e-08
-1.86487e-10
0
-4.21827e-08
-1.15022e-10
6.31089e-30
-2.60175e-08
-1.86487e-10
-1.26218e-29
-4.21827e-08
-1.86487e-10
0
-4.21827e-08
-1.1578e-10
0
-2.6189e-08
-1.1578e-10
0
-2.6189e-08
-1.16797e-10
6.31089e-30
-2.64192e-08
-1.86487e-10
1.26218e-29
-4.21827e-08
-1.16797e-10
6.31089e-30
-2.64192e-08
-1.1578e-10
-1.26218e-29
-2.6189e-08
-1.1578e-10
0
-2.6189e-08
-1.1578e-10
6.31089e-30
-2.6189e-08
-1.16797e-10
6.31089e-30
-2.64192e-08
-1.1578e-10
-6.31089e-30
-2.6189e-08
-1.86487e-10
0
-4.21827e-08
-1.86487e-10
0
-4.21827e-08
-1.15022e-10
0
-2.60175e-08
-1.1578e-10
6.31089e-30
-2.6189e-08
1.15686e-10
0
2.61679e-08
1.15686e-10
-6.31089e-30
2.61679e-08
1.15686e-10
6.31089e-30
2.61679e-08
1.15686e-10
0
2.61679e-08
2.92867e-11
0
6.62454e-09
1.15686e-10
6.31089e-30
2.61679e-08
1.15686e-10
1.26218e-29
2.61679e-08
2.92867e-11
0
6.62454e-09
2.84902e-11
3.15544e-30
6.44439e-09
1.15686e-10
-6.31089e-30
2.61679e-08
6.89099e-11
0
1.55872e-08
8.64316e-11
0
1.95505e-08
6.89099e-11
0
1.55872e-08
7.03447e-11
3.15544e-30
1.59117e-08
8.64316e-11
3.15544e-30
1.95505e-08
8.64316e-11
0
1.95505e-08
8.64316e-11
0
1.95505e-08
6.89099e-11
0
1.55872e-08
6.89099e-11
0
1.55872e-08
8.83407e-11
3.15544e-30
1.99824e-08
8.64316e-11
-3.15544e-30
1.95505e-08
6.89099e-11
-3.15544e-30
1.55872e-08
6.89099e-11
-3.15544e-30
1.55872e-08
7.03447e-11
3.15544e-30
1.59117e-08
8.64316e-11
-3.15544e-30
1.95505e-08
-0.231716
0
-52.4134
-1.86487e-10
1.26218e-29
-4.21827e-08
-1.86487e-10
3.78653e-29
-4.21827e-08
-1.1578e-10
6.31089e-30
-2.6189e-08
-1.1578e-10
1.26218e-29
-2.6189e-08
-1.86487e-10
0
-4.21827e-08
-1.86487e-10
0
-4.21827e-08
-1.86487e-10
1.26218e-29
-4.21827e-08
-1.16797e-10
-6.31089e-30
-2.64192e-08
-1.16797e-10
-1.26218e-29
-2.64192e-08
-1.86487e-10
-1.26218e-29
-4.21827e-08
-1.16797e-10
-6.31089e-30
-2.64192e-08
-1.86487e-10
-1.26218e-29
-4.21827e-08
-1.86487e-10
-1.26218e-29
-4.21827e-08
-1.86487e-10
1.26218e-29
-4.21827e-08
4.59676e-11
0
1.03977e-08
1.15686e-10
6.31089e-30
2.61679e-08
1.15686e-10
0
2.61679e-08
2.92867e-11
0
6.62454e-09
2.92867e-11
3.15544e-30
6.62454e-09
4.59676e-11
0
1.03977e-08
4.59676e-11
0
1.03977e-08
4.59676e-11
6.31089e-30
1.03977e-08
1.15686e-10
-6.31089e-30
2.61679e-08
8.64316e-11
-3.15544e-30
1.95505e-08
7.03447e-11
-3.15544e-30
1.59117e-08
8.64316e-11
0
1.95505e-08
8.64316e-11
0
1.95505e-08
8.64316e-11
-3.15544e-30
1.95505e-08
8.83407e-11
-6.31089e-30
1.99824e-08
7.03447e-11
0
1.59117e-08
-1.86487e-10
-1.26218e-29
-4.21827e-08
-1.1578e-10
-6.31089e-30
-2.6189e-08
-1.16797e-10
0
-2.64192e-08
-1.86487e-10
0
-4.21827e-08
-1.1578e-10
6.31089e-30
-2.6189e-08
-1.86487e-10
1.26218e-29
-4.21827e-08
1.15686e-10
6.31089e-30
2.61679e-08
1.15686e-10
6.31089e-30
2.61679e-08
1.15686e-10
1.26218e-29
2.61679e-08
2.92867e-11
3.15544e-30
6.62454e-09
1.15686e-10
0
2.61679e-08
1.15686e-10
6.31089e-30
2.61679e-08
1.15686e-10
-6.31089e-30
2.61679e-08
1.15686e-10
0
2.61679e-08
4.59676e-11
0
1.03977e-08
1.15686e-10
0
2.61679e-08
1.15686e-10
6.31089e-30
2.61679e-08
8.64316e-11
3.15544e-30
1.95505e-08
8.64316e-11
3.15544e-30
1.95505e-08
8.64316e-11
-3.15544e-30
1.95505e-08
8.64316e-11
3.15544e-30
1.95505e-08
8.64316e-11
-3.15544e-30
1.95505e-08
8.64316e-11
0
1.95505e-08
8.64316e-11
6.31089e-30
1.95505e-08
8.64316e-11
0
1.95505e-08
7.03447e-11
0
1.59117e-08
8.83407e-11
-3.15544e-30
1.99824e-08
6.89099e-11
0
1.55872e-08
-1.86487e-10
0
-4.21827e-08
-1.16797e-10
6.31089e-30
-2.64192e-08
-1.16797e-10
6.31089e-30
-2.64192e-08
-1.86487e-10
0
-4.21827e-08
1.15686e-10
6.31089e-30
2.61679e-08
4.59676e-11
0
1.03977e-08
2.92867e-11
3.15544e-30
6.62454e-09
1.15686e-10
0
2.61679e-08
4.59676e-11
0
1.03977e-08
8.64316e-11
-3.15544e-30
1.95505e-08
8.64316e-11
-3.15544e-30
1.95505e-08
8.64316e-11
0
1.95505e-08
8.64316e-11
0
1.95505e-08
8.83407e-11
-3.15544e-30
1.99824e-08
-1.1578e-10
6.31089e-30
-2.6189e-08
-1.16797e-10
-6.31089e-30
-2.64192e-08
1.15686e-10
6.31089e-30
2.61679e-08
8.64316e-11
0
1.95505e-08
8.64316e-11
-3.15544e-30
1.95505e-08
8.64316e-11
6.31089e-30
1.95505e-08
8.64316e-11
-3.15544e-30
1.95505e-08
8.64316e-11
0
1.95505e-08
-1.16797e-10
6.31089e-30
-2.64192e-08
-1.86487e-10
0
-4.21827e-08
8.64316e-11
-6.31089e-30
1.95505e-08
8.64316e-11
3.15544e-30
1.95505e-08
-1.86487e-10
1.26218e-29
-4.21827e-08
-1.16797e-10
-6.31089e-30
-2.64192e-08
