7.97644e-07
6.80505e-13
0.00056829
1.15273e-05
1.50618e-13
0.00260744
1.96408e-07
5.96665e-14
4.44268e-05
-7.10593e-08
8.88009e-14
-1.60734e-05
2.56778e-05
5.98078e-13
0.00583389
-2.21504e-06
1.08664e-13
-0.000501034
2.50623e-06
5.75995e-13
0.000492569
-2.56058e-05
1.9467e-13
-0.00579046
2.30015e-06
5.14832e-14
0.000520287
5.60412e-09
1.94375e-14
1.26763e-06
3.52158e-07
1.27963e-13
7.96571e-05
3.26908e-07
1.54769e-13
7.39455e-05
-2.29289e-06
1.12334e-13
-0.000518643
-1.31108e-06
5.28343e-14
-0.000296563
1.26293e-08
8.2504e-16
2.85671e-06
3.4168e-08
9.29314e-14
7.7287e-06
3.68581e-08
1.62689e-14
8.33719e-06
3.6681e-08
3.66231e-14
8.29711e-06
5.81964e-08
6.09961e-16
1.31638e-05
-1.22831e-07
6.36591e-14
-2.77841e-05
2.73036e-09
4.43577e-14
6.17598e-07
-3.61692e-08
6.15871e-15
-8.18136e-06
-3.76632e-06
2.40257e-13
-0.000913234
6.3286e-08
6.38015e-14
1.43151e-05
-4.01519e-07
6.67216e-13
4.02221e-05
5.12016e-06
7.90508e-14
0.00115816
-5.37015e-08
3.41568e-14
-1.21471e-05
1.19517e-06
1.96585e-13
0.000271823
-3.95076e-06
8.48168e-14
-0.000893649
-6.17234e-07
8.57521e-14
-0.000139616
-3.65178e-06
2.94436e-14
-0.000826021
5.4652e-08
8.35465e-15
1.23621e-05
-1.56081e-06
1.38981e-13
-0.00035305
1.41115e-08
3.73354e-17
3.19197e-06
4.16818e-07
7.57294e-14
9.42828e-05
5.65474e-08
2.09552e-14
1.27908e-05
1.24846e-07
1.74836e-15
2.82399e-05
7.51892e-08
1.2946e-16
1.70075e-05
-3.28751e-07
1.48781e-13
-7.43624e-05
1.73194e-06
7.80163e-13
0.00039176
-4.55789e-07
2.01894e-13
-0.000103098
-9.57651e-08
7.90998e-14
-2.16617e-05
-2.05656e-07
1.06291e-13
-4.65188e-05
3.99888e-06
8.26112e-13
0.000904533
-7.2614e-08
1.99584e-13
-1.6425e-05
-1.42656e-07
4.58597e-14
-3.22684e-05
-2.63426e-08
2.16839e-14
-5.95861e-06
2.30336e-08
3.6577e-13
5.21013e-06
-1.54307e-06
2.62057e-13
-0.000349037
-6.9294e-08
2.99864e-15
-1.56741e-05
-4.69577e-08
4.84076e-14
-1.06217e-05
-4.67114e-08
9.05806e-15
-1.0566e-05
1.16684e-07
2.58315e-16
2.63936e-05
-2.03022e-07
1.01969e-13
-4.59229e-05
-6.99985e-08
2.34816e-17
-1.58334e-05
-9.57777e-09
2.41684e-14
-2.16646e-06
-8.34502e-08
1.41197e-15
-1.88762e-05
-7.5904e-07
4.35625e-15
-0.000166303
1.41562e-07
7.16748e-14
3.20207e-05
-2.6385e-08
5.01988e-14
-5.9682e-06
-5.30694e-06
2.89748e-13
-0.00119505
-2.87329e-06
2.70974e-13
-0.000649928
-9.52366e-07
1.33034e-13
-0.000215422
-1.98228e-07
3.04992e-14
-4.48386e-05
2.87351e-06
2.43795e-13
0.000624914
-1.06344e-07
1.98605e-15
-2.40547e-05
1.06685e-06
1.03439e-13
0.000241318
5.72981e-07
4.29927e-16
0.000129606
-1.29799e-07
-1.95351e-17
-2.936e-05
1.98441e-06
2.25969e-13
0.000448866
-4.05506e-08
8.9511e-14
-9.17242e-06
2.47125e-06
9.79496e-13
0.000558989
3.35925e-06
5.03497e-13
0.000759888
-2.63491e-08
9.57146e-14
-5.96008e-06
-3.65377e-06
1.18593e-13
-0.000826471
6.27125e-09
5.13817e-14
1.41854e-06
2.72084e-06
5.1738e-13
0.000615445
-1.00149e-08
2.31717e-14
-2.26533e-06
-4.77733e-08
8.04888e-15
-1.08062e-05
-3.2501e-09
2.17055e-14
-7.35162e-07
-7.98587e-08
7.92886e-14
-1.80638e-05
-3.40749e-08
2.44541e-15
-7.70763e-06
-2.79728e-08
8.55154e-14
-6.32735e-06
1.04627e-08
9.24228e-15
2.36663e-06
5.00772e-07
2.95022e-15
0.000113273
1.24004e-05
1.3768e-12
0.00279409
1.01976e-07
1.7928e-13
2.30667e-05
2.44794e-06
5.30512e-13
0.000553717
2.41223e-05
1.49255e-12
0.00545638
-4.57476e-06
6.64224e-13
-0.00103479
4.10676e-06
1.43806e-12
0.00092894
-1.46154e-07
5.43298e-13
-3.30595e-05
2.61197e-07
3.20086e-13
5.90818e-05
-4.12114e-06
1.31443e-13
-0.000932188
4.10913e-08
2.08742e-14
9.29472e-06
-9.90353e-07
1.32145e-13
-0.000224014
2.42178e-08
1.47987e-14
5.47798e-06
-9.65245e-08
1.50983e-14
-2.18335e-05
-2.65916e-08
3.1505e-16
-6.01493e-06
-4.34111e-07
1.70011e-13
-9.81946e-05
-9.22078e-08
1.59226e-13
-2.08571e-05
2.1423e-08
7.43709e-14
4.8458e-06
5.80759e-08
2.58296e-16
1.31366e-05
5.96002e-08
9.91715e-14
1.34814e-05
3.76579e-06
6.53506e-13
0.00179722
5.30052e-06
3.4484e-13
0.00123253
-6.82239e-08
5.3636e-15
-1.5432e-05
-1.55191e-07
5.28547e-14
-3.51038e-05
-4.84444e-08
5.70039e-14
-1.0958e-05
2.07093e-06
3.41655e-15
0.000468437
-2.36911e-07
1.07527e-13
-5.35885e-05
-4.86837e-05
8.96327e-13
-0.0110121
-6.39596e-06
8.63385e-13
-0.00144674
1.34824e-07
1.8819e-13
3.04968e-05
-2.36153e-07
7.50869e-14
-5.34171e-05
-3.28189e-08
4.06424e-14
-7.42354e-06
-2.77451e-07
3.25851e-13
-6.27586e-05
-3.97212e-08
4.48441e-14
-8.98481e-06
1.35316e-09
1.23035e-15
3.06081e-07
-2.49839e-07
1.11979e-13
-5.65127e-05
-2.94081e-08
1.35365e-14
-6.65201e-06
2.34735e-07
9.54985e-14
5.30963e-05
6.27753e-09
4.45306e-14
1.41996e-06
-1.1655e-07
7.65647e-17
-2.63632e-05
1.38922e-08
9.51178e-13
-0.00278654
6.05029e-06
1.64874e-12
0.00136228
8.4862e-06
8.39509e-13
0.00191955
-1.01792e-06
3.36621e-13
-0.000230249
9.0961e-06
1.37594e-12
0.00205751
-1.94339e-05
4.86963e-13
-0.00439589
8.94133e-07
4.91753e-13
0.00020225
5.46606e-09
4.86977e-14
1.2364e-06
-2.07094e-06
6.0986e-13
-0.000468441
-2.93167e-06
7.38938e-14
-0.000663134
-1.09294e-07
1.3415e-14
-2.47219e-05
-8.78134e-07
2.04081e-13
-0.000198631
-1.5316e-07
4.98952e-15
-3.46443e-05
2.57571e-08
2.32451e-13
5.82618e-06
1.08604e-09
3.29537e-15
2.45658e-07
3.14088e-07
1.8942e-13
7.10457e-05
2.83342e-08
9.20093e-14
6.40909e-06
-2.94819e-08
5.61456e-15
-6.6687e-06
-1.20479e-07
4.02469e-15
-2.72519e-05
2.76695e-09
1.10942e-13
6.25874e-07
2.21431e-08
1.54087e-14
5.00869e-06
1.70686e-07
4.36098e-15
3.86085e-05
5.10355e-07
5.20548e-13
-0.000125528
6.76913e-06
5.51124e-13
0.00154424
-5.38119e-07
1.25439e-13
-0.000121721
-4.05067e-07
5.00542e-14
-9.16248e-05
-4.47039e-08
2.7027e-14
-1.01119e-05
3.58872e-07
2.1719e-13
8.11756e-05
-1.69773e-07
2.98338e-14
-3.84021e-05
-5.08108e-07
7.46427e-14
-0.000114932
-1.219e-07
3.21948e-14
-2.75734e-05
-2.46489e-08
2.96146e-14
-5.57549e-06
2.34869e-06
6.78924e-15
0.000514443
-1.77035e-05
1.21118e-12
-0.00400446
-5.89237e-08
6.13671e-14
-1.33283e-05
5.20169e-06
6.16274e-13
0.0011766
-2.5088e-06
2.94936e-13
-0.000567483
1.4807e-06
1.27243e-13
0.00033493
-1.7342e-08
2.9182e-14
-3.9227e-06
-4.49092e-07
1.22403e-13
-0.000101583
-1.79119e-08
2.43889e-14
-4.05161e-06
-5.683e-09
1.97613e-15
-1.28548e-06
-6.36838e-08
5.50854e-14
-1.44051e-05
1.45239e-06
9.92047e-13
0.000328525
5.67348e-06
1.36846e-12
0.00131024
5.32758e-06
1.63138e-12
0.00120508
-4.92218e-08
2.22121e-13
-1.11338e-05
-4.76483e-07
3.13772e-13
-0.000107779
-7.9656e-08
6.78821e-14
-1.80179e-05
1.18677e-07
9.89471e-13
2.68443e-05
-2.14681e-06
6.77844e-13
-0.000485601
1.62672e-06
1.28765e-13
0.000367958
2.47773e-07
3.87144e-13
5.60455e-05
-2.55343e-07
7.4872e-14
-5.77577e-05
-1.58116e-08
2.04491e-15
-3.57652e-06
9.77364e-09
8.18482e-17
2.21076e-06
-2.72512e-08
1.33986e-13
-6.16413e-06
-6.58532e-08
2.25676e-14
-1.48958e-05
-6.42603e-08
1.42577e-13
-1.45355e-05
-2.36345e-08
4.02991e-14
-5.34604e-06
-1.70345e-07
2.3449e-15
-3.85315e-05
-4.40195e-06
2.99398e-15
-0.000966194
4.03938e-07
5.83051e-13
0.000272351
4.42908e-06
3.35586e-13
0.000677952
1.96957e-06
1.70558e-13
0.000445511
-4.49962e-07
7.0852e-14
-0.00010178
-8.98675e-08
4.09088e-14
-2.03277e-05
1.55033e-05
4.10748e-13
0.00299746
-3.58739e-08
1.44621e-14
-8.11455e-06
-2.75179e-06
1.74671e-13
-0.000622446
-5.67218e-06
5.25538e-14
-0.00128303
1.1171e-06
8.15916e-14
0.000252684
-1.14573e-07
1.44798e-14
-2.59161e-05
-1.06195e-08
1.61176e-14
-2.40209e-06
-3.32431e-06
9.89392e-13
-0.000751294
9.48912e-08
1.33222e-13
2.14641e-05
-3.67648e-06
5.93888e-13
-0.000831607
5.26342e-06
4.06548e-13
0.00119057
-9.81378e-08
1.25105e-14
-2.21984e-05
-6.10472e-07
2.32197e-13
-0.000138087
1.12308e-06
1.68527e-13
0.000254038
-2.07647e-08
3.84773e-17
-4.69691e-06
-1.67176e-08
8.03612e-14
-3.78146e-06
3.32724e-06
1.69223e-12
0.000742082
-2.91353e-06
6.01012e-13
-0.00065903
-8.4348e-07
2.48064e-13
-0.000190792
6.32677e-06
1.29918e-12
0.00143109
-3.41043e-08
1.59586e-13
-7.71428e-06
-2.2812e-05
2.01089e-12
-0.00515999
1.45175e-06
4.26643e-13
0.00032838
-1.34641e-07
1.02317e-13
-3.04554e-05
3.8487e-08
8.58294e-14
8.70563e-06
5.10373e-06
8.62653e-13
0.00115445
2.14639e-06
2.12155e-13
0.000485507
-6.32618e-08
3.61559e-14
-1.43096e-05
-3.41793e-06
4.36931e-13
-0.000773125
-1.13191e-06
3.47648e-13
-0.000256035
-1.15302e-07
3.61932e-14
-2.60809e-05
8.08338e-07
2.58737e-13
0.000182843
-5.31823e-07