0.000278644
-1.57882e+06
-0.198955
7.42874e-06
-42512.6
5.99586e-15
4.3919e-09
-20.3563
-4.3919e-09
-5.29832e-09
31.5085
5.29832e-09
-2.39651e-08
162.083
-4.84412e-20
-1.11893e-08
66.674
1.11893e-08
-2.92059e-08
178.108
2.89699e-20
-1.08048e-09
6.43827
1.08048e-09
-9.16799e-09
54.6299
-5.93556e-20
-4.23098e-09
24.5207
1.15157e-19
-1.38894e-09
8.19504
3.80196e-20
-6.46113e-11
0.384996
9.41135e-20
-2.34137e-10
1.37684
-1.26784e-19
-8.67041e-11
0.516641
8.67039e-11
-2.94834e-11
0.175681
-3.43893e-20
1.63e-06
-9256.35
3.1929e-21
7.44278e-09
-53.3917
-1.73758e-20
6.77938e-06
-34831.9
3.31041e-11
6.59769e-08
-322.037
-6.59769e-08
-1.00992e-08
54.6917
1.00992e-08
-1.51981e-08
82.302
-7.56563e-20
-2.04558e-09
10.958
7.71166e-21
8.74073e-10
-3.62145
-8.74073e-10
8.89253e-06
-51787.4
1.0925e-09
1.20201e-07
-706.368
-1.20201e-07
1.07636e-07
-610.171
2.89532e-20
-1.58465e-08
94.8165
2.2967e-20
-5.74658e-09
34.2424
5.74658e-09
-5.31865e-09
31.6923
8.19361e-20
-4.17635e-10
2.48855
4.17635e-10
-1.14284e-09
6.73355
7.15118e-21
-2.72129e-10
1.62152
4.79092e-20
-4.38856e-11
0.261499
4.38858e-11
1.96917e-05
-102241
-1.38405e-06
1.72964e-05
-98315.5
-1.72963e-05
6.76039e-07
-3524.11
-8.47679e-20
-1.41414e-08
75.2453
-1.15653e-20
-6.17828e-08
329.407
3.06488e-20
-1.26947e-08
67.5088
-3.16262e-20
-9.94223e-10
5.33569
9.94223e-10
-1.51367e-08
81.9741
1.86708e-20
-1.27067e-08
68.8135
1.27067e-08
-4.52451e-09
24.5024
-4.79111e-20
-2.60507e-09
13.9369
2.60507e-09
-4.93871e-10
2.65227
-1.51737e-20
-1.28178e-09
6.94146
1.28178e-09
-3.67273e-10
1.98896
3.67273e-10
-7.66606e-11
0.412229
1.06855e-20
-1.53961e-11
0.0833009
-5.62585e-21
4.10571e-05
-165703
-3.84524e-11
7.53471e-06
-34091.2
-7.53471e-06
6.67623e-08
-324.026
-6.67623e-08
9.66743e-07
-4691.77
1.09843e-19
-7.28478e-09
32.3599
8.40384e-20
-2.13884e-08
103.715
5.92667e-20
-2.89508e-09
16.4154
2.89508e-09
-1.76156e-09
8.36886
1.76156e-09
-3.47935e-09
16.4496
3.47935e-09
-7.05144e-10
3.40073
7.05144e-10
-7.07591e-10
3.38501
9.40435e-20
-1.57177e-10
0.756086
9.42223e-20
-8.62203e-10
4.09936
3.07268e-20
2.75304e-05
-160939
-5.55099e-06
1.02111e-06
-6084.28
-2.58415e-20
-3.69826e-09
22.3956
3.69826e-09
-1.46486e-08
87.3697
1.46486e-08
-2.35711e-08
142.652
-7.96971e-20
-1.2769e-08
76.0829
-4.8916e-20
-1.44729e-08
85.5245
9.66579e-20
-8.01884e-10
4.77814
-3.90285e-20
-2.90216e-09
17.2932
2.90216e-09
-1.76289e-11
0.105044
-1.07204e-19
-7.42275e-09
40.1977
7.42275e-09
1.3477e-09
8.33805
-1.13451e-18
-4.26474e-08
226.073
4.26474e-08
-4.6111e-09
24.9712
-6.83141e-20
-3.96754e-09
21.1383
-1.46649e-20
-2.82213e-10
1.47773
-1.03303e-20
-1.2455e-09
6.74499
1.2455e-09
-4.01771e-10
2.17579
-4.4826e-20
-2.90759e-10
1.5746
1.01061e-20
0.000166449
-623898
-0.0264387
-1.77759e-09
8.62597
5.97988e-20
8.31145e-08
-403.326
1.44373e-15
-9.90547e-09
46.2346
1.29024e-20
-9.04594e-09
42.5966
4.08308e-21
-1.8272e-09
8.70421
4.61884e-20
-1.19624e-10
0.576387
-5.66607e-20
-4.63798e-11
0.225728
-1.71653e-20
2.29815e-06
-10078.1
-1.39862e-19
1.29254e-07
-567.297
-2.54561e-17
7.96024e-08
-465.994
-8.5307e-21
1.7758e-07
-1092.96
-1.7758e-07
-2.9304e-09
11.3267
-3.94287e-20
-1.07058e-08
45.6101
6.09635e-20
-7.57586e-09
34.0669
7.57586e-09
-1.64042e-09
7.20849
1.64042e-09
-7.36505e-10
3.61789
-8.45322e-20
-3.87294e-09
17.393
-3.27308e-20
-1.10609e-09
5.294
5.70887e-20
-3.32357e-10
2.18621
-3.81118e-20
-1.10031e-09
5.23108
1.10031e-09
-4.54954e-10
2.21775
7.08292e-20
-3.10068e-10
1.52131
-5.04087e-20
-7.16878e-11
0.361317
-8.71219e-20
1.01974e-07
-607.656
-1.01974e-07
-7.57292e-09
45.0237
4.97301e-20
-2.59374e-08
152.976
-1.34338e-20
2.29844e-08
-124.624
-3.79938e-16
-5.07178e-09
29.938
5.07178e-09
-1.73298e-09
10.3263
4.92105e-20
-4.61515e-10
2.71937
-2.21134e-20
-3.34403e-10
1.96931
1.40178e-19
-3.64726e-09
19.0246
3.64726e-09
-1.46203e-08
77.7354
-5.53893e-20
-1.13875e-10
0.613546
3.11238e-20
-1.33638e-10
0.716775
6.27888e-20
-4.07426e-11
0.219002
1.47e-20
7.97696e-06
-33397.4
1.40778e-17
7.55303e-06
-35821.5
-7.55303e-06
5.5036e-07
-2281.04
-1.62838e-15
6.9948e-06
-32663.2
-6.9948e-06
1.13409e-06
-4571.14
-4.54447e-19
-3.54098e-09
16.7399
3.54098e-09
-2.85461e-08
138.538
2.85461e-08
-1.51062e-09
7.2895
-5.06794e-20
-4.03062e-10
1.9477
6.1679e-20
-2.57978e-09
12.2297
6.14058e-20
-3.47514e-10
1.66622
-2.68624e-20
-3.01337e-10
1.4412
1.23339e-20
2.48591e-07
-1093.07
-1.27519e-14
5.58081e-06
-24482.1
-6.98959e-20
2.14698e-07
-1126.78
-6.96546e-20
3.87632e-07
-1700.57
-4.81084e-20
3.84115e-07
-2167.04
7.91843e-21
-7.36871e-08
222.474
-1.1518e-18
7.1266e-07
-3758.65
-7.1266e-07
-3.78619e-09
12.1604
-5.38703e-20
-2.295e-09
10.4574
7.77581e-20
-2.48907e-08
101.81
5.53696e-20
-1.07289e-08
46.3825
1.07289e-08
-1.15516e-08
52.821
-8.96392e-20
-3.81915e-10
1.76116
3.81915e-10
-1.39007e-09
6.61124
1.15763e-19
-4.75448e-10
2.36054
4.75448e-10
-1.99032e-10
1.00942
2.06382e-20
-3.94305e-10
1.92403
-7.21124e-20
-1.186e-08
70.5291
1.186e-08
-4.26157e-08
252.517
-2.47011e-17
-9.69367e-10
5.77609
9.69367e-10
-1.48009e-09
8.72342
-5.6372e-20
-4.25014e-10
2.50179
-6.52717e-20
-1.45459e-10
0.866748
1.45459e-10
2.64814e-05
-137850
9.29684e-14
3.2036e-06
-16627.6
-3.52042e-15
-1.95659e-08
96.5022
1.95659e-08
-9.07721e-09
48.4939
9.07721e-09
-5.53759e-09
29.673
2.98168e-20
-7.86976e-11
0.42066
1.96972e-20
8.10244e-07
-3901.92
7.50284e-13
6.45845e-06
-26153.3
-6.45584e-15
9.02124e-09
-43.7922
3.6078e-20
-4.93833e-09
22.7259
4.93833e-09
6.07159e-08
-231.623
1.10895e-19
-2.59922e-08
126.127
-4.58651e-20
-1.63852e-08
77.2679
3.79925e-20
-9.24156e-10
4.4584
4.82966e-21
-3.14265e-09
14.8506
-9.75241e-20
-1.21565e-09
5.81168
1.21565e-09
-9.16641e-10
4.36084
3.20806e-20
-7.75604e-11
0.370738
-4.55145e-20
-2.63524e-10
1.26288
5.52963e-20
2.80627e-07
-1230.38
-1.03632e-14
2.6411e-05
-115688
-2.64109e-05
1.1248e-06
-5968.24
-3.56574e-21
-1.73706e-09
0.809251
1.73706e-09
8.36213e-07
-4412.31
-8.36213e-07
1.58955e-06
-8508.34
-6.76529e-20
-4.15984e-09
1.87407
4.32462e-20
-2.53587e-08
136.541
2.53587e-08
-2.76598e-09
10.3239
2.76598e-09
-3.59103e-09
16.7929
3.93432e-20
-1.27687e-09
6.07095
-3.60563e-20
-4.95819e-10
2.39316
3.72417e-20
-1.61447e-10
0.807171
1.61447e-10
4.10933e-06
-23948.8
-6.75433e-13
-1.80308e-08
106.657
2.93594e-20
-4.69823e-10
2.79953
4.69822e-10
2.14278e-06
-11090.4
7.73936e-18
-6.26673e-09
31.5134
6.26673e-09
7.11556e-08
-415.989
-1.82125e-20
8.5847e-09
-28.4204
-2.40324e-20
-3.78497e-08
200.514
-9.06637e-20
-2.62077e-08
141.922
1.11277e-19
-4.60053e-09
24.5913
5.56143e-20
-1.59443e-09
8.54491
-1.12137e-20
-1.61973e-10
0.882207
2.06162e-20
3.08203e-07
-1495.68
-3.08203e-07
-1.01801e-08
49.4045
5.52177e-20
-4.99225e-09
23.2715
9.75491e-20
-3.29702e-09
15.6281
-1.06894e-19
-1.50249e-10
0.729152
1.50249e-10
-7.98342e-11
0.384965
7.9834e-11
-7.83912e-11
0.380157
7.83912e-11
-3.42455e-11
0.167876
3.42454e-11
6.93366e-06
-30412.7
-6.93366e-06
5.62594e-06
-24676.6
-1.17015e-20
-3.11958e-09
10.964
1.03895e-20
2.22914e-08
-97.7439
-1.17917e-19
-6.44848e-09
24.0551
6.44848e-09
-5.92885e-08
231.032
-7.51518e-20
-4.9644e-08
187.883
3.08513e-20
-2.03952e-08
89.6939
-9.84459e-20
-2.12657e-09
9.61196
3.37278e-20
-4.23832e-09
19.6446
-7.18342e-21
-2.77404e-09
13.1661
-1.0902e-20
-2.16237e-10
1.06872
-1.4122e-21
3.70366e-07
-2151.11
-5.83999e-13
3.34098e-08
-187.131
-2.44355e-17
-2.62502e-08
155.448
-1.17513e-19
-5.18587e-09
30.901
-2.00383e-20
-1.81244e-08
106.849
1.16153e-20
-1.36922e-10
0.624891
1.36922e-10
7.88861e-08
-485.418
-2.14616e-20
2.27062e-05
-118067
-2.73426e-11
1.29387e-06
-7172.33
-1.66688e-19
1.86783e-07
-947.622
5.23855e-20
-2.57676e-08
134.352
2.57676e-08
-9.58898e-09
51.2675
8.50381e-20
-4.17454e-10
2.24108
-4.10173e-21
-9.20773e-10
4.9396
9.20773e-10
-4.32095e-10
2.3165
7.01237e-20
-1.39498e-10
0.748368
6.44908e-20
-2.5791e-11
0.139425
-1.24835e-19
5.17786e-07
-2247.67
2.36323e-20
2.25879e-07
-1096.18
5.64984e-20
-6.05281e-08
293.746
6.05281e-08
-1.20834e-08
55.1257
1.20834e-08
-2.32721e-08
112.932
2.32721e-08
-9.21946e-09
43.2796
-9.69499e-20
-2.14411e-09
10.1836
4.25496e-20
-2.432e-10
1.17566
7.69436e-20
1.7069e-07
-748.258
-9.54533e-18
2.32492e-08
-102.315
-2.32492e-08
-3.65005e-08
162.195
3.65005e-08
-4.93604e-09
20.6156
-1.56426e-19
-1.63958e-09
7.99089
1.22588e-19
-1.44485e-09
7.09837
-4.99328e-20
-8.61497e-10
4.15922
8.61497e-10
-3.00245e-10
1.50711
-7.54745e-20
-1.33777e-10
0.646805
1.33777e-10
4.22911e-08
-263.581
1.71128e-20
3.08617e-05
-179718
-1.3261e-09
7.04282e-07
-4196.65
2.29493e-20
2.7729e-07
-1623.42
-1.26837e-18
-6.21943e-08
369.647
1.19617e-19
-4.97986e-08
295.062
-1.29287e-19
-2.24046e-09
13.3502
2.24046e-09
-1.68448e-09
10.0372
1.68448e-09
-5.26046e-09
31.0393
2.37629e-20
-3.97619e-10
2.36926
3.27989e-20
-1.51396e-10
0.902113
-4.3775e-20
0.000137062
-731302
-0.0777508
1.56605e-07
-816.747
1.44542e-19
2.88018e-07
-1461.41
-9.75056e-15
-1.99555e-08
108.068
-3.45269e-20
-7.93148e-08
422.251
6.3539e-20
-1.5276e-08
82.7261
7.0045e-20
-6.85341e-10
3.66969
-5.37678e-20
-2.50366e-10
1.34484
2.50366e-10
-4.74609e-08
230.318
-1.82042e-20
-8.62953e-09
41.8697
8.44558e-20
-6.35944e-08
239.484
-1.42493e-20
-5.66586e-09
25.9318
2.44648e-20
-6.36401e-09
30.198
1.13693e-20
-2.40524e-08
104.391
2.40524e-08
-9.67656e-09
42.4966
1.68695e-20
-1.00937e-09
5.02055
-1.21088e-19
-9.3008e-11
0.473763
7.75646e-20
-4.8491e-11
0.253045
4.8491e-11
9.18242e-07
-5351.71
2.4546e-19
4.01579e-08
-228.382
-4.01579e-08
-3.2651e-09
19.4557
3.2651e-09
-5.19487e-10
3.09539
-6.85818e-20
-7.59108e-10
4.52333
-9.70704e-20
-1.14665e-10
0.683248
1.14665e-10
-4.27232e-08
226.687
4.27232e-08
-9.93224e-10
5.37877
9.93224e-10
-1.96826e-10
1.0659
1.96826e-10
2.81718e-07
-1367.19
7.25646e-20
-3.64039e-09
17.2539
3.64039e-09
-1.0842e-08
51.2043
1.0842e-08
-5.07966e-10
2.46017
5.07966e-10
-1.63735e-11
0.0834212
-4.47992e-20
-1.81293e-08
68.6736
7.09683e-20
-1.59228e-09
1.79208
1.30809e-19
-4.29902e-09
19.3421
4.29902e-09
4.6809e-06
-26762.6
-1.70145e-17
-1.57379e-08
95.0632
1.31312e-19
-1.01598e-08
60.5395
1.01598e-08
-5.58337e-09
29.8951
6.36182e-20
-3.17155e-09
17.0071
-1.12629e-19
-6.07251e-09
27.9185
-1.12367e-19
-2.38705e-10
-2.25557
-1.1674e-20
-1.71841e-10
0.825978
1.71841e-10
-4.92503e-08
209.898
-6.50226e-20
-9.14975e-09
34.9755
9.14975e-09
-1.99918e-09
7.61728
5.95973e-20
-2.58273e-09
11.8324
2.58273e-09
-1.75813e-09
8.3202
-6.35928e-20
3.56731e-05
-207954
-3.56697e-05
1.11874e-06
-5842.8
1.13178e-18
-2.57825e-09
13.9624
-4.84586e-20
-1.61396e-09
8.66477
-9.27905e-20
-4.76757e-08
231.353
4.76757e-08
-2.41185e-09
11.286
-2.8856e-20
-5.22889e-10
2.50722
1.18441e-19
-2.24923e-10
1.08237
2.24923e-10
-5.71288e-10
2.77708
-9.64802e-20
-2.78773e-09
16.475
-1.65317e-20
-5.62143e-09
30.4426
3.18205e-20
-7.66061e-10
4.11523
7.66061e-10
-1.71431e-09
8.24151
8.60825e-21
-7.27339e-10
3.4672
-2.49586e-20
