1.03757e-06
-7619.11
9.2096e-05
1.26091e-06
-7282.86
1.00322e-15
-5.89625e-08
363.147
5.89625e-08
-6.33021e-09
37.3013
6.33021e-09
-1.62737e-07
989.629
2.25091e-21
-1.60463e-08
95.6154
1.60463e-08
-6.96802e-08
418.996
-5.01522e-21
-1.04605e-09
6.23311
1.04605e-09
-1.07731e-08
64.1942
-8.66896e-22
-4.43362e-09
26.4163
1.85934e-22
-1.3975e-09
8.22155
1.01139e-21
-7.22389e-11
0.430446
1.37039e-21
-1.97154e-10
1.15582
-1.18426e-21
-6.90686e-11
0.411557
6.90686e-11
-3.69708e-12
0.0220293
4.22441e-22
4.36943e-07
-2306.2
1.1345e-21
-1.71719e-08
92.3091
-1.49197e-21
5.96906e-07
-2873.8
-8.20554e-11
-1.87512e-07
1010.16
1.87512e-07
-1.50812e-08
81.672
1.50812e-08
-3.06494e-08
165.948
3.16475e-23
-2.01535e-09
10.8187
7.01706e-22
-1.14261e-08
71.7392
1.14261e-08
1.09253e-06
-6225.62
-1.3956e-09
-7.8143e-08
549.771
7.8143e-08
-1.88094e-07
1131.37
-6.63864e-21
-3.58665e-08
212.463
-4.23749e-22
-6.05365e-09
36.0721
6.05365e-09
-6.11821e-09
36.4567
4.0247e-22
-3.95597e-10
2.35723
3.95597e-10
-1.0631e-09
6.25987
6.70446e-22
-2.37204e-10
1.41342
-6.05974e-22
-2.43691e-11
0.145207
2.43691e-11
2.62271e-06
-13212
-6.73735e-08
2.78948e-06
-14715.7
-2.78948e-06
-1.70379e-07
937.957
-1.60664e-22
-3.54634e-08
185.716
-8.83491e-22
-1.23611e-07
649.741
-1.05352e-22
-1.40147e-08
75.3527
-1.66738e-21
-1.0068e-09
5.40083
1.0068e-09
-1.92363e-08
104.184
8.39479e-22
-1.53031e-08
82.8786
1.53031e-08
-5.01654e-09
27.1666
7.24174e-22
-2.55335e-09
13.6635
2.55335e-09
-4.65546e-10
2.49764
1.73938e-21
-1.29362e-09
7.00559
1.29362e-09
-3.13349e-10
1.69693
3.13349e-10
-5.76356e-11
0.309907
8.59436e-22
1.08317e-11
-0.0563319
-4.89423e-22
1.96204e-06
-9818.01
-3.61043e-12
6.32962e-07
-2534.13
-6.32962e-07
-1.53948e-08
74.7027
1.53948e-08
-7.64068e-08
370.607
1.16174e-21
-1.64958e-08
73.7877
2.4362e-22
-1.00251e-07
485.482
-9.07494e-20
-2.60198e-08
120.496
2.60198e-08
-2.67474e-09
12.9748
2.67474e-09
-5.01287e-09
24.1101
5.01287e-09
-7.11939e-10
3.454
7.11939e-10
-8.24473e-10
3.98941
1.60193e-21
-2.91203e-10
1.40486
-4.73827e-22
-8.27315e-10
3.93865
1.31207e-21
5.49342e-06
-32593.8
-6.49572e-07
5.04915e-06
-30085.6
-1.61128e-21
-2.52211e-08
148.608
2.52211e-08
-4.35344e-08
256.702
4.35344e-08
-1.24281e-07
734.348
5.23086e-22
-1.98769e-08
118.442
-8.54059e-22
-1.77989e-08
104.89
-6.87916e-22
-7.37802e-10
4.3963
4.36679e-22
-2.87344e-09
17.1221
2.87344e-09
1.26749e-11
-0.0755254
1.55035e-22
-1.12532e-08
60.9413
2.50427e-21
-1.51555e-07
801.387
-1.49884e-17
-6.19309e-08
325.652
6.19309e-08
-4.98824e-09
27.0113
-1.0747e-21
-3.9157e-09
20.9464
5.02613e-23
-6.68077e-10
3.64019
1.8904e-21
-1.19667e-09
6.48053
1.19667e-09
-3.74386e-10
2.02748
-2.30421e-21
-2.41059e-10
1.30545
1.08659e-22
-3.8851e-06
14017.9
0.000283398
-7.90666e-09
38.3684
-1.27852e-21
-2.23102e-07
1082.74
-6.22049e-16
-1.17915e-08
55.6826
4.15464e-22
-9.4209e-09
44.4527
1.05641e-21
-1.83263e-09
8.77655
-1.23663e-22
-1.07995e-10
0.522089
-1.81692e-21
-3.04117e-11
0.14964
2.75395e-22
7.12933e-07
-3126.73
-9.50316e-19
-1.37882e-07
600.296
-2.96742e-16
-6.7386e-09
16.6546
-1.34207e-21
-1.26522e-07
449.938
1.26522e-07
-6.37502e-09
27.2954
6.68387e-22
-1.39403e-08
62.7796
9.09257e-22
-9.34406e-09
43.5958
9.34406e-09
-3.08595e-09
15.7521
3.08595e-09
-7.27899e-10
3.68756
-9.75049e-22
-4.61123e-09
21.6105
-2.34847e-22
-1.64195e-09
8.22517
-1.00446e-21
-1.13492e-09
3.50149
-1.01225e-21
-1.10705e-09
5.34379
1.10705e-09
-4.11703e-10
2.04866
2.00791e-21
-2.84671e-10
1.42679
3.91941e-22
-5.73397e-11
0.318251
-1.03085e-21
8.73709e-07
-5206.2
-8.73709e-07
-1.37811e-08
81.2761
4.33928e-22
-5.35006e-08
316.049
3.95502e-22
-1.59211e-07
950.814
-4.67508e-15
-5.72776e-09
33.7726
5.72776e-09
-1.70922e-09
10.1847
-4.92385e-22
-4.39462e-10
2.58636
2.2469e-21
-2.79027e-10
1.64061
-1.75094e-22
-2.30073e-08
123.962
2.30073e-08
-1.96011e-08
104.703
5.54934e-22
-1.0688e-10
0.578917
-9.61518e-23
-1.11145e-10
0.595967
-6.4951e-22
-1.82777e-11
0.0990117
1.23157e-22
2.22033e-06
-8323.52
5.29883e-18
-5.37165e-07
1941.84
5.37165e-07
-5.65876e-07
3030.31
-3.43177e-14
-2.58798e-08
44.8016
2.58798e-08
1.01018e-07
-290.052
-2.87333e-19
-6.40768e-09
31.148
6.40768e-09
-3.09631e-08
150.333
1.03262e-21
-1.25022e-09
6.01438
2.17137e-21
-3.1282e-10
1.50681
2.29154e-21
-2.65545e-09
12.6162
-2.6418e-22
-3.49286e-10
1.68432
-8.59333e-22
-2.6798e-10
1.28291
-5.7799e-22
2.28891e-07
-1035.98
-1.98579e-13
-7.76841e-08
341.404
-2.76401e-20
-8.74162e-09
3.9996
1.96873e-22
-1.81131e-07
794.693
2.24599e-20
7.33553e-09
-70.1232
5.92385e-23
-4.40739e-07
1751.32
-2.34142e-17
-3.34488e-08
95.7472
3.34488e-08
-9.78386e-09
35.7627
-5.77885e-22
-5.50858e-09
27.4894
9.98904e-22
-4.33554e-08
184.292
2.00098e-22
-1.53202e-08
71.2942
1.53202e-08
-1.22589e-08
56.0794
-2.21804e-24
-4.4042e-10
1.97667
4.4042e-10
-1.31735e-09
6.26303
1.9569e-21
-3.467e-10
1.72041
3.467e-10
-2.54839e-10
1.23699
2.54839e-10
-3.53514e-10
1.7445
-7.75366e-22
-1.65641e-08
97.5791
1.65641e-08
-1.04121e-07
611.963
-6.27082e-17
-9.22176e-10
5.4949
9.22176e-10
-1.49572e-09
8.80597
2.16327e-21
-3.67313e-10
2.15807
-1.48634e-21
-1.21926e-10
0.726519
1.21926e-10
3.90444e-06
-20458.3
1.13621e-14
3.62876e-07
-1830.02
-5.64724e-16
-5.28898e-08
286.425
5.28898e-08
-1.0407e-08
55.6767
1.0407e-08
-5.78238e-09
30.9376
2.89844e-22
-5.8252e-11
0.312457
5.8252e-11
-3.70292e-07
2757.48
5.47278e-12
1.88074e-06
-7836.82
-3.143e-15
-6.1406e-09
29.692
8.97627e-22
-6.13653e-09
29.2491
6.13653e-09
-1.39142e-07
845.161
1.00864e-21
-4.36326e-08
211.596
1.55671e-22
-2.05053e-08
96.6465
-1.38753e-21
-1.00199e-09
4.84401
8.48129e-22
-3.21507e-09
15.212
-6.71785e-22
-1.28688e-09
6.183
1.28688e-09
-8.88505e-10
4.21937
1.89401e-24
-1.42287e-10
0.71611
5.39271e-22
-2.08229e-10
1.00409
1.16248e-21
3.43599e-06
-15059.6
-8.66467e-14
-5.7479e-07
2518.2
5.7479e-07
4.35164e-08
-142.543
-4.35164e-08
3.47857e-09
-25.0295
-3.47857e-09
3.96435e-08
-575.916
-3.96435e-08
7.34401e-08
-275.387
-6.73403e-22
8.04113e-09
-70.9262
1.81517e-21
-1.18214e-07
453.477
1.18214e-07
-9.93303e-09
48.0863
9.93303e-09
-3.86765e-09
18.2654
1.62215e-21
-1.2231e-09
5.94138
1.77681e-22
-4.43521e-10
2.15247
-1.09438e-22
-1.21579e-10
0.611823
1.21579e-10
5.51696e-07
-3206.79
-9.34176e-14
-2.15485e-08
126.735
-1.22813e-20
-4.26097e-10
2.53898
4.26097e-10
1.1725e-06
-6017.75
5.73933e-18
-1.13703e-07
588.655
1.13703e-07
-9.88039e-08
523.617
1.95255e-21
-1.30357e-07
707.932
-6.81774e-20
-9.09672e-08
477.004
-9.44766e-20
-3.3874e-08
183.381
1.31746e-21
-4.89675e-09
26.3032
3.0936e-22
-1.53377e-09
8.20766
-1.51986e-21
-3.24721e-10
1.73341
1.76892e-21
1.10525e-07
-536.445
-1.10525e-07
-1.25349e-08
60.8777
-2.05336e-22
-6.55887e-09
30.9971
4.57707e-23
-3.24766e-09
15.3364
-8.7594e-22
-1.13375e-10
0.550135
1.13375e-10
-7.3155e-11
0.357134
7.3155e-11
-5.5535e-11
0.26896
5.5535e-11
-8.58053e-12
0.046165
8.58052e-12
-1.269e-07
556.353
1.269e-07
-6.2586e-08
274.211
6.2586e-08
-5.65684e-09
22.9706
-2.738e-22
-1.15654e-07
507.28
-1.333e-20
1.05188e-07
-613.751
-1.05188e-07
-1.63912e-07
720.186
-1.08962e-20
-1.24669e-07
543.236
-1.46297e-21
-2.56945e-08
115.647
-1.98419e-21
-4.36554e-09
21.999
1.58458e-21
-4.40495e-09
20.4243
-6.03943e-23
-3.05426e-09
14.7698
3.05426e-09
-2.08576e-10
1.04202
-8.25331e-23
-2.9245e-07
1755.29
-7.43055e-12
-8.04045e-08
481.881
-4.95708e-17
-3.98225e-08
234.609
-1.15758e-21
-5.06549e-09
30.1837
-1.53625e-21
-2.42471e-08
142.839
-4.07001e-22
-2.92009e-10
2.1693
2.92009e-10
9.22455e-09
-78.6028
1.02809e-21
3.24485e-06
-16903.8
-5.6922e-12
2.17553e-07
-1152.57
-2.75977e-21
-1.94811e-07
1054.88
-2.4603e-20
-1.21951e-07
628.338
1.21951e-07
-9.53999e-09
51.032
1.62901e-21
-3.69042e-10
1.9804
-1.04017e-21
-8.24635e-10
4.41898
8.24635e-10
-3.83286e-10
2.05415
1.08048e-21
-1.11222e-10
0.595458
1.33041e-21
1.53539e-11
-0.0801925
-1.31065e-21
4.39563e-07
-1282.57
-5.36498e-20
-5.37253e-08
260.679
9.82259e-22
-1.17855e-07
571.936
1.17855e-07
-1.31813e-08
60.5114
1.31813e-08
-4.33197e-08
210.157
4.33197e-08
-1.42744e-08
67.9062
-1.11718e-21
-3.13465e-09
15.1651
2.86897e-22
-1.75708e-10
0.84587
-1.8285e-22
6.01795e-07
-2639.27
-3.59916e-17
-3.91355e-07
1714.24
3.91355e-07
-3.69593e-08
167.108
3.69593e-08
-7.44816e-09
32.1538
-2.33162e-21
-2.05239e-09
10.2183
-6.23085e-22
-1.28179e-09
6.21469
7.92676e-22
-8.50586e-10
4.18306
8.50586e-10
-2.06305e-10
1.02559
-1.54229e-21
-1.45723e-10
0.716927
1.45723e-10
1.20742e-07
-696.289
4.7785e-22
4.68173e-06
-28028.3
-2.84077e-10
4.7299e-07
-2818.43
2.94479e-22
-1.53719e-07
901.847
-1.49021e-17
-1.43893e-07
847.263
1.17918e-21
-6.93382e-08
407.916
6.10007e-22
-2.12047e-09
12.6352
2.12047e-09
-1.57671e-09
9.39499
1.57671e-09
-5.82402e-09
34.3091
-5.09854e-22
-6.09247e-10
3.63028
-7.3952e-23
-1.30664e-10
0.778579
2.20615e-22
-1.8826e-06
10326.7
0.000817481
-4.25637e-07
2147.74
7.41142e-22
-2.65152e-07
1411.72
-1.26109e-13
-5.1072e-08
276.58
8.18751e-23
-2.70003e-07
1415.36
1.9575e-22
-2.07388e-08
112.296
7.20894e-22
-6.18778e-10
3.31128
7.64615e-22
-2.01782e-10
1.08368
2.01782e-10
-1.86525e-07
905.18
-1.34101e-21
2.78914e-09
-13.6073
1.27482e-21
-1.53273e-07
743.813
2.70992e-22
-1.22826e-08
59.2402
1.14717e-21
-6.75288e-09
32.1549
-5.60848e-23
-5.251e-08
235.573
5.251e-08
-1.60019e-08
71.5566
-7.58298e-22
-5.75634e-10
2.72897
5.75634e-10
-7.09548e-11
0.370467
-2.44965e-22
-3.20521e-11
0.184416
3.20521e-11
-1.96135e-07
1295.88
3.65707e-20
-8.97799e-08
547.703
8.97799e-08
-3.37263e-09
20.0964
3.37263e-09
-5.1937e-10
3.0947
-1.6707e-21
-7.00068e-10
4.17153
-1.28332e-21
-1.17169e-10
0.698166
1.17169e-10
-9.47547e-08
497.183
9.47547e-08
-9.24817e-10
5.00832
9.24817e-10
-1.53891e-10
0.833386
1.53891e-10
-1.92957e-07
936.22
-1.01439e-22
-5.95491e-09
28.8637
5.95491e-09
-1.16501e-08
54.7935
1.16501e-08
-3.58319e-10
1.74057
3.58319e-10
9.65492e-13
0.00273818
-6.48886e-22
-9.06103e-09
4.90807
1.68996e-21
-1.60784e-08
74.6441
-1.10888e-22
-9.91701e-09
49.0141
9.91701e-09
1.76238e-06
-10328.6
-2.7415e-18
-5.36287e-08
319.075
9.58337e-22
-1.15254e-08
68.6764
1.15254e-08
-5.51587e-09
29.6085
1.3413e-21
-3.11281e-09
16.6677
-6.67607e-23
-1.40249e-08
68.005
7.44575e-22
-2.22711e-10
8.70692
-3.60312e-22
-1.35898e-10
0.653525
1.35898e-10
-6.83651e-08
302.257
-5.42179e-22
4.73588e-09
-49.1727
-4.73588e-09
-1.09357e-08
54.504
9.79942e-22
-6.6013e-09
32.8734
6.6013e-09
-2.46277e-09
12.1939
-1.79835e-21
5.24171e-06
-31236.8
-5.24122e-06
2.08381e-06
-11433.4
3.5215e-19
-2.41029e-09
13.0528
-1.17749e-22
-1.43649e-09
7.70062
-1.75722e-21
-5.76064e-08
279.444
5.76064e-08
-5.47407e-09
26.5217
4.37263e-22
-4.65447e-10
2.23968
1.05369e-21
-1.89458e-10
0.91665
1.89458e-10
-6.65323e-10
3.31925
-7.70855e-22
-2.64912e-09
15.6484
3.40665e-22
-5.3791e-09
29.1305
-3.40773e-22
-6.73274e-10
3.62462
6.73274e-10
-1.99445e-09
9.63277
1.2694e-21
-6.89734e-10
3.29046
9.40201e-23
