-0.0003293
-7.18907e-07
-0.145932
5.64614e-05
5.72668e-08
0.0601981
2.04886e-06
2.49227e-10
0.00218446
-7.41896e-09
6.09321e-12
-7.90996e-06
2.84315e-06
-4.08126e-10
0.00303131
-1.89654e-08
-3.55883e-12
-2.02206e-05
8.47008e-07
2.3121e-11
0.000903064
-2.47863e-09
-4.65771e-13
-2.64267e-06
4.90443e-09
9.20737e-13
5.22901e-06
-4.38045e-09
-8.41154e-13
-4.67036e-06
-4.53374e-09
-4.05029e-12
-4.83379e-06
-1.84604e-09
-3.46959e-13
-1.96821e-06
-1.11045e-09
-6.16938e-13
-1.18394e-06
-3.79575e-10
-7.13213e-14
-4.04696e-07
-8.9237e-10
-1.67718e-13
-9.51429e-07
2.67702e-05
1.30419e-10
0.0285419
9.69493e-07
1.13198e-09
0.00103366
4.06748e-05
5.07867e-08
0.0433966
4.41355e-06
4.90124e-09
0.00470565
-4.66168e-08
-4.9627e-11
-4.97019e-05
8.65754e-08
8.18086e-11
9.23051e-05
-6.50876e-10
-1.22915e-12
-6.93952e-07
2.09229e-06
1.12471e-09
0.00223077
7.47566e-05
4.36141e-08
0.0802486
1.19734e-05
1.43295e-09
0.0127658
1.17569e-05
7.16294e-09
0.012535
3.82705e-07
4.4042e-10
0.000408033
-1.7131e-08
-3.21647e-12
-1.82648e-05
9.08718e-09
1.70562e-12
9.68858e-06
-4.80157e-09
-9.02083e-13
-5.11934e-06
-9.80848e-09
-3.7922e-12
-1.04576e-05
-1.50992e-09
-2.83727e-13
-1.60985e-06
-1.62436e-09
-3.05263e-13
-1.73186e-06
0.000141064
1.97372e-07
0.146519
2.28248e-05
-1.03675e-07
0.0243353
2.43907e-05
3.08557e-08
0.0260049
1.76246e-07
4.28115e-10
0.000187911
1.17464e-06
1.68145e-09
0.00125238
-1.60601e-07
-1.22187e-11
-0.00017123
2.30246e-09
-2.65866e-13
2.45484e-06
-3.76734e-10
2.56015e-12
-4.01667e-07
3.33396e-09
5.04484e-12
3.55461e-06
-5.61705e-10
-7.24266e-13
-5.98879e-07
-6.02921e-09
-1.98349e-12
-6.42824e-06
-2.52464e-09
-3.60998e-13
-2.69172e-06
-4.27253e-10
-4.55179e-13
-4.55529e-07
-1.93881e-09
-2.06399e-12
-2.06712e-06
-1.18673e-09
-3.03299e-13
-1.26527e-06
-6.62457e-10
-2.80427e-13
-7.063e-07
-0.000170372
-3.31101e-07
-0.181647
-2.38397e-06
-4.1839e-08
-0.00254175
1.54617e-06
7.16359e-09
0.00164849
-2.79879e-06
-1.30533e-08
-0.00298402
4.73845e-07
2.41029e-09
0.000505205
3.43243e-07
9.72262e-10
0.00036596
5.52068e-07
2.34857e-09
0.000588605
-6.31822e-09
-3.13366e-11
-6.73637e-06
-1.37056e-08
-6.04694e-11
-1.46127e-05
-1.01201e-09
-2.02011e-12
-1.07899e-06
-2.829e-09
-1.17747e-11
-3.01622e-06
-9.88578e-12
1.36348e-12
-1.054e-08
-1.68964e-09
-3.9002e-12
-1.80146e-06
-0.000888388
-4.00838e-07
-1.02781
-0.000736711
-1.38763e-07
-0.785468
1.79076e-06
2.38929e-10
0.00190928
4.28221e-06
1.13737e-09
0.00456561
1.10486e-05
1.94586e-09
0.0117798
8.78333e-08
1.64899e-11
9.36462e-05
5.3236e-09
9.33324e-12
5.67593e-06
-6.6398e-09
-1.24777e-12
-7.07923e-06
-1.81587e-10
-3.4253e-14
-1.93605e-07
-3.24208e-09
-6.09328e-13
-3.45664e-06
-8.37758e-08
-8.91673e-11
-8.93202e-05
2.63738e-06
2.35081e-09
0.00281192
-5.52781e-08
1.15136e-11
-5.89365e-05
4.90993e-09
4.42996e-12
5.23487e-06
-4.74612e-09
-2.09237e-12
-5.06023e-06
-1.74883e-09
5.04804e-12
-1.86457e-06
-3.83047e-09
-4.07817e-12
-4.08398e-06
-1.68832e-09
-1.79746e-12
-1.80006e-06
-1.90705e-09
-2.03029e-12
-2.03326e-06
0.000236615
-3.32233e-07
0.406018
2.13371e-07
9.89598e-10
0.000227493
3.08114e-06
1.4267e-08
0.00328505
-1.86465e-08
-6.18763e-11
-1.98806e-05
9.03873e-09
3.45962e-11
9.63693e-06
-8.75719e-09
-1.55615e-11
-9.33676e-06
-2.62535e-10
-9.84772e-13
-2.7991e-07
-2.16494e-10
-7.69855e-13
-2.30822e-07
2.90092e-05
8.75676e-07
0.0309291
1.45776e-05
4.37259e-07
0.0155423
2.97591e-07
7.05644e-09
0.000317287
2.12555e-06
6.25548e-08
0.00226623
1.4701e-07
4.5679e-09
0.000156739
1.9417e-08
4.67364e-10
2.0702e-05
1.87724e-08
5.80798e-10
2.00148e-05
-2.66361e-08
-7.93448e-10
-2.8399e-05
-4.16912e-09
-1.24293e-10
-4.44504e-06
-3.89844e-09
-1.40845e-10
-4.15644e-06
-1.42649e-08
-3.87125e-10
-1.5209e-05
5.78437e-09
-2.50409e-11
6.16719e-06
-1.36745e-09
-2.55693e-11
-1.45795e-06
-9.97372e-10
-2.56049e-11
-1.06338e-06
-1.12089e-09
-3.15323e-11
-1.19507e-06
-1.06707e-09
-2.86947e-11
-1.13769e-06
-1.97845e-05
-3.71952e-09
-0.0210939
-4.87745e-08
6.71647e-11
-5.20024e-05
2.19526e-06
2.39115e-10
0.00234054
7.49713e-06
4.36095e-09
0.0079933
7.82161e-09
4.38464e-12
8.33925e-06
1.81502e-09
3.40642e-13
1.93514e-06
-9.17021e-10
-7.14412e-13
-9.77711e-07
-4.98454e-09
-2.03402e-12
-5.31442e-06
7.18612e-07
2.10888e-09
0.000766171
2.90651e-07
7.45928e-11
0.000309887
-2.75009e-09
-9.36773e-13
-2.9321e-06
-8.23556e-10
-6.25706e-13
-8.7806e-07
-1.29477e-09
-6.12978e-13
-1.38046e-06
-4.04048e-05
6.32754e-07
-0.0430789
3.73819e-05
-1.34198e-07
0.0398559
7.7925e-05
8.23718e-07
0.0830822
-8.96616e-06
-1.40319e-07
-0.00955955
5.50865e-06
4.72595e-08
0.00587322
2.64627e-07
1.21822e-09
0.00028214
-9.8966e-08
-4.16238e-10
-0.000105516
-3.96412e-08
-1.82555e-10
-4.22648e-05
-8.19429e-09
-3.5541e-11
-8.73661e-06
2.09078e-09
1.04296e-11
2.22915e-06
-1.02189e-09
-3.97167e-12
-1.08953e-06
-1.41832e-09
-2.61728e-12
-1.51219e-06
4.72081e-05
1.40412e-06
0.0503325
2.90315e-05
8.76647e-07
0.0309529
5.77513e-07
5.33027e-09
0.000615733
6.12865e-05
1.85014e-06
0.0653426
4.90643e-08
-8.66961e-09
5.23115e-05
3.64756e-05
8.82187e-07
0.0388896
1.30151e-06
3.02222e-08
0.00138765
7.8367e-07
2.37345e-08
0.000835535
2.61558e-07
7.92905e-09
0.000278868
9.16887e-08
2.92655e-09
9.77568e-05
-2.30384e-08
-3.27838e-10
-2.45631e-05
7.20182e-08
1.96026e-09
7.67845e-05
5.82883e-09
1.20514e-10
6.21459e-06
-7.50177e-09
-2.11626e-10
-7.99825e-06
-1.96144e-08
-5.9062e-10
-2.09125e-05
8.22941e-09
2.49526e-10
8.77405e-06
-3.79441e-09
-1.10042e-10
-4.04553e-06
-2.82078e-07
-1.27056e-10
-0.000300746
6.9189e-06
9.7098e-10
0.00737681
-5.26557e-09
-9.89222e-13
-5.61406e-06
1.49239e-09
-2.23055e-12
1.59116e-06
-5.59251e-09
-2.6578e-12
-5.96263e-06
-1.88161e-09
-3.53391e-13
-2.00613e-06
-4.61895e-05
-4.02535e-08
-0.0492464
1.57281e-05
3.18829e-08
0.016769
1.35933e-06
1.44758e-09
0.00144929
5.42404e-08
5.3883e-11
5.78302e-05
1.6916e-08
-1.13627e-11
1.80356e-05
-2.51815e-09
-1.70375e-12
-2.68481e-06
0.000132312
1.64096e-06
0.14108
-6.30791e-05
-1.59316e-07
-0.0672538
-1.87014e-06
-8.72397e-09
-0.00199391
5.65732e-08
5.60247e-10
6.03173e-05
4.83036e-06
1.74821e-08
0.00515004
9.56057e-08
3.55426e-10
0.000101933
5.16649e-08
2.19445e-10
5.50842e-05
-4.86177e-09
-2.28593e-11
-5.18353e-06
1.28241e-09
5.6394e-12
1.36728e-06
-9.91345e-09
-4.37e-11
-1.05695e-05
-9.48548e-10
-5.35355e-12
-1.01132e-06
-3.08887e-09
-1.8408e-12
-3.2933e-06
-4.81692e-09
-1.27724e-11
-5.13572e-06
-0.000357187
-1.07738e-05
-0.380826
7.11519e-07
2.16847e-08
0.000758609
-4.11701e-06
-1.50914e-07
-0.00438948
-9.96789e-07
-2.71138e-08
-0.00106276
-3.72389e-05
-1.16442e-06
-0.0397035
-1.30369e-05
-2.66981e-07
-0.0138997
3.57153e-07
8.80706e-09
0.00038079
7.31431e-07
2.22945e-08
0.000779838
6.44236e-07
1.95646e-08
0.000686873
2.48501e-08
7.65495e-10
2.64947e-05
-6.52361e-09
-1.15585e-10
-6.95536e-06
-3.11067e-09
-8.69866e-11
-3.31654e-06
-1.26183e-09
-3.7347e-11
-1.34534e-06
9.15455e-06
3.37503e-09
0.00976041
-6.47855e-07
-2.48865e-10
-0.000690731
-4.41123e-09
-8.2866e-13
-4.70317e-06
-1.70674e-05
1.70635e-09
-0.018197
9.55834e-06
1.16541e-08
0.0101909
5.10269e-06
6.53808e-09
0.0054404
9.75152e-06
1.03589e-08
0.0103969
1.31882e-06
1.25153e-09
0.0014061
-3.20822e-08
-5.40964e-11
-3.42054e-05
1.85685e-09
-2.785e-12
1.97974e-06
-7.80019e-09
-7.21952e-12
-8.31642e-06
1.29988e-09
5.48956e-13
1.38591e-06
-1.23546e-05
-5.73054e-08
-0.0131722
1.48395e-07
7.17456e-10
0.000158216
6.19927e-08
2.71604e-10
6.60955e-05
-5.4888e-09
-5.11293e-11
-5.85206e-06
1.6986e-10
1.62151e-12
1.81102e-07
-1.44772e-11
3.18435e-13
-1.54354e-08
-7.53081e-10
-3.02855e-12
-8.02921e-07
-1.22587e-09
-5.45286e-12
-1.307e-06
-5.14137e-06
-1.55235e-07
-0.00548164
-8.60085e-07
-2.61641e-08
-0.000917007
4.20683e-07
1.24185e-08
0.000448525
1.17968e-05
3.5601e-07
0.0125775
-2.04755e-05
-6.29315e-07
-0.0218307
4.86002e-06
1.12624e-07
0.00518167
9.88876e-07
3.16707e-08
0.00105432
2.20276e-07
5.75255e-09
0.000234854
4.64626e-08
1.44078e-09
4.95376e-05
1.81464e-08
4.97417e-10
1.93473e-05
2.76712e-08
8.47649e-10
2.95025e-05
-2.64864e-09
-7.35605e-11
-2.82393e-06
7.20104e-05
2.25602e-08
0.0767787
9.88811e-06
-8.98433e-10
0.0105425
3.40584e-08
3.63575e-11
3.63125e-05
-4.6952e-08
-8.81941e-12
-5.00593e-05
7.98692e-07
1.54954e-10
0.000851551
7.93466e-09
7.42785e-11
8.45979e-06
1.47069e-05
1.48187e-08
0.0156802
-1.18468e-05
3.50059e-08
-0.0126301
2.68801e-05
9.49302e-09
0.0286591
2.08293e-05
2.59215e-08
0.0222079
3.71089e-06
5.34322e-09
0.00395648
-2.24727e-08
-9.32922e-12
-2.396e-05
-6.04572e-10
-2.31324e-13
-6.44584e-07
-9.16254e-09
-6.99534e-12
-9.76894e-06
-3.01737e-09
-2.11362e-12
-3.21707e-06
-2.53546e-09
-1.87846e-12
-2.70326e-06
-4.04344e-09
-1.69452e-12
-4.31104e-06
1.26594e-05
3.09975e-07
0.0134972
1.68329e-06
7.77923e-09
0.00179469
6.99519e-07
3.2402e-09
0.000745814
5.89565e-07
2.72675e-09
0.000628584
5.5206e-08
2.1383e-10
5.88597e-05
3.18674e-07
1.37928e-09
0.000339765
5.36623e-09
2.57843e-11
5.72138e-06
-2.61168e-09
-1.15601e-11
-2.78452e-06
2.10952e-05
6.36864e-07
0.0224913
4.30929e-05
1.29921e-06
0.0459449
-6.40311e-08
-1.16044e-09
-6.82688e-05
3.46635e-07
9.95153e-09
0.000369576
-2.8087e-08
-8.46565e-10
-2.99458e-05
-5.74424e-08
-1.75461e-09
-6.12441e-05
-6.58064e-09
-1.90028e-10
-7.01616e-06
-1.40032e-09
-3.34672e-11
-1.493e-06
-1.20549e-10
-5.92037e-12
-1.28527e-07
-3.4689e-06
-3.66374e-09
-0.00369848
-0.000720157
-3.46908e-07
-0.767784
2.27739e-05
4.27764e-09
0.0242811
5.14659e-05
3.17997e-09
0.054872
1.07841e-05
2.19336e-09
0.0114978
3.05364e-06
3.47942e-10
0.00325574
-1.1473e-08
-2.15567e-12
-1.22323e-05
-4.61598e-09
-8.67613e-13
-4.92147e-06
-5.35508e-09
-2.78857e-12
-5.70949e-06
3.54266e-08
6.66064e-12
3.77712e-05
-1.9259e-09
-3.6188e-13
-2.05336e-06
0.000737217
1.02131e-06
0.681329
6.15232e-05
4.75884e-08
0.0655949
1.24458e-05
1.14831e-08
0.0132695
1.42534e-06
1.51814e-09
0.00151967
2.2466e-05
2.42492e-08
0.0239528
-4.04561e-09
-8.99128e-12
-4.31335e-06
-4.10649e-09
-2.90721e-12
-4.37826e-06
-3.25086e-09
-9.40822e-13
-3.46601e-06
1.05401e-05
4.88439e-08
0.0112377
-6.59097e-07
-3.0788e-09
-0.000702717
9.68062e-06
4.4854e-08
0.0103213
3.39238e-07
1.66653e-09
0.000361689
4.36457e-08
2.01999e-10
4.65342e-05
2.50607e-07
7.21283e-09
0.000267193
1.0268e-06
3.13506e-08
0.00109476
-5.31469e-08
-1.61755e-09
-5.66642e-05
-1.03296e-09
-2.50035e-11
-1.10132e-06
-1.54223e-09
-4.46941e-11
-1.6443e-06
0.00011446
6.3858e-08
0.122035
1.49084e-05
6.85304e-09
0.0158951
1.2087e-09
2.26442e-13
1.2887e-06
-1.91218e-09
-3.58912e-13
-2.03874e-06
-5.94962e-09
-1.11732e-12
-6.34337e-06
-2.82485e-09
-5.30903e-13
-3.01181e-06
5.74805e-06
6.19957e-09
0.00612847
-3.16481e-09
-3.36941e-12
-3.37427e-06
-4.02267e-09
-4.28229e-12
-4.28889e-06
2.25132e-05
1.04256e-07
0.0240032
8.08898e-08
3.68153e-10
8.62432e-05
-2.49478e-08
-3.6962e-11
-2.65989e-05
-5.18425e-09
-8.41141e-12
-5.52735e-06
-1.09341e-09
-1.82186e-12
-1.16577e-06
-2.9804e-06
-9.57539e-08
-0.00317765
2.47416e-06
7.51151e-08
0.00263791
7.03578e-07
2.11691e-08
0.000750142
8.81038e-05
8.3772e-08
0.0939346
3.34426e-07
4.35635e-10
0.000356558
1.4816e-07
2.7823e-11
0.000157965
-4.70308e-08
-2.77399e-11
-5.01434e-05
-1.29033e-08
-1.78392e-11
-1.37572e-05
7.27109e-07
3.60074e-09
0.00077523
8.15704e-08
2.98843e-09
8.6968e-05
-1.90766e-09
-8.91953e-12
-2.03391e-06
2.84694e-06
8.41038e-08
0.00303536
8.0605e-07
2.19352e-08
0.000859396
9.81092e-07
2.97616e-08
0.00104602
4.91282e-07
1.47779e-08
0.000523796
-3.39503e-08
-1.00284e-09
-3.61972e-05
-0.000652009
-2.92191e-07
-0.69516
-0.000121251
-3.37286e-07
-0.129275
-1.23458e-08
-1.31531e-11
-1.31628e-05
-6.91895e-09
-4.58492e-12
-7.37685e-06
-3.36734e-07
-1.62814e-09
-0.000359019
4.97454e-08
2.00105e-10
5.30376e-05
-4.48105e-09
-1.14089e-11
-4.77762e-06
-1.72369e-09
-2.13991e-12
-1.83776e-06
-1.25189e-09
-1.69077e-11
-1.33474e-06
-9.77716e-09
-5.81933e-13
-1.04242e-05
-9.73876e-08
-1.03666e-10
-0.000103833
-7.41197e-09
-2.06666e-12
-7.9025e-06
-2.5657e-08
-1.23545e-10
-2.7355e-05
-1.31776e-09
-6.56009e-12
-1.40497e-06
