0.00362159
1.37688e-06
64.5493
0.000154032
4.09579e-08
0.164226
1.6544e-06
1.17451e-09
0.00176389
2.29085e-08
2.88439e-12
2.44246e-05
3.59396e-06
2.15358e-09
0.00383182
1.29825e-07
2.43764e-11
0.000138417
1.04581e-06
6.09609e-10
0.00111502
-7.85998e-10
-1.47578e-13
-8.38016e-07
4.27331e-08
8.0221e-12
4.55612e-05
8.39459e-09
-1.44735e-10
8.95016e-06
1.8576e-10
-6.56811e-13
1.98054e-07
2.1063e-10
3.96348e-14
2.2457e-07
-8.52747e-10
-5.60839e-13
-9.09183e-07
-4.16169e-10
-7.81872e-14
-4.43712e-07
-6.03399e-10
-1.13398e-13
-6.43333e-07
2.48235e-05
3.15046e-08
0.0264664
4.96672e-07
1.25747e-09
0.000529542
0.000111609
1.28919e-07
0.119005
4.79182e-06
6.33518e-09
0.00510895
1.00162e-07
1.06639e-10
0.000106791
3.07013e-07
3.25921e-10
0.000327332
-5.14904e-10
5.7534e-13
-5.48982e-07
1.46607e-06
1.51603e-09
0.0015631
0.000212476
1.19792e-07
0.226704
6.10457e-06
5.73419e-09
0.00650859
9.96383e-06
6.35467e-09
0.0106233
7.62973e-07
4.52968e-10
0.000813468
1.29548e-07
2.43277e-11
0.000138122
5.80636e-08
1.0901e-11
6.19064e-05
-9.46611e-10
-1.77758e-13
-1.00926e-06
7.43784e-09
6.45846e-13
7.93009e-06
-1.18998e-09
-2.23574e-13
-1.26873e-06
-1.24391e-09
-2.33731e-13
-1.32624e-06
0.000368065
4.09313e-07
0.617101
0.000306414
3.54519e-07
0.326693
1.71456e-05
2.28169e-08
0.0182803
5.6412e-07
6.42006e-10
0.000601455
2.60016e-06
2.89189e-09
0.00277225
6.04406e-07
2.36165e-10
0.000644407
-3.1732e-09
-7.32452e-13
-3.3832e-06
7.88446e-08
8.4187e-11
8.40627e-05
5.17937e-08
5.52626e-11
5.52215e-05
9.82878e-09
1.04521e-11
1.04793e-05
-9.38076e-10
-3.36093e-13
-1.00016e-06
-5.44001e-10
-3.77491e-13
-5.80003e-07
2.34163e-10
2.49162e-13
2.4966e-07
-1.00709e-09
-1.07212e-12
-1.07374e-06
-1.02055e-09
-3.0541e-13
-1.08809e-06
-4.7785e-10
-1.76704e-13
-5.09475e-07
0.000359771
1.5383e-06
0.383582
7.23422e-05
6.33729e-07
0.0771299
1.15711e-06
5.36445e-09
0.00123369
1.27687e-05
5.91888e-08
0.0136137
9.85882e-08
1.49695e-10
0.000105113
9.13956e-07
4.18247e-09
0.000974443
2.16866e-07
2.40488e-09
0.000231219
1.13634e-08
5.42839e-11
1.21155e-05
1.97622e-08
8.94772e-11
2.10701e-05
1.51153e-10
1.87963e-12
1.61156e-07
1.58564e-09
8.47705e-12
1.69058e-06
1.58763e-09
5.83841e-12
1.6927e-06
-3.84631e-10
-9.32714e-13
-4.10087e-07
0.00184532
6.46668e-07
2.8392
0.00174518
3.2892e-07
1.86067
1.87645e-07
1.91773e-10
0.000200064
1.72807e-06
5.38742e-10
0.00184244
6.0831e-06
1.90743e-09
0.00648569
1.95771e-07
3.52024e-11
0.000208727
1.55795e-07
8.5093e-11
0.000166106
-1.34768e-09
-2.53274e-13
-1.43687e-06
4.70768e-08
8.83852e-12
5.01924e-05
-5.17226e-10
-9.72197e-14
-5.51457e-07
2.01234e-07
2.14233e-10
0.000214552
3.55285e-06
7.03017e-09
0.00378799
3.76157e-07
4.27758e-10
0.000401052
3.74781e-08
3.98302e-11
3.99584e-05
5.74224e-08
-4.94102e-11
6.12227e-05
7.96841e-09
7.02332e-12
8.49577e-06
7.08166e-09
7.53853e-12
7.55034e-06
-6.5225e-10
-6.94349e-13
-6.95417e-07
-1.19482e-09
-1.27184e-12
-1.2739e-06
-1.01109e-05
1.56233e-06
18.122
3.65592e-07
1.69447e-09
0.000389787
3.8111e-06
1.76605e-08
0.00406332
1.34015e-07
2.24925e-10
0.000142884
7.83315e-08
9.83268e-11
8.35156e-05
-2.54474e-10
3.3499e-12
-2.71316e-07
-1.28882e-10
-3.43868e-13
-1.37412e-07
-1.82898e-10
-5.95871e-13
-1.95002e-07
2.23202e-05
6.73512e-07
0.0237974
3.60191e-06
1.08418e-07
0.00384029
1.94522e-06
5.8393e-08
0.00207396
6.20204e-06
1.771e-07
0.00661251
5.19065e-08
1.36453e-09
5.53418e-05
6.90724e-08
2.02196e-09
7.36437e-05
3.82127e-08
1.12587e-09
4.07417e-05
3.49176e-08
1.07403e-09
3.72285e-05
2.98299e-10
1.56834e-11
3.18041e-07
1.43488e-08
4.35566e-10
1.52985e-05
1.15206e-08
3.55011e-10
1.22831e-05
5.26122e-09
-2.10059e-11
5.60942e-06
4.75337e-10
1.83293e-11
5.06796e-07
-5.58537e-10
-1.26348e-11
-5.95502e-07
-3.03733e-10
-6.41236e-12
-3.23834e-07
-1.30103e-10
-1.81838e-12
-1.38714e-07
0.000179882
3.38066e-08
0.191787
2.88366e-07
1.00683e-10
0.00030745
3.03904e-06
8.20554e-10
0.00324016
4.08297e-06
2.2394e-09
0.00435319
5.71558e-09
-2.77428e-12
6.09384e-06
1.80262e-08
3.38515e-12
1.92192e-05
-4.98581e-10
-4.13264e-13
-5.31578e-07
-2.47266e-09
-9.93923e-13
-2.63631e-06
1.48879e-07
1.15138e-10
0.000158732
5.92652e-07
1.4742e-10
0.000631875
2.63272e-09
2.95075e-12
2.80695e-06
-5.17974e-10
-3.00487e-13
-5.52255e-07
-5.37172e-10
-3.95744e-13
-5.72723e-07
0.000249837
1.47272e-06
0.266371
4.56125e-05
5.61525e-07
0.0486312
0.000160948
7.6845e-07
0.1716
4.29658e-05
4.81669e-07
0.0458093
1.12644e-05
6.14007e-08
0.0120099
8.18658e-08
3.8144e-10
8.72838e-05
5.34189e-07
2.47847e-09
0.000569543
5.26775e-08
2.46322e-10
5.61638e-05
1.54712e-09
7.89119e-12
1.64951e-06
2.7334e-09
1.32153e-11
2.9143e-06
2.04993e-11
6.69105e-13
2.1856e-08
-6.64257e-10
-1.4378e-12
-7.08219e-07
3.26263e-06
9.65495e-08
0.00347857
0.000203716
6.14706e-06
0.217198
5.22317e-06
1.55198e-07
0.00556885
4.05177e-05
1.22323e-06
0.0431993
9.04881e-06
2.71231e-07
0.00964768
1.16867e-05
1.93711e-07
0.0124601
2.02022e-05
5.89019e-07
0.0215392
2.87458e-06
8.62014e-08
0.00306482
9.68144e-08
2.86908e-09
0.000103222
3.42888e-07
9.09813e-09
0.000365581
1.66275e-07
4.54601e-09
0.00017728
1.58176e-07
4.6676e-09
0.000168645
1.15423e-08
2.55715e-10
1.23061e-05
2.48524e-08
7.53751e-10
2.64972e-05
1.81508e-08
5.52929e-10
1.93521e-05
6.99797e-09
2.06159e-10
7.46111e-06
-1.61014e-10
-2.01016e-12
-1.7167e-07
5.40928e-07
3.0966e-10
0.000576728
4.68469e-06
1.28543e-09
0.00499473
-2.44119e-09
-4.58649e-13
-2.60275e-06
1.5172e-08
3.10319e-12
1.61761e-05
-4.57959e-10
-9.11383e-13
-4.88268e-07
-1.49866e-09
-2.81532e-13
-1.59785e-06
0.000389493
3.61904e-07
0.41527
5.45137e-05
6.95566e-08
0.0581215
1.29067e-06
-1.8588e-10
0.00137609
1.41609e-07
1.37125e-10
0.000150981
1.36286e-07
7.79322e-11
0.000145305
2.54512e-09
3.74238e-13
2.71356e-06
0.000606374
2.48622e-06
0.646583
0.000203625
9.32308e-07
0.217102
1.72509e-05
7.99933e-08
0.0183926
1.48032e-07
2.90502e-10
0.000157829
6.29082e-06
5.07612e-08
0.00670716
5.98173e-07
2.76585e-09
0.000637761
6.38226e-08
2.14031e-10
6.80465e-05
5.2279e-09
2.54692e-11
5.5739e-06
1.52843e-08
2.01851e-11
1.62958e-05
1.01838e-08
4.80584e-11
1.08577e-05
-9.00282e-11
-2.43876e-12
-9.59864e-08
2.74049e-10
2.61435e-12
2.92186e-07
-2.14112e-09
-5.37687e-12
-2.28282e-06
0.000820481
2.47508e-05
0.874782
2.32763e-05
7.01613e-07
0.0248168
2.42352e-05
7.15151e-07
0.0258392
6.51134e-06
1.9327e-07
0.00694227
0.000152035
4.55242e-06
0.162097
5.33607e-05
1.16725e-06
0.0568922
1.23625e-05
3.66998e-07
0.0131806
1.20418e-06
5.30036e-08
0.00128388
7.62885e-08
2.14055e-09
8.13374e-05
7.28217e-09
2.25928e-10
7.76411e-06
-5.29937e-10
4.76445e-14
-5.65009e-07
-1.12742e-09
-3.19299e-11
-1.20204e-06
-4.61858e-10
-1.2227e-11
-4.92425e-07
0.000112322
6.12986e-08
0.119755
6.9411e-07
2.91438e-10
0.000740047
-2.29645e-09
-4.31394e-13
-2.44843e-06
0.000729238
7.79763e-07
0.7775
2.99274e-06
3.7755e-09
0.00319081
4.89103e-06
7.75207e-09
0.00521472
2.07902e-05
2.30405e-08
0.0221661
8.48957e-07
1.06617e-09
0.000905142
6.6415e-07
7.05333e-10
0.000708105
2.99131e-08
3.26145e-11
3.18928e-05
3.25441e-09
4.14141e-12
3.46979e-06
8.0036e-09
5.92482e-12
8.53329e-06
3.92369e-05
1.8198e-07
0.0418337
3.74251e-06
1.73571e-08
0.00399019
3.82827e-08
9.9544e-11
4.08164e-05
4.56606e-08
1.71828e-10
4.86824e-05
-8.30815e-11
-1.84472e-14
-8.858e-08
1.29305e-09
5.22383e-12
1.37863e-06
-4.30949e-10
-1.54411e-12
-4.5947e-07
1.96656e-10
1.35632e-12
2.09671e-07
3.70956e-05
1.11987e-06
0.0395507
5.93624e-05
1.79191e-06
0.0632911
2.8635e-06
8.64097e-08
0.00305301
2.11291e-05
6.37517e-07
0.0225274
7.23238e-05
2.18343e-06
0.0771103
3.73684e-06
7.4815e-08
0.00398415
2.75301e-06
7.9147e-08
0.00293521
1.85139e-07
3.88881e-09
0.000197392
1.08243e-07
3.25054e-09
0.000115406
1.25109e-07
3.757e-09
0.000133389
5.71219e-08
1.71778e-09
6.09023e-05
-6.68925e-10
-1.42459e-11
-7.13195e-07
0.000264505
5.49471e-08
0.282011
9.149e-05
1.81312e-08
0.0975449
3.08512e-07
-9.89453e-12
0.00032893
1.61944e-07
3.04106e-11
0.000172662
1.08053e-06
2.49696e-10
0.00115204
-1.28578e-08
-4.54007e-11
-1.37086e-05
8.33058e-06
8.61418e-09
0.00888191
0.000392474
3.7424e-07
0.41845
0.000138208
1.43263e-07
0.147355
3.30347e-05
4.25504e-08
0.035221
2.91895e-06
3.12717e-09
0.00311213
2.43778e-07
1.04398e-10
0.000259912
3.60111e-09
1.65718e-12
3.83944e-06
5.17056e-09
4.35174e-12
5.51276e-06
-2.07401e-10
2.22349e-13
-2.21127e-07
-1.3237e-09
-1.13692e-12
-1.41131e-06
-7.52563e-10
-2.85086e-13
-8.02369e-07
7.41081e-05
4.33943e-07
0.0790127
3.00347e-05
1.39277e-07
0.0320224
3.05875e-06
1.41813e-08
0.00326118
5.16058e-07
8.38196e-10
0.000550212
5.63446e-07
2.60794e-09
0.000600735
1.99989e-07
7.27733e-10
0.000213225
2.51943e-08
1.17556e-10
2.68617e-05
1.56866e-10
1.27881e-12
1.67247e-07
0.000118812
3.58477e-06
0.126676
1.33305e-05
4.02263e-07
0.0142127
2.56346e-06
7.52435e-08
0.00273311
4.70297e-08
1.13041e-09
5.01422e-05
7.90789e-08
2.38824e-09
8.43124e-05
1.05826e-07
3.14592e-09
0.000112829
3.69423e-09
1.1625e-10
3.93872e-06
-1.38756e-09
-3.22578e-11
-1.47939e-06
-2.25014e-10
-6.20086e-12
-2.39906e-07
1.98414e-06
5.16149e-10
0.00211545
0.00195656
6.21129e-07
2.0861
1.59732e-05
2.99419e-09
0.0170304
0.000230169
4.0956e-08
0.245401
9.53807e-06
2.14713e-09
0.0101693
5.21123e-06
1.5779e-09
0.00555612
1.69102e-08
3.17598e-12
1.80294e-05
1.37378e-09
2.57583e-13
1.4647e-06
8.60909e-08
3.03499e-11
9.17885e-05
2.98257e-08
5.60754e-12
3.17996e-05
-1.08635e-09
-2.04143e-13
-1.15825e-06
0.000349689
7.70335e-08
0.176396
2.95187e-05
1.11382e-07
0.0314723
5.75074e-05
7.33882e-08
0.0613134
3.14252e-07
3.34559e-10
0.00033505
9.98388e-06
1.06328e-08
0.0106446
5.90081e-08
6.24174e-11
6.29133e-05
-1.36202e-09
-7.48273e-13
-1.45216e-06
-1.3357e-09
-3.84689e-13
-1.4241e-06
1.55316e-05
7.20004e-08
0.0165595
5.57442e-06
2.58346e-08
0.00594335
8.5356e-06
1.11297e-08
0.0091005
1.09434e-07
3.85611e-10
0.000116677
8.03575e-08
3.73419e-10
8.56756e-05
3.08179e-07
9.82736e-09
0.000328574
1.32508e-07
4.1461e-09
0.000141278
1.18942e-07
3.59983e-09
0.000126814
-2.54315e-09
-7.03176e-11
-2.71146e-06
-1.58885e-10
-3.43836e-12
-1.694e-07
0.00015862
3.56803e-08
0.169117
1.73616e-05
9.36005e-09
0.0185106
1.87245e-08
3.51553e-12
1.99637e-05
-3.87954e-09
-7.2905e-13
-4.13629e-06
-3.13012e-09
-5.87828e-13
-3.33728e-06
1.963e-10
3.69306e-14
2.09291e-07
3.02012e-06
3.54179e-09
0.00322
-1.65243e-09
-1.75913e-12
-1.76179e-06
-2.407e-09
-2.5624e-12
-2.5663e-06
7.81983e-05
3.62484e-07
0.0833736
1.07505e-07
4.9852e-10
0.00011462
2.44907e-07
9.08793e-10
0.000261116
7.9428e-09
3.76357e-11
8.46847e-06
-6.89973e-10
-8.59728e-13
-7.35636e-07
2.27527e-05
6.72043e-07
0.0242585
-4.05831e-07
-1.20864e-08
-0.000432689
4.13031e-08
1.13472e-09
4.40366e-05
6.6838e-05
9.54809e-09
0.0712614
7.37014e-07
4.87006e-10
0.000785791
6.17292e-07
1.15892e-10
0.000658145
1.01011e-07
7.01978e-11
0.000107696
4.60308e-08
3.56633e-11
4.90772e-05
1.64556e-07
3.62656e-10
0.000175447
-6.2007e-08
-1.80638e-09
-6.61108e-05
-3.82191e-10
-1.85794e-12
-4.07485e-07
1.06717e-05
3.2133e-07
0.0113779
2.78378e-07
7.99678e-09
0.000296802
-1.8163e-08
-7.62266e-10
-1.9365e-05
6.38474e-08
2.01293e-09
6.80729e-05
3.10555e-08
9.64744e-10
3.31108e-05
0.00183979
5.89995e-07
1.96155
0.000761831
1.38986e-06
0.81225
2.49212e-08
2.65474e-11
2.65706e-05
7.78229e-09
6.78479e-12
8.29734e-06
1.75998e-06
8.14845e-09
0.00187646
2.02546e-08
1.03472e-10
2.15951e-05
-3.8124e-10
2.71724e-12
-4.06471e-07
-1.15225e-09
-1.27488e-12
-1.22851e-06
-1.91844e-09
-4.45602e-11
-2.0454e-06
3.39438e-08
6.49895e-12
3.61903e-05
1.83702e-07
1.95563e-10
0.000195859
3.36486e-09
3.85741e-12
3.58756e-06
3.95421e-08
1.89666e-10
4.2159e-05
1.19445e-09
5.42574e-12
1.2735e-06
