0.000151452
1.04321e+06
0.0638677
1.08772e-05
-66802.6
4.02312e-20
6.98541e-07
-4082.81
-3.07027e-20
2.77982e-06
-16563.4
-2.46579e-20
2.73043e-06
-16269.1
1.47891e-20
1.3796e-06
-8112.27
2.77632e-20
3.01025e-07
-1736.82
3.15768e-21
5.05032e-07
-2965.21
1.99432e-20
6.76595e-09
-35.6275
-1.61331e-20
1.60906e-08
-92.0552
5.39326e-20
-6.00501e-09
36.4976
2.53081e-20
-1.83118e-09
10.8397
1.83118e-09
1.0631e-09
-6.33479
-6.6491e-20
-5.39233e-10
3.18943
3.82744e-20
-4.29814e-10
2.55685
2.26395e-20
1.74066e-07
-9775.66
-0.0188086
1.32538e-07
-729.487
2.71507e-20
9.83457e-06
-53343.4
5.59418e-15
5.08597e-06
-26832.8
4.2222e-21
1.69767e-06
-8869.05
-1.44066e-20
5.66576e-07
-3051.98
-2.06007e-21
4.69044e-08
-243.198
-4.69044e-08
-9.42343e-06
49767.6
-0.0388798
9.06979e-06
-54579.4
-1.04472e-12
4.30257e-07
-2493.54
-4.30257e-07
1.32046e-07
-767.056
5.97781e-20
1.44449e-07
-845.681
2.89338e-20
-5.27492e-09
33.1116
2.17975e-21
6.7142e-08
-393.431
-6.7142e-08
-2.73249e-09
16.125
2.73249e-09
1.72869e-10
-1.0301
1.90079e-20
-4.43747e-10
2.6207
4.43747e-10
-3.5298e-10
2.10335
-3.7766e-20
2.29332e-05
-120622
3.02544e-20
4.93872e-07
-2587.16
-2.06305e-21
9.45262e-08
-493.559
4.53414e-20
-4.28074e-09
23.2153
4.28074e-09
5.66855e-09
-30.6291
-2.89916e-21
4.7284e-10
-2.59116
-4.7284e-10
-1.24496e-05
37731.9
-0.00600271
5.74874e-07
-2789.95
-4.04906e-20
5.67445e-06
-25638.5
-1.08188e-20
2.25979e-06
-12259
-2.25979e-06
4.71377e-06
-20984.9
-3.43569e-20
8.03441e-07
-3819.19
4.12423e-21
1.61278e-06
-7749.42
4.45611e-20
6.56841e-08
-291.898
1.12448e-20
1.69139e-07
-829.499
5.44143e-20
-4.79105e-09
23.2512
1.71057e-20
-3.82669e-09
18.57
5.42041e-20
1.13466e-09
-5.78493
-1.82548e-20
-2.75613e-10
1.3139
2.75613e-10
-1.60036e-10
0.734348
2.39829e-20
1.20287e-09
-5.95202
-1.20287e-09
9.10354e-06
-39915.1
2.0366e-17
8.89032e-06
-38975.6
-8.89032e-06
1.06442e-06
-4669.9
-1.06442e-06
2.28213e-06
-9323.1
1.8137e-20
1.05982e-05
-62547
3.66875e-16
6.48774e-07
-3797.77
2.71011e-20
1.58345e-07
-930.374
-7.47846e-20
4.81522e-07
-2827.44
-1.29213e-20
6.6953e-09
-39.8959
-6.6953e-09
7.50426e-09
-44.7164
-1.59517e-20
-1.44274e-09
8.54572
3.18807e-20
-7.04207e-10
4.15329
-2.94376e-21
5.09544e-10
-3.03628
1.39597e-20
4.2198e-07
-2279.77
-1.66087e-20
6.64425e-06
-36162.8
-2.1125e-20
2.39866e-06
-12571.7
4.08464e-20
5.12081e-07
-2745.33
3.28259e-20
-4.39887e-09
25.3636
1.20199e-20
5.2942e-08
-286.595
3.18693e-21
-1.63493e-09
8.85401
-4.4346e-21
1.96924e-10
-1.40812
-1.96924e-10
-4.32013e-10
2.33958
2.87021e-20
-4.58741e-10
2.48433
-1.53139e-20
3.17546e-05
-138059
-2.86724e-20
1.79579e-06
-8714.84
-3.83667e-20
8.56033e-06
-40651.3
-4.69739e-19
2.13456e-06
-10290.9
5.74256e-20
-4.90469e-05
331194
0.0355576
1.32471e-07
-642.894
-1.32471e-07
4.86048e-07
-2370.71
-4.86048e-07
-9.34999e-10
4.42272
3.59126e-20
2.70186e-09
-13.3874
1.01879e-20
1.39152e-09
-7.02121
-5.51264e-20
1.3593e-06
-6481.14
1.75062e-20
2.1441e-06
-9404.71
5.81657e-21
6.59272e-07
-2907.82
-5.35781e-20
1.44764e-06
-6173
4.18243e-21
3.526e-07
-1546.98
-3.526e-07
2.85667e-06
-12527.1
-2.85667e-06
3.79098e-08
-166.362
-3.79098e-08
4.69319e-07
-2347.9
-8.45955e-21
-1.06931e-08
39.4093
1.06931e-08
1.73941e-08
-97.0566
-1.73941e-08
4.85307e-07
-2434.3
3.68752e-22
-5.90393e-09
26.2976
5.13266e-20
1.47621e-08
-78.0976
-4.57152e-20
4.53546e-08
-228.344
4.64609e-20
-6.64638e-10
3.17812
3.82906e-21
-4.51992e-10
2.15409
-5.55789e-21
1.22914e-09
-6.62522
-1.22914e-09
3.2931e-09
-16.472
-3.2931e-09
5.22199e-06
-31115.4
5.82295e-21
8.31137e-06
-50661.6
-6.46049e-17
2.16427e-06
-12695.1
6.77371e-21
5.53748e-08
-321.968
3.87026e-20
-2.42506e-09
14.5127
2.42506e-09
7.08999e-10
-4.22478
-7.08999e-10
-1.63643e-09
9.69765
6.55484e-21
-5.27181e-10
3.10824
2.12722e-20
2.74518e-10
-1.6358
5.25141e-21
-1.32394e-10
0.705935
-4.5044e-20
1.47069e-06
-7831.57
-4.41218e-20
1.81573e-06
-9832.94
4.74536e-21
3.67465e-07
-1990.02
3.35854e-20
1.41788e-07
-762
-1.60575e-21
-2.33249e-09
12.3678
-1.81866e-20
-4.7559e-10
2.52012
-5.13951e-21
7.44845e-07
-3614.82
-2.54959e-20
3.48608e-07
-1537.15
2.09749e-20
-4.46863e-09
20.3645
-7.32059e-20
8.11287e-08
-397.028
3.77789e-21
-3.55565e-09
16.8161
-4.27298e-20
3.90343e-10
-2.34567
-3.90343e-10
-6.29654e-10
2.94865
-1.32229e-20
-3.52408e-10
1.675
-7.1092e-20
8.02769e-06
-35194.4
-1.84028e-20
1.42915e-06
-6269.36
1.75102e-20
2.33179e-06
-9737.29
8.04231e-21
1.49779e-06
-6569.93
-3.01564e-20
1.08657e-06
-4766.27
4.51039e-20
9.94923e-07
-4289.73
-9.94923e-07
-4.68087e-06
20127.4
4.68087e-06
3.12094e-07
-1369.11
1.53989e-20
1.42654e-06
-6993.76
-8.11011e-20
2.8423e-06
-13976.9
-4.64301e-21
-1.65501e-08
72.1263
1.65501e-08
-8.33594e-09
38.7778
2.74546e-20
4.57912e-08
-227.404
-4.57912e-08
-1.36395e-09
6.33727
1.36395e-09
7.43926e-09
-37.4519
3.61386e-20
-3.01435e-10
1.25759
-3.86182e-21
3.32477e-09
-15.4847
-3.32477e-09
2.04133e-06
-12044.9
-2.04133e-06
2.26996e-06
-13536.3
-5.24559e-20
1.61221e-07
-960.684
7.99255e-20
-4.26297e-09
25.5627
4.35204e-20
6.21801e-07
-3325.95
-1.24092e-20
1.52116e-05
-79875.2
-3.69749e-19
2.06808e-06
-11199.5
1.21712e-20
-1.00455e-08
53.2275
1.00455e-08
-2.66179e-09
14.118
5.20713e-21
1.37909e-08
-74.0477
4.40114e-20
-8.65479e-10
4.65601
8.65479e-10
-5.85314e-10
3.16978
5.85314e-10
1.99942e-10
-1.1795
7.88445e-20
4.0016e-10
-2.16718
1.76862e-20
2.25409e-07
-1093.97
-2.25409e-07
9.61494e-07
-4666.25
-2.95927e-20
5.87158e-07
-2849.56
4.68972e-21
2.86861e-08
-117.808
5.48037e-20
2.79381e-08
-137.358
-1.72611e-20
-4.93364e-09
23.9428
2.9511e-20
-2.14085e-09
10.0502
4.98086e-20
-3.49672e-10
1.68815
3.49672e-10
-3.28659e-11
0.0846018
3.56006e-20
2.00363e-05
-87664.2
-1.89567e-17
2.2196e-06
-9734.07
2.33959e-20
1.3823e-06
-6799.28
1.7189e-20
4.13765e-06
-18145.3
8.62301e-20
3.1739e-06
-13918.3
3.16356e-20
4.60933e-06
-20202.9
-5.33433e-20
1.34583e-06
-5900.45
-1.34583e-06
1.06126e-06
-5180.78
-3.76317e-21
-3.89788e-09
9.04823
3.9258e-20
2.28543e-07
-1141.17
9.54729e-22
3.82985e-08
-197.993
3.27688e-20
3.02174e-08
-155.371
-3.02174e-08
-2.18326e-09
10.2699
-2.41875e-20
8.77578e-11
-0.64155
-8.77578e-11
3.1359e-09
-14.8488
2.38513e-20
2.09569e-06
-12309.2
1.17627e-20
7.45125e-07
-4388.05
-3.43737e-20
6.35512e-07
-3736.22
-1.09288e-20
1.03949e-06
-6147.64
-2.0323e-20
5.52911e-08
-329.469
1.14085e-20
-7.65296e-09
45.1714
7.65296e-09
1.73202e-08
-103.207
-1.48781e-20
-7.24213e-10
4.31545
3.01686e-20
2.75654e-06
-17966.1
-0.0141873
2.55103e-06
-13814.9
-3.3749e-21
9.61711e-06
-50524.3
3.13606e-18
4.70131e-06
-24820.5
-3.52506e-20
-8.48854e-06
47181
8.48854e-06
2.85252e-06
-14916.2
-2.85252e-06
1.50902e-08
-81.7215
2.54796e-20
-1.09979e-09
5.90021
-2.29087e-20
7.89215e-10
-4.54109
5.08548e-20
7.91045e-06
-34586.8
-7.91045e-06
9.19656e-07
-4463.04
3.44823e-20
-5.31942e-09
25.815
3.99173e-20
1.70191e-08
-84.3761
6.64927e-20
5.88804e-09
-29.4787
4.90221e-20
-1.24022e-09
5.89737
2.95146e-20
1.60359e-06
-7012.33
2.80005e-20
7.5683e-07
-3763.51
-4.34093e-20
7.82578e-09
-34.3233
2.59963e-20
3.3105e-07
-1654.36
4.79303e-20
1.15328e-06
-5634.96
-4.4496e-20
8.8557e-08
-445.832
2.41495e-22
-4.85898e-09
21.7715
-7.72341e-20
4.55183e-09
-24.2013
-4.55183e-09
1.23313e-07
-726.281
-1.23313e-07
-3.72626e-06
16411.9
-0.0357169
5.61509e-06
-33158.3
-3.17136e-20
2.95386e-06
-17431.1
6.43152e-20
2.94541e-06
-17472.9
-4.33295e-20
5.20195e-06
-30803.9
6.93356e-20
1.57842e-06
-9313.11
-5.17882e-20
3.6971e-06
-21746.7
-6.47574e-20
2.43356e-06
-14442.7
-3.99793e-20
1.68026e-08
-98.7015
-1.68026e-08
-1.17808e-09
7.01996
-5.96665e-20
6.5414e-06
561348
-0.00681084
1.16203e-05
-61428.9
-1.16203e-05
1.66009e-06
-8728.14
-5.58102e-20
1.82183e-07
-950.114
1.71133e-20
9.77324e-08
-529.273
-1.79839e-20
5.42579e-08
-293.498
-5.42579e-08
-1.36479e-09
7.39105
1.36479e-09
2.54772e-06
-11258.2
-3.77413e-20
2.44546e-06
-10789.4
-2.30698e-20
6.34928e-07
-2821.98
-6.34928e-07
1.37561e-08
-67.655
-3.91091e-20
-1.29886e-09
6.30335
-4.56332e-21
-3.40917e-10
1.51226
-4.25198e-20
-3.3133e-10
1.58266
-1.51971e-20
1.43368e-06
-7052.83
-1.09114e-19
1.78857e-06
-8772.27
-6.16144e-20
4.05755e-06
-18434.1
-4.05755e-06
7.49221e-08
-397.982
7.81631e-21
1.06899e-06
-5249.15
-1.06899e-06
7.20643e-08
-366.42
3.70692e-20
-1.64431e-09
6.40548
6.86876e-20
-2.07848e-09
9.77859
5.71716e-20
1.03327e-08
-46.6788
-1.03327e-08
1.37032e-06
-8027.74
-1.29389e-21
2.48138e-06
-16092.8
-2.48138e-06
3.41062e-06
-20025.6
3.71504e-20
6.57468e-07
-3870.46
3.30174e-20
-3.2794e-09
19.5413
2.75482e-20
6.48704e-06
-38958.1
-0.016268
1.35743e-06
-7351.12
7.59237e-21
2.61093e-09
-10.4784
2.37216e-20
7.20901e-09
-39.2839
-7.20901e-09
-1.70492e-09
9.23302
-6.45781e-20
-4.92693e-10
2.66819
-2.65481e-20
-3.88474e-10
2.1038
-7.01629e-20
6.51337e-07
-3160.84
5.16164e-21
4.19214e-07
-2040.23
3.8788e-20
9.52967e-09
-47.1155
4.28474e-20
2.68207e-07
-1331.32
-7.30947e-20
-5.44758e-10
2.25459
4.42769e-21
-6.2596e-10
3.00483
-3.4552e-20
3.12155e-06
-17764.5
-0.0367378
1.87449e-06
-11094.7
-3.36749e-20
6.3083e-09
-36.8139
2.25311e-20
-5.18835e-09
30.7238
5.18835e-09
9.5631e-07
-5107.37
3.48727e-20
3.2236e-06
-16922.1
4.92266e-20
-1.23387e-08
66.2153
1.23387e-08
-7.54325e-10
3.67642
-1.86887e-20
2.84687e-09
-15.4643
-6.57048e-21
2.19541e-05
-96331.4
5.53922e-13
1.42196e-06
-6864.24
-7.19819e-20
1.03997e-07
-510.259
7.05172e-20
1.03504e-06
-5023.37
-1.87893e-20
-1.4295e-08
69.3725
-6.4697e-20
6.90919e-08
-342.547
1.10524e-20
2.02322e-09
-10.2442
-2.02322e-09
2.65367e-09
-13.197
4.25012e-21
2.47485e-07
-1085.71
9.68453e-20
1.1661e-09
-6.35431
-1.1661e-09
2.94404e-09
-17.543
2.38598e-20
3.80225e-06
-19916.6
-3.5082e-20
1.83905e-06
-9968.43
6.06434e-20
2.59776e-06
-14039.3
-2.59776e-06
1.36979e-07
-717.615
-1.36979e-07
6.14397e-08
-332.731
-4.42273e-20
1.21481e-05
-53538.4
8.6235e-18
-1.07795e-07
-625.902
1.07795e-07
-5.77335e-07
2282.63
5.77335e-07
4.65685e-07
-2260.03
-4.65685e-07
6.36066e-07
-10497.6
-6.36066e-07
1.98063e-09
-9.61802
7.12975e-20
1.40896e-07
-688.31
-1.40896e-07
5.70335e-09
-28.818
6.52217e-20
3.66713e-06
-16421
-4.07196e-20
3.44168e-08
-150.64
-3.44168e-08
2.16172e-07
-1074.34
-2.16172e-07
-1.22324e-08
62.3538
-2.03481e-22
4.84325e-06
-28517.8
3.80904e-20
3.2849e-06
-17262.9
-3.2849e-06
1.14546e-06
-6023.26
6.35166e-20
3.6403e-06
-19095
-2.85769e-20
3.55949e-07
-1927.65
-3.55949e-07
1.82726e-09
-9.89628
-3.80877e-20
2.87056e-06
-13930.8
-2.87056e-06
3.4402e-06
-15197.9
-3.4402e-06
3.98577e-08
-193.423
4.26044e-20
1.01434e-06
-4446.6
-1.01434e-06
5.9368e-06
-35374.7
-5.9368e-06
9.41595e-07
-5099.2
-9.41595e-07
-1.23626e-08
66.9498
-5.19367e-21
7.65375e-07
-3714.43
-7.65375e-07
4.47721e-07
-2021.99
-3.00384e-20
1.67255e-08
-82.9858
8.56698e-20
2.50456e-06
-14877.7
-3.88554e-20
-4.24413e-09
22.9203
4.24413e-09
1.02743e-06
-4656.41
-3.20953e-20
-6.1889e-09
33.5161
6.1889e-09
