0.119136
-0.00139774
-179.555
0.00039624
1.45272e-07
0.422464
3.7985e-06
3.08748e-09
0.00404989
0.000151682
2.83572e-08
0.161721
0.000152297
2.84855e-08
0.162377
2.33692e-05
7.38501e-09
0.0249158
2.16474e-06
2.37432e-10
0.00230801
5.20399e-06
2.87697e-09
0.0055484
-9.0652e-08
-1.11718e-10
-9.66515e-05
8.75055e-08
-8.03707e-12
9.32968e-05
-8.73211e-08
-5.22728e-11
-9.31002e-05
-1.79134e-08
-7.77802e-12
-1.9099e-05
4.93507e-08
9.26686e-12
5.26169e-05
-4.18186e-09
-2.09529e-12
-4.45863e-06
-2.78896e-09
-1.23166e-12
-2.97354e-06
-0.0120585
2.21163e-06
2.16504
1.48213e-06
1.83014e-09
0.00158022
0.00042589
5.8296e-07
0.454076
9.88671e-05
1.10192e-07
0.10541
1.22192e-05
1.32463e-08
0.0130279
3.45869e-06
5.39508e-09
0.00368759
2.13258e-07
1.80463e-10
0.000227372
-0.033504
1.74304e-06
6.23125
0.000735078
4.48967e-07
0.783728
5.46212e-06
1.38605e-09
0.00582362
1.07391e-06
4.14545e-10
0.00114498
5.54061e-06
1.47988e-09
0.0059073
-5.00194e-08
-9.32828e-11
-5.33298e-05
5.07273e-06
2.14468e-10
0.00540845
-9.5446e-08
-2.47787e-11
-0.000101763
1.23813e-08
2.32318e-12
1.32008e-05
-4.90142e-09
-1.67411e-12
-5.22581e-06
-7.48601e-09
-1.40542e-12
-7.98144e-06
0.00223911
2.40246e-06
2.3873
2.91997e-06
3.26522e-09
0.00311322
1.43791e-05
1.51343e-08
0.0153308
-4.90083e-08
-6.89169e-11
-5.22518e-05
1.9265e-08
7.88826e-12
2.054e-05
7.24954e-09
2.21259e-11
7.72932e-06
-0.0114578
7.52317e-06
1.5912
3.13103e-06
1.45128e-08
0.00333825
8.95107e-05
5.77923e-07
0.0954347
0.000248599
1.68627e-06
0.265052
3.39156e-05
2.02852e-07
0.0361602
1.77645e-05
7.71014e-08
0.0189402
2.63452e-05
1.12238e-07
0.0280887
2.05515e-07
9.17818e-10
0.000219116
7.81612e-07
3.0833e-09
0.00083334
-7.95147e-08
-3.68589e-10
-8.47772e-05
-5.39795e-08
-2.50177e-10
-5.7552e-05
-3.265e-10
5.35819e-12
-3.48108e-07
-1.05271e-09
-3.66727e-12
-1.12238e-06
-3.19575e-09
-1.39495e-11
-3.40725e-06
3.80947e-08
1.88456e-10
4.06159e-05
4.19093e-05
1.25704e-06
0.044683
3.08481e-05
9.24701e-07
0.0328896
7.38813e-06
2.2298e-07
0.00787709
6.75621e-05
1.97747e-06
0.0720335
0.000859949
1.93269e-07
0.916862
2.72154e-05
8.13395e-09
0.0290165
2.44378e-05
4.78072e-09
0.0260551
5.30674e-06
2.66734e-09
0.00565795
5.6809e-08
1.06694e-11
6.05687e-05
3.90808e-07
7.33674e-11
0.000416673
-2.69811e-08
-8.40079e-12
-2.87667e-05
-1.51571e-08
-4.37835e-12
-1.61602e-05
1.6961e-07
3.18452e-11
0.000180835
8.60034e-06
2.44313e-08
0.00916953
0.000556995
5.59197e-07
0.593858
4.76387e-05
5.1956e-08
0.0507915
3.94199e-06
5.30452e-09
0.00420288
-2.54371e-07
-5.62923e-10
-0.000271205
4.03666e-07
2.83417e-10
0.000430381
-2.53999e-08
-2.7041e-11
-2.70809e-05
4.17858e-08
1.04283e-10
4.45513e-05
-3.32656e-09
-3.54224e-12
-3.54672e-06
-1.45081e-08
-1.54474e-11
-1.54683e-05
0.0025709
1.22817e-05
2.74105
9.43221e-05
4.37202e-07
0.100565
0.000637486
3.07663e-06
0.679676
0.000108435
4.97115e-07
0.115611
0.0169921
-0.000267359
-46.3991
4.02467e-06
1.86459e-08
0.00429103
1.11092e-05
4.91575e-08
0.0118444
-4.32462e-09
-1.46227e-11
-4.61083e-06
1.13524e-07
5.59133e-10
0.000121037
1.0553e-07
5.7135e-10
0.000112514
0.000106148
3.19163e-06
0.113173
6.58415e-05
1.98617e-06
0.070199
9.64944e-06
2.80569e-07
0.0102881
6.00219e-05
1.22706e-06
0.0639942
2.9224e-06
8.82121e-08
0.00311581
0.000227387
6.85748e-06
0.242436
5.82507e-07
1.75783e-08
0.000621058
2.96225e-06
7.3944e-08
0.0031583
-2.61787e-07
-5.51957e-09
-0.000279112
1.18237e-07
3.86247e-09
0.000126062
1.51835e-06
4.11088e-08
0.00161884
-5.07115e-08
-1.39354e-09
-5.40676e-05
1.22888e-07
3.79716e-09
0.000131021
9.64625e-07
2.96848e-08
0.00102847
-2.11755e-09
-5.58557e-11
-2.25769e-06
-3.79651e-09
-8.82459e-11
-4.04777e-06
2.81892e-08
9.08037e-10
3.00548e-05
1.93297e-07
5.85798e-09
0.00020609
0.00032206
6.04214e-08
0.343375
0.000423139
1.55452e-07
0.451143
9.35681e-05
2.69005e-08
0.0997606
5.11148e-06
1.33152e-09
0.00544977
2.19875e-06
4.55541e-10
0.00234427
-6.67822e-08
-1.25376e-11
-7.1202e-05
-3.77467e-08
-1.14755e-11
-4.02448e-05
-2.35044e-08
-5.89952e-12
-2.506e-05
-1.6498e-08
-3.09747e-12
-1.75898e-05
-4.67896e-08
-1.83643e-11
-4.98862e-05
1.75523e-05
2.63879e-08
0.0187139
2.17639e-05
2.31447e-08
0.0232042
1.46268e-05
1.55702e-08
0.0155949
1.55589e-06
9.85642e-10
0.00165886
-1.32735e-08
-1.7376e-11
-1.41519e-05
-1.60118e-08
-5.84094e-12
-1.70715e-05
1.41135e-05
6.54169e-08
0.0150475
2.10949e-05
1.95248e-07
0.022491
1.28453e-07
6.99052e-10
0.000136955
1.06684e-06
4.71671e-09
0.00113745
-3.52488e-08
-1.30803e-10
-3.75816e-05
1.65679e-07
7.84983e-10
0.000176644
-5.22938e-09
-2.01445e-11
-5.57547e-06
-4.16303e-09
-1.74225e-11
-4.43855e-06
0.000400534
1.20772e-05
0.427042
2.50634e-05
7.56499e-07
0.0267222
8.68373e-05
2.07532e-06
0.0925843
2.22044e-05
6.70075e-07
0.023674
3.13118e-05
9.45173e-07
0.0333841
4.40664e-05
1.26671e-06
0.0469828
0.000458159
1.54049e-05
0.488481
1.74295e-05
5.26193e-07
0.018583
6.71567e-05
2.01338e-06
0.0716013
0.000322643
9.67741e-06
0.343996
8.27451e-08
3.23e-09
8.82213e-05
-3.42292e-07
-1.02063e-08
-0.000364945
6.12101e-06
1.8498e-07
0.00652611
-1.55689e-08
-3.47172e-10
-1.65993e-05
8.2986e-07
2.52489e-08
0.000884782
-7.55882e-09
-2.26397e-10
-8.05908e-06
1.72944e-07
5.54265e-09
0.00018439
0.000171723
6.04372e-08
0.183088
0.000894459
1.7561e-07
0.953656
4.48618e-06
8.42195e-10
0.00478308
-1.60616e-07
-7.5661e-11
-0.000171246
3.71216e-06
6.45235e-09
0.00395784
0.00138401
1.52625e-06
1.47561
6.11904e-05
6.51423e-08
0.0652401
-2.57045e-07
-2.89236e-10
-0.000274057
-1.84851e-08
-1.15454e-12
-1.97085e-05
4.93618e-07
4.83731e-10
0.000526286
-1.05697e-09
5.44909e-12
-1.12692e-06
-1.13505e-09
-1.20882e-12
-1.21017e-06
-1.90821e-08
-1.40685e-11
-2.0345e-05
9.26092e-08
9.86417e-11
9.87382e-05
3.72232e-06
1.72494e-08
0.00396867
7.26174e-05
3.36711e-07
0.0774234
2.73172e-05
1.26634e-07
0.0291251
2.60666e-07
-1.48314e-09
0.000277917
5.82878e-07
2.70585e-09
0.000621454
-1.29048e-07
-5.98207e-10
-0.000137589
-3.01084e-08
-1.18139e-10
-3.2101e-05
-1.01501e-08
-4.61421e-11
-1.08219e-05
4.42265e-08
2.10572e-10
4.71534e-05
0.00206449
6.21336e-05
2.20113
6.11051e-05
1.84403e-06
0.0651492
9.97681e-05
2.92561e-06
0.106371
8.03777e-05
2.42438e-06
0.0856972
0.000195283
5.89098e-06
0.208207
0.000589574
1.77836e-05
0.628593
0.00017223
5.19282e-06
0.183629
5.9398e-05
1.78412e-06
0.0633291
3.24625e-08
2.92411e-09
3.46109e-05
3.81185e-06
1.11649e-07
0.00406413
4.84034e-07
1.47891e-08
0.000516068
2.70993e-06
8.24555e-08
0.00288928
-1.20113e-08
-3.35927e-10
-1.28062e-05
3.97181e-08
1.23341e-09
4.23468e-05
9.69497e-07
2.88682e-08
0.00103366
3.11409e-05
1.02517e-08
0.0332018
4.02976e-06
2.84686e-09
0.00429646
1.7551e-05
8.6129e-09
0.0187126
1.99564e-05
1.00889e-08
0.0212772
7.08282e-06
1.32972e-09
0.00755158
-1.40016e-07
-5.28042e-11
-0.000149283
1.66826e-06
3.13206e-10
0.00177867
3.74101e-08
7.0229e-12
3.98859e-05
-0.00753348
1.88716e-06
2.03193
7.41276e-05
7.89125e-08
0.0790335
0.000372296
4.06094e-07
0.396935
0.000117587
1.30979e-07
0.125369
-0.000266667
2.05386e-07
-0.284315
4.40741e-05
4.88102e-08
0.046991
4.10326e-07
4.36975e-10
0.000437482
-1.74354e-08
-1.43548e-11
-1.85893e-05
2.6105e-07
2.8022e-10
0.000278327
-7.29279e-08
-2.5994e-08
-7.77544e-05
5.72025e-06
2.65026e-08
0.00609882
-3.02013e-08
-1.39992e-10
-3.22001e-05
6.77922e-07
2.92039e-09
0.000722788
4.2373e-07
1.99302e-09
0.000451773
-1.72504e-08
-3.60595e-11
-1.8392e-05
-2.107e-06
-5.76668e-08
-0.00224644
1.04763e-05
3.18267e-07
0.0111696
5.58884e-06
1.68735e-07
0.00595872
9.6489e-06
2.88449e-07
0.0102875
1.39434e-05
3.70258e-07
0.0148662
4.87583e-06
1.4864e-07
0.00519852
-1.37213e-07
-3.62194e-09
-0.000146294
5.02219e-07
1.56367e-08
0.000535457
6.67735e-06
2.36514e-09
0.00711927
-0.0265678
1.78699e-06
6.48854
0.000629111
1.82733e-07
0.670746
0.000253886
5.32123e-08
0.270689
0.000251319
6.70168e-08
0.267952
0.000528227
1.4438e-07
0.563186
0.000140743
3.06892e-08
0.150058
0.000392139
5.76278e-08
0.418092
0.00020937
9.75863e-08
0.223227
1.54837e-06
5.00232e-10
0.00165084
-2.40703e-08
-4.51886e-12
-2.56633e-05
-0.0243882
-0.000476613
-6.43978
0.00143159
1.67654e-06
1.52633
0.000125722
1.37599e-07
0.134042
1.73369e-05
1.89636e-08
0.0184843
4.60178e-06
4.89941e-09
0.00490633
2.09808e-06
1.97194e-09
0.00223694
-3.5611e-08
-3.79104e-11
-3.79678e-05
0.000175782
1.20763e-06
0.187415
0.000168247
1.01591e-06
0.179382
3.06724e-05
1.40019e-07
0.0327024
1.48568e-06
6.90839e-09
0.001584
-8.27066e-09
-3.83239e-11
-8.81803e-06
-1.60878e-08
-5.05249e-11
-1.71525e-05
-2.08594e-09
-8.05956e-12
-2.22399e-06
0.000185419
5.47856e-06
0.19769
0.000154122
4.62792e-06
0.164322
0.000426743
1.17827e-05
0.454986
1.92543e-06
5.85131e-08
0.00205286
1.13824e-05
3.27549e-07
0.0121357
2.08819e-06
6.2837e-08
0.00222639
3.34524e-07
1.03817e-08
0.000356663
-7.96779e-08
-2.40262e-09
-8.49512e-05
7.86232e-07
2.44397e-08
0.000838266
1.3546e-05
5.03572e-09
0.0144425
-0.000449374
-2.6343e-07
-0.479115
0.000256805
5.90132e-08
0.273801
1.29409e-05
7.76205e-09
0.0137974
1.26685e-07
2.37814e-11
0.00013507
-0.00627731
1.93236e-06
3.19013
3.82374e-05
4.07158e-08
0.040768
-1.8599e-07
-2.87124e-10
-0.000198299
1.35938e-07
1.10025e-10
0.000144935
-5.88998e-08
-6.27001e-11
-6.27979e-05
-1.55182e-08
-1.65198e-11
-1.65452e-05
-8.11292e-09
-8.63601e-12
-8.64985e-06
3.60133e-05
1.66914e-07
0.0383967
1.0099e-05
4.47786e-08
0.0107674
1.01081e-06
4.71521e-09
0.00107771
2.197e-05
6.53981e-07
0.0234241
-2.21067e-08
-5.76138e-10
-2.35698e-05
-7.68364e-09
-2.10185e-10
-8.19216e-06
-0.020182
4.60007e-08
10.9364
0.000101635
2.04795e-08
0.108362
3.17321e-06
5.04323e-10
0.00338322
-1.11801e-07
-1.02371e-10
-0.0001192
2.18578e-05
2.48411e-08
0.0233044
0.000339355
1.18979e-07
0.361814
4.74689e-08
-7.91608e-11
5.06105e-05
1.46263e-08
1.03737e-11
1.55943e-05
7.60634e-08
9.09703e-11
8.10974e-05
0.00154753
7.28916e-06
1.64994
4.54529e-05
1.34838e-07
0.0484611
2.50125e-06
1.13368e-08
0.00266678
1.46035e-05
5.98822e-08
0.01557
-1.14733e-07
-5.31579e-10
-0.000122326
1.4557e-06
5.1108e-09
0.00155204
6.937e-07
3.32985e-09
0.00073961
3.52005e-07
1.63537e-09
0.000375301
1.52557e-05
4.60581e-07
0.0162654
3.0723e-07
9.24347e-09
0.000327563
4.34412e-08
8.15526e-12
4.63163e-05
2.34957e-05
2.69983e-08
0.0250507
4.10505e-05
8.31388e-08
0.0437673
3.86863e-05
4.86341e-08
0.0412466
2.92014e-07
2.97473e-10
0.00031134
4.5167e-06
4.80797e-09
0.00481562
0.000747903
3.41212e-06
0.797401
0.000169434
1.44762e-06
0.180648
0.000113258
5.43864e-07
0.120754
2.37165e-05
1.09946e-07
0.0252861
0.000348993
6.72046e-06
0.37209
5.24622e-07
2.43124e-09
0.000559343
7.54485e-06
2.88156e-08
0.00804418
5.83907e-07
2.57868e-09
0.000622551
0.000383762
1.06213e-05
0.409161
9.00953e-07
2.73064e-08
0.00096058
1.02964e-05
3.1096e-07
0.0109778
-1.83657e-05
-5.50482e-07
-0.0195812
0.000473365
8.21415e-08
0.504693
0.000344973
1.22059e-07
0.367804
0.000110702
1.18884e-07
0.118028
3.8139e-05
1.39674e-08
0.0406631
2.02787e-05
2.15877e-08
0.0216207
6.39604e-07
6.80857e-10
0.000681934
0.000200827
9.3112e-07
0.214118
2.43941e-05
4.50358e-07
0.0260085
5.21549e-07
2.41637e-09
0.000556066
0.000148849
4.48714e-06
0.1587
0.000729264
1.37023e-07
0.777528
5.08846e-05
5.41704e-08
0.0542522
2.0195e-07
2.14982e-10
0.000215316
1.47849e-05
6.85509e-08
0.0157634
-3.93404e-08
-2.15344e-09
-4.19441e-05
5.5721e-07
2.63191e-09
0.000594087
0.000180022
7.16033e-08
0.191936
-1.28649e-08
3.59162e-11
-1.37163e-05
3.66868e-05
4.01994e-07
0.0391147
-3.31112e-08
-3.5255e-11
-3.53026e-05
