-0.0678734
0.000753743
50.2541
-0.000312491
2.87102e-08
-0.333172
1.09926e-05
4.22137e-09
0.0117201
-0.000134368
-2.51889e-08
-0.143261
-0.000137732
-2.58277e-08
-0.146848
1.11634e-05
1.07682e-08
0.0119022
7.38533e-06
3.64522e-09
0.0078741
5.78338e-06
2.67047e-09
0.00616613
1.03014e-06
3.88638e-10
0.00109831
7.11547e-07
3.07216e-10
0.000758638
1.65649e-07
4.19826e-11
0.000176612
5.40453e-09
-1.27641e-12
5.76221e-06
3.5617e-08
6.68565e-12
3.79742e-05
7.52152e-11
-8.8992e-13
8.0193e-08
1.54668e-09
-2.24406e-13
1.64904e-06
0.00522143
-2.48801e-06
-2.64644
2.09647e-06
3.87418e-09
0.00223522
-0.00042776
-4.57061e-07
-0.45607
-2.29884e-05
-7.30827e-09
-0.0245098
2.1696e-05
2.75064e-08
0.0231318
5.844e-06
9.4518e-09
0.00623077
1.82372e-06
2.28211e-09
0.00194442
0.0153991
-1.89634e-06
-6.65252
-0.00084188
-3.85818e-07
-0.897598
1.5645e-05
5.58944e-09
0.0166805
3.28268e-06
1.3634e-09
0.00349993
6.89162e-06
2.08733e-09
0.00734772
1.90108e-06
4.68226e-10
0.0020269
5.91802e-06
2.08867e-09
0.00630968
1.67205e-07
3.01621e-11
0.000178271
8.6585e-08
1.62561e-11
9.23153e-05
5.06628e-10
-7.82208e-13
5.40158e-07
1.07757e-08
2.023e-12
1.14888e-05
-0.00265034
-2.79006e-06
-2.82574
8.71148e-06
1.1012e-08
0.00928802
2.73507e-05
3.00652e-08
0.0291608
1.15665e-07
1.23752e-10
0.00012332
2.31536e-07
1.24029e-10
0.000246859
1.15992e-08
-7.76629e-12
1.23668e-05
0.00508827
-8.67328e-06
-2.09646
2.49048e-06
1.15482e-08
0.00265531
-5.05887e-05
-1.67508e-07
-0.0539367
-0.000293815
-1.87567e-06
-0.31326
8.07384e-06
1.15427e-07
0.00860818
-1.44261e-05
-7.24145e-08
-0.0153809
-1.77645e-05
-8.8158e-08
-0.0189402
1.46786e-06
1.2653e-08
0.001565
1.18636e-06
4.52574e-09
0.00126487
2.28782e-07
1.06035e-09
0.000243923
1.63732e-07
7.58933e-10
0.000174568
3.83335e-08
1.61311e-10
4.08705e-05
-1.63063e-10
4.91348e-13
-1.73855e-07
5.21842e-09
2.48343e-11
5.56379e-06
-1.40229e-08
-8.14943e-11
-1.4951e-05
4.31125e-05
1.30515e-06
0.0459658
6.94833e-05
2.10004e-06
0.0740819
1.0023e-05
3.02597e-07
0.0106864
-5.63286e-05
-1.78343e-06
-0.0600565
-0.000923147
-1.33313e-07
-0.984242
2.33543e-05
1.14484e-08
0.0248999
1.99743e-05
5.4493e-09
0.0212962
7.94786e-06
3.37233e-09
0.00847387
5.93113e-07
1.11365e-10
0.000632366
9.60184e-07
1.80272e-10
0.00102373
7.39678e-09
-1.08844e-13
7.88631e-06
-1.75205e-10
-1.02117e-12
-1.868e-07
-3.62894e-08
-6.81495e-12
-3.86911e-05
4.16552e-05
5.58665e-08
0.044412
-0.000648854
-6.85561e-07
-0.691796
1.82383e-05
2.56599e-08
0.0194454
9.11737e-06
1.26854e-08
0.00972078
1.0171e-06
1.77063e-09
0.00108442
1.16847e-06
5.90917e-10
0.0012458
4.40142e-08
4.68571e-11
4.69271e-05
1.99442e-07
-1.22402e-11
0.000212642
-1.48797e-09
-1.58354e-12
-1.58645e-06
2.06563e-08
2.19955e-11
2.20234e-05
-0.00310662
-1.31273e-05
-3.31222
-0.000102371
-4.7452e-07
-0.109146
-0.00071082
-3.04984e-06
-0.757864
-0.00011621
-5.53499e-07
-0.123901
-0.00949163
0.000141924
11.8054
1.17208e-05
5.43066e-08
0.0124965
-3.78283e-06
-1.94765e-08
-0.00403319
6.03322e-10
5.6157e-12
6.43251e-07
-4.40146e-08
-2.48629e-10
-4.69276e-05
-4.45333e-08
-3.31082e-10
-4.74806e-05
-6.81294e-05
-2.09791e-06
-0.0726383
2.62994e-05
7.94017e-07
0.0280399
3.41967e-06
5.226e-08
0.00364599
-5.36392e-05
-1.11492e-06
-0.0571891
4.84986e-06
1.46411e-07
0.00517083
-0.000253669
-7.65289e-06
-0.270457
3.80782e-06
1.1492e-07
0.00405983
4.37353e-06
1.05392e-07
0.00466298
7.12037e-07
1.25552e-08
0.000759161
5.18097e-07
1.49728e-08
0.000552385
6.06594e-06
1.75937e-07
0.00646739
4.3993e-08
1.32311e-09
4.69046e-05
3.00669e-07
8.68905e-09
0.000320567
1.25434e-07
2.01922e-09
0.000133735
-1.80295e-09
-4.88583e-11
-1.92227e-06
9.7705e-10
5.40076e-11
1.04171e-06
1.84634e-08
4.77898e-10
1.96853e-05
-1.03105e-07
-3.31736e-09
-0.000109928
-0.000383423
-7.2055e-08
-0.408799
-0.000283385
-2.62873e-08
-0.30214
4.51793e-05
2.53977e-08
0.0481693
1.37346e-05
4.40385e-09
0.0146436
7.28448e-06
1.22076e-09
0.00776658
3.70659e-07
6.95864e-11
0.00039519
9.93697e-09
-5.35958e-12
1.05946e-05
4.23832e-09
1.91444e-13
4.51882e-06
3.67797e-08
6.90518e-12
3.92138e-05
7.89297e-08
2.81982e-11
8.41534e-05
2.05211e-05
2.06908e-08
0.0218792
4.34108e-06
4.63315e-09
0.00462838
1.77515e-05
1.88983e-08
0.0189263
1.63715e-06
9.59394e-10
0.0017455
9.75928e-09
8.65523e-12
1.04052e-05
3.94009e-08
1.17657e-11
4.20086e-05
-5.46193e-06
-2.53088e-08
-0.00582341
3.38534e-05
2.79369e-07
0.0360939
7.82549e-07
3.49239e-09
0.000834339
1.17512e-06
4.86255e-09
0.00125289
6.79216e-08
2.92593e-10
7.24168e-05
4.12392e-07
1.87686e-09
0.000439685
5.44784e-09
2.71058e-11
5.80839e-06
-3.48947e-09
-1.49687e-11
-3.72041e-06
-0.000374986
-1.1307e-05
-0.399803
1.44111e-05
4.35069e-07
0.0153649
-7.299e-05
-1.85632e-06
-0.0778206
3.38434e-05
1.02179e-06
0.0360832
3.18772e-05
9.62374e-07
0.0339869
-2.41696e-05
-7.19946e-07
-0.0257691
-0.000547808
-1.737e-05
-0.584063
3.33778e-05
1.0077e-06
0.0355868
-5.50745e-05
-1.68925e-06
-0.0587194
-0.000360154
-1.08598e-05
-0.38399
2.92652e-06
8.75254e-08
0.0031202
6.78314e-07
2.04797e-08
0.000723206
6.6675e-06
1.99445e-07
0.00710877
8.82362e-09
2.90303e-10
9.40758e-06
-5.10001e-07
-1.60255e-08
-0.000543754
9.4438e-09
2.92377e-10
1.00688e-05
-3.2436e-08
-1.42289e-09
-3.45827e-05
-0.000137734
-4.66083e-08
-0.14685
-0.00104703
-2.01684e-07
-1.11633
2.83857e-06
5.33121e-10
0.00302644
4.1107e-07
1.75536e-10
0.000438275
1.33455e-05
3.68914e-08
0.0142288
-0.0016032
-1.72205e-06
-1.7093
-3.05763e-05
-3.2561e-08
-0.0325999
9.08039e-07
9.66632e-10
0.000968135
1.63878e-07
1.38017e-10
0.000174724
7.90869e-07
6.33468e-10
0.00084321
1.62306e-07
1.54189e-10
0.000173047
5.33786e-10
5.68063e-13
5.69113e-07
8.04883e-08
3.74989e-11
8.58151e-05
-4.17978e-08
-4.45198e-11
-4.4564e-05
6.14265e-06
2.84714e-08
0.00654918
-4.31066e-05
-1.99986e-07
-0.0459595
-1.27917e-06
-5.93559e-09
-0.00136383
1.64858e-06
1.43073e-08
0.00175769
8.47622e-07
3.61713e-09
0.000903719
2.21086e-07
1.02458e-09
0.000235717
5.97246e-08
2.59355e-10
6.36773e-05
1.80957e-08
8.50001e-11
1.92933e-05
4.43129e-08
1.93816e-10
4.72456e-05
-0.00229727
-6.91499e-05
-2.44931
0.000147371
4.44926e-06
0.157124
-8.67944e-05
-2.66655e-06
-0.0925386
0.00015623
4.71697e-06
0.166569
9.71853e-05
2.93661e-06
0.103617
-0.000667695
-2.01423e-05
-0.711884
-0.000149769
-4.51671e-06
-0.159681
-4.84456e-05
-1.48708e-06
-0.0516518
1.14535e-06
2.89694e-08
0.00122115
9.40378e-06
2.73521e-07
0.0100261
7.37803e-07
2.12371e-08
0.000786632
-7.5768e-07
-2.4081e-08
-0.000807825
-2.57832e-09
-6.36197e-11
-2.74896e-06
4.34153e-08
1.29121e-09
4.62886e-05
-6.25028e-07
-1.86606e-08
-0.000666394
2.71436e-05
1.7092e-08
0.02894
1.10447e-05
5.2858e-09
0.0117757
2.3983e-05
8.32619e-09
0.0255702
1.27297e-05
3.69387e-09
0.0135722
7.7804e-06
1.46077e-09
0.00829532
1.13001e-06
2.3023e-10
0.00120479
1.45944e-06
2.74e-10
0.00155602
2.94419e-07
5.52731e-11
0.000313904
0.00288647
-2.12411e-06
-2.41954
-3.96592e-05
-4.22326e-08
-0.0422839
-0.000305018
-3.08434e-07
-0.325204
-5.16036e-05
-3.96479e-08
-0.0550188
0.000275143
-2.21206e-07
0.293353
7.91512e-06
1.39753e-08
0.00843895
7.74077e-07
8.24267e-10
0.000825306
3.52704e-08
3.23815e-11
3.76047e-05
-6.41749e-08
-1.23446e-10
-6.84221e-05
9.42263e-07
-2.86403e-08
0.00100462
5.50859e-06
2.55406e-08
0.00587316
8.09407e-08
3.75165e-10
8.62975e-05
2.32991e-07
-1.1864e-10
0.00024841
3.64488e-07
1.62304e-09
0.000388611
1.15354e-08
1.52437e-11
1.22988e-05
1.65061e-05
2.65689e-07
0.0175985
-3.87148e-06
-1.07256e-07
-0.0041277
9.27984e-06
2.80176e-07
0.009894
4.56987e-06
1.31583e-07
0.00487231
6.15967e-06
1.68481e-07
0.00656733
7.52375e-06
2.22945e-07
0.00802168
4.63261e-07
1.36471e-08
0.000493921
6.0772e-07
1.73898e-08
0.00064794
2.42846e-05
7.87092e-09
0.0258918
0.0110546
-2.24466e-06
-7.34016
-0.000407402
-6.20113e-08
-0.434364
-0.00018465
-2.29056e-08
-0.196871
-0.000240792
-7.28772e-08
-0.256728
-0.000430824
-1.02027e-07
-0.459337
-0.000111704
-1.64679e-08
-0.119096
-0.000322042
-5.94961e-08
-0.343355
-0.000176324
-8.32948e-08
-0.187994
2.96096e-06
8.33422e-10
0.00315693
3.93972e-08
7.39639e-12
4.20046e-05
0.0132148
0.000260339
4.01428
-0.00164455
-1.72855e-06
-1.75339
2.68473e-05
6.19781e-08
0.0286241
3.32491e-05
3.88959e-08
0.0354496
8.16727e-06
8.69549e-09
0.0087078
2.51367e-06
2.81849e-09
0.00268003
3.87053e-08
4.12087e-11
4.12668e-05
-4.17703e-05
6.87781e-08
-0.0445347
-6.30865e-05
-1.76991e-07
-0.0672616
3.74853e-05
2.00886e-07
0.0399662
3.0528e-07
1.26229e-09
0.000325484
-1.11983e-09
-5.20403e-12
-1.19394e-06
4.78573e-08
1.95175e-10
5.10246e-05
-1.39999e-09
-5.37907e-12
-1.49264e-06
-0.000103075
-3.39322e-06
-0.109896
-0.000151707
-4.62225e-06
-0.161748
-0.000486466
-1.36542e-05
-0.518661
3.61369e-06
1.06306e-07
0.00385285
2.91683e-06
7.63142e-08
0.00310987
3.32678e-06
9.86668e-08
0.00354695
1.07562e-06
3.23109e-08
0.00114681
7.51057e-08
2.26698e-09
8.00763e-05
-3.33085e-07
-1.12971e-08
-0.000355129
3.0521e-05
1.25467e-08
0.0325409
0.000416741
2.89853e-07
0.444321
-0.000268952
-5.39489e-08
-0.286751
1.50522e-05
8.05514e-09
0.0160484
9.46612e-07
1.7771e-10
0.00100926
0.00261142
-1.81986e-06
-2.60138
-3.04997e-05
-3.24838e-08
-0.0325182
9.72306e-07
1.13631e-09
0.00103665
2.5286e-07
7.78067e-11
0.000269595
3.90368e-08
4.15555e-11
4.16203e-05
6.19172e-09
6.59063e-12
6.6015e-06
-4.88434e-10
-5.19856e-13
-5.2076e-07
2.69144e-05
1.24695e-07
0.0286956
8.87294e-07
1.8059e-09
0.000946017
-7.41431e-07
-3.50628e-09
-0.0007905
8.32925e-06
2.18762e-07
0.00888049
2.53704e-08
7.50819e-10
2.70495e-05
9.07469e-10
4.18563e-11
9.67526e-07
0.00865647
-1.49025e-07
-8.66487
-5.33005e-05
9.5902e-10
-0.056828
8.98931e-06
1.57073e-09
0.00958424
4.14224e-07
1.26708e-10
0.000441639
4.696e-05
5.49873e-08
0.0500679
-0.000327983
-1.13405e-07
-0.34969
3.59438e-06
4.43145e-09
0.00383227
5.18185e-07
2.50299e-10
0.000552479
1.21124e-07
7.52203e-11
0.00012914
-0.00185223
-6.92676e-06
-1.97481
-1.23e-05
-8.56118e-08
-0.013114
2.54749e-06
1.08962e-08
0.00271609
-4.86601e-06
-2.41339e-08
-0.00518806
1.59994e-06
7.41406e-09
0.00170582
1.73882e-06
3.47031e-09
0.00185389
-4.86659e-07
-2.42009e-09
-0.000518867
-1.76898e-07
-8.37793e-10
-0.000188605
1.33662e-05
4.03532e-07
0.0142508
3.3563e-07
1.02206e-08
0.000357842
-4.2013e-09
-7.90327e-13
-4.47935e-06
3.83611e-05
4.92912e-08
0.0408999
-3.46459e-05
-6.33405e-08
-0.0369389
-1.7981e-05
-8.9769e-09
-0.019171
1.71317e-06
2.5585e-09
0.00182655
1.09768e-05
1.16851e-08
0.0117033
-0.000741118
-3.48293e-06
-0.790166
-0.000193014
-1.65496e-06
-0.205788
-0.000120241
-3.43708e-07
-0.128199
-9.30423e-07
-4.3233e-09
-0.000992
-0.000391204
-7.54889e-06
-0.417095
4.56298e-06
2.11495e-08
0.00486496
6.23186e-06
2.39275e-08
0.0066443
9.93085e-07
3.67704e-09
0.00105881
-0.000435135
-1.201e-05
-0.463933
4.9099e-06
1.42207e-07
0.00523484
8.76738e-06
2.63423e-07
0.00934762
4.39052e-06
1.29363e-07
0.00468109
-0.000338523
-6.82098e-08
-0.360927
-0.000319672
-1.07523e-07
-0.340828
1.0326e-06
4.68804e-09
0.00110094
1.27961e-05
7.74844e-09
0.013643
1.37388e-05
1.46243e-08
0.014648
2.41478e-06
2.57054e-09
0.0025746
-0.000206006
-9.5513e-07
-0.21964
6.6883e-06
1.58897e-07
0.00713094
1.82955e-06
8.47748e-09
0.00195064
-0.000106473
-3.21037e-06
-0.113519
-0.000923954
-1.73727e-07
-0.985102
-1.08403e-05
-1.15479e-08
-0.0115577
1.82608e-06
1.94393e-09
0.00194693
-5.92271e-07
-2.77748e-09
-0.000631469
5.60297e-07
7.32425e-09
0.000597379
8.54817e-07
3.95413e-09
0.00091139
-0.000169849
-7.20107e-08
-0.18109
4.25633e-08
1.84138e-11
4.53802e-05
5.57017e-05
5.18378e-07
0.0593881
1.16007e-07
1.23508e-10
0.000123684
