0
0
0
0
0
0
0
-2.05184e-10
0
0
0
0
0
0
0
0
0
0
0
-1.86424e-11
0
0
0
0
0
0
0
0
0
0
0
-4.31762e-11
0
0
0
0
0
0
0
0
0
0
0
-2.6361e-09
0
0
0
0
0
0
0
0
0
0
0
-1.02346e-10
0
0
0
0
0
0
0
0
0
0
0
-1.27608e-09
0
0
0
0
0
0
0
0
0
0
0
-1.17394e-10
0
0
0
0
0
0
0
0
0
0
0
-1.80665e-11
0
0
0
0
0
0
0
0
0
0
0
-1.88849e-12
0
0
0
0
0
0
0
0
0
0
0
-1.03e-10
0
0
0
0
0
0
0
0
0
0
0
-2.60672e-12
0
0
0
0
0
0
0
0
0
0
0
-2.96714e-11
0
0
0
0
0
0
0
0
0
0
0
-2.04894e-09
0
0
0
0
0
0
0
0
0
0
0
-2.62918e-12
0
0
0
0
0
0
0
0
0
0
0
-2.72491e-10
0
0
0
0
0
0
0
0
0
0
0
-1.01628e-10
0
0
0
0
0
0
0
0
0
0
0
-4.57897e-11
0
0
0
0
0
0
0
0
0
0
0
-1.31364e-09
0
0
0
0
0
0
0
0
0
0
0
-2.95446e-15
0
0
0
0
0
0
0
0
0
0
0
-1.47723e-09
0
0
0
0
0
-8.24156e-11
0
0
0
0
0
0
0
0
0
0
0
-1.55877e-11
0
0
0
0
0
0
0
0
0
0
0
-1.54429e-09
0
0
0
0
0
0
0
0
0
0
0
-3.05673e-10
0
0
0
0
0
0
0
0
0
0
0
-1.34192e-12
0
0
0
0
0
0
0
0
0
0
0
-4.26609e-11
0
0
0
0
0
0
0
0
0
0
0
-2.43891e-12
0
0
0
0
0
0
0
0
0
0
0
-8.54212e-11
0
0
0
0
0
0
0
0
0
0
0
-8.95938e-11
0
0
0
0
0
0
0
0
0
0
0
-1.48138e-09
0
0
0
0
0
0
0
0
0
0
0
-1.28985e-09
0
0
0
0
0
0
0
0
0
0
0
-1.94503e-10
0
0
0
0
0
0
0
0
0
0
0
-4.39922e-11
0
0
0
0
0
0
0
0
0
0
0
-5.37804e-11
0
0
0
0
0
0
0
0
0
0
0
-5.62825e-13
0
0
0
0
0
0
0
0
0
0
0
-5.86422e-11
0
0
0
0
0
0
0
0
0
0
0
-2.56589e-09
0
0
0
0
0
0
0
0
0
0
0
-1.69812e-10
0
0
0
0
0
0
0
0
0
0
0
-2.41409e-12
0
0
0
0
0
0
0
0
0
0
0
-7.84232e-11
0
0
0
0
0
0
0
0
0
0
