0
0
0
4.61675e-06
-4.61675e-06
7.50219e-08
4.61675e-06
0
-4.61675e-06
0
0
-2.04728e-10
0
0
0
3.85775e-07
-3.85775e-07
6.23722e-09
3.85775e-07
0
-3.85775e-07
0
0
-1.86388e-11
0
0
0
5.71739e-07
-5.71739e-07
9.05564e-09
5.71739e-07
0
-5.71738e-07
0
0
-4.31635e-11
0
0
0
2.39614e-05
-2.39614e-05
3.75239e-07
2.39614e-05
0
-2.39613e-05
0
0
-2.6037e-09
0
0
0
1.15462e-06
-1.15462e-06
1.81879e-08
1.15462e-06
0
-1.15462e-06
0
0
-1.02287e-10
0
0
0
1.59837e-05
-1.59837e-05
2.52725e-07
1.59837e-05
0
-1.59837e-05
0
0
-1.2659e-09
0
0
0
1.6544e-06
-1.6544e-06
2.62664e-08
1.6544e-06
0
-1.6544e-06
0
0
-1.17297e-10
0
0
0
3.66878e-07
-3.66878e-07
5.92542e-09
3.66878e-07
0
-3.66878e-07
0
0
-1.80632e-11
0
0
0
7.57016e-08
-7.57016e-08
1.28884e-09
7.57016e-08
0
-7.57016e-08
0
0
-1.88843e-12
0
0
0
3.59075e-06
-3.59075e-06
6.03127e-08
3.59075e-06
0
-3.59075e-06
0
0
-1.02832e-10
0
0
0
9.33616e-08
-9.33616e-08
1.57187e-09
9.33616e-08
0
-9.33616e-08
0
0
-2.60661e-12
0
0
0
4.83446e-07
-4.83446e-07
7.72235e-09
4.83446e-07
0
-4.83445e-07
0
0
-2.96644e-11
0
0
0
2.51435e-05
-2.51435e-05
3.97323e-07
2.51435e-05
0
-2.51435e-05
0
0
-2.02449e-09
0
0
0
7.15849e-08
-7.15849e-08
1.17805e-09
7.15849e-08
0
-7.15849e-08
0
0
-2.62908e-12
0
0
0
4.73757e-06
-4.73757e-06
7.59127e-08
4.73757e-06
0
-4.73757e-06
0
0
-2.71828e-10
0
0
0
1.73028e-06
-1.73028e-06
2.76955e-08
1.73028e-06
0
-1.73027e-06
0
0
-1.01538e-10
0
0
0
6.57729e-07
-6.57729e-07
1.04502e-08
6.57729e-07
0
-6.57729e-07
0
0
-4.57741e-11
0
0
0
1.42767e-05
-1.42767e-05
2.24676e-07
1.42767e-05
0
-1.42767e-05
0
0
-1.30394e-09
0
0
0
1.70768e-10
-1.70768e-10
3.0412e-12
1.70768e-10
0
-1.70768e-10
0
0
-2.95446e-15
0
0
0
1.38752e-05
-1.38752e-05
2.17442e-07
1.38752e-05
0
-1.38752e-05
0
0
-1.46736e-09
0
0
0
0
0
0
0
0
0
-8.24156e-11
0
0
0
0
0
0
0
0
0
0
0
-1.55877e-11
0
0
0
0
0
0
0
0
0
0
0
-1.54429e-09
0
0
0
0
0
0
0
0
0
0
0
-3.05673e-10
0
0
0
0
0
0
0
0
0
0
0
-1.34192e-12
0
0
0
0
0
0
0
0
0
0
0
-4.26609e-11
0
0
0
0
0
0
0
0
0
0
0
-2.43891e-12
0
0
0
0
0
0
0
0
0
0
0
-8.54212e-11
0
0
0
0
0
0
0
0
0
0
0
-8.95938e-11
0
0
0
0
0
0
0
0
0
0
0
-1.48138e-09
0
0
0
0
0
0
0
0
0
0
0
-1.28985e-09
0
0
0
0
0
0
0
0
0
0
0
-1.94503e-10
0
0
0
0
0
0
0
0
0
0
0
-4.39922e-11
0
0
0
0
0
0
0
0
0
0
0
-5.37804e-11
0
0
0
0
0
0
0
0
0
0
0
-5.62825e-13
0
0
0
0
0
0
0
0
0
0
0
-5.86422e-11
0
0
0
0
0
0
0
0
0
0
0
-2.56589e-09
0
0
0
0
0
0
0
0
0
0
0
-1.69812e-10
0
0
0
0
0
0
0
0
0
0
0
-2.41409e-12
0
0
0
0
0
0
0
0
0
0
0
-7.84232e-11
0
0
