-2.33748e-33
-3.34427e+06
-0.00233677
6.12911e-53
-11.7985
0
-2.90359e-52
24.3044
0
-2.59262e-54
0.212043
0
1.62941e-56
-0.0547088
0
5.1849e-54
-0.594281
0
1.47611e-52
-14.0355
0
9.01153e-52
-76.4179
0
7.66076e-51
-1265.73
0
5.61775e-50
-7082.51
0
3.83105e-51
-6931.37
0
1.33626e-50
-12564.5
0
3.54606e-49
-67431
0
1.15938e-53
-2.26814
0
-3.81429e-53
5.52924
0
1.77398e-53
-2.85382
0
1.03824e-56
-0.0160241
0
2.07456e-49
-8001.25
0
-1.02921e-48
39171.6
0
-4.79864e-49
16606.5
0
-3.84458e-49
39159
0
8.93153e-51
-776.079
0
-1.54214e-52
21.1845
0
5.39501e-50
-2415.33
0
3.75331e-48
-130681
0
1.80136e-35
9856.72
0
1.4417e-42
-48154.9
0
1.47103e-50
762.493
0
-2.7081e-53
-4.6477
0
9.27644e-53
7.67954
0
-2.84777e-55
-0.0530329
0
-4.70781e-53
-5.3201
0
-5.27983e-53
-21.5155
0
-6.97321e-49
-26308.2
0
-5.59109e-47
-1.40102e+06
0
-1.15497e-47
-428393
0
4.79664e-53
4.49225
0
-1.42119e-52
-44.6884
0
7.64745e-53
11.0362
0
3.51642e-51
296.765
0
-7.37793e-49
-28596.5
0
-1.30551e-48
-131789
0
1.65975e-52
27.8225
0
6.86355e-51
278.976
0
-7.0826e-49
-29023.2
0
2.05745e-46
16265.3
0
-6.1649e-54
2.15781
0
7.7877e-54
-1.65893
0
1.64651e-53
-3.49307
0
9.71133e-50
-19821
0
1.08083e-48
-182128
0
3.71429e-50
-15808.8
0
1.17481e-49
-67877.9
0
-4.41906e-51
2090.87
0
2.82255e-52
-190.404
0
7.57396e-52
-144.556
0
1.31747e-53
-4.16487
0
1.88361e-50
-1905.9
0
-3.72013e-49
30041.8
0
2.25159e-49
-17181.5
0
1.44283e-49
-11241
0
6.4727e-51
-573.405
0
1.0948e-48
-85224.1
0
1.19845e-35
3618.36
0
5.86395e-29
7495.34
-1.07654e-05
3.97862e-52
31.885
0
-5.01939e-55
-0.15947
0
-2.4009e-55
-0.0881069
0
-1.5726e-54
-0.624741
0
-3.03071e-56
-0.0611292
0
-8.04399e-53
-14.5475
0
-4.72351e-50
-7834.74
0
-1.47361e-48
-381553
0
-2.21124e-50
-18889.9
0
-1.72376e-50
-7658.74
0
1.25472e-50
4125.78
0
-1.52028e-50
-6704.93
0
-8.35964e-50
-6821.73
0
4.00993e-49
30690
0
-1.76933e-50
-1426.26
0
1.53296e-51
149.411
0
-3.6653e-50
-3229.66
0
4.485e-49
33315.3
0
4.44304e-32
-534845
0
-3.83475e-45
19034.1
0
-4.56573e-50
1306.23
0
6.15362e-51
-268.469
0
-5.5409e-52
16.8802
0
-2.02352e-53
1.03142
0
1.02822e-54
-0.0907843
0
4.31353e-51
-187.372
0
9.89257e-49
-38515.4
0
-2.8148e-48
59511.3
0
-7.69502e-49
16480.3
0
4.30044e-49
-10936
0
6.44064e-51
-171.662
0
-1.40309e-50
343.928
0
7.91361e-50
-3622.39
0
3.68933e-49
-12485.6
0
-1.14959e-49
7180.25
0
1.1799e-47
-260990
-0.000212695
4.04575e-51
-65.5185
0
4.13253e-53
-1.44214
0
2.46108e-50
-5378.85
0
-1.2387e-50
2026.34
0
2.65869e-47
7717.39
0
1.75044e-51
-142.44
0
1.43226e-50
-697.683
0
5.8628e-54
-0.863987
0
4.92614e-54
-0.165718
0
4.13335e-54
-0.182788
0
5.04062e-53
-7.43368
0
-6.53554e-51
1716.36
0
-8.82906e-49
51755.5
0
-7.75864e-49
24676.5
0
-2.79517e-46
-1.74123e+06
0
-7.44302e-49
26145.9
0
2.91678e-49
-13025.4
0
2.46763e-48
-105540
0
5.37172e-51
-316.105
0
-2.62131e-49
-20419.2
0
-1.35117e-48
-66551.4
0
1.98237e-48
-159352
0
9.09765e-50
-2870.85
0
-8.02451e-51
259.728
0
-5.65543e-52
-101.048
0
-4.89814e-53
11.0718
0
-4.91079e-54
-0.420346
0
1.73679e-54
-0.154532
0
-1.31862e-51
-75.3219
0
-3.18888e-49
-20276.6
0
8.58303e-50
37185
0
2.53865e-48
-140487
0
1.13827e-49
-17511
0
1.45293e-49
-35455.4
0
-1.92904e-52
82.3528
0
-9.7527e-50
-5906.74
0
-2.08827e-48
-57925
0
3.21367e-50
-14109.5
0
4.84436e-50
-4026.75
0
5.11379e-51
-496.328
0
1.97626e-50
-1239.34
0
1.20868e-34
-396582
0
-7.176e-51
-246.99
0
-2.15367e-52
-8.64183
0
2.44616e-55
-0.240007
0
-4.17757e-55
-0.0971448
0
-1.28668e-54
-0.155598
0
2.22329e-56
0.304282
0
-3.24233e-53
-26.2418
0
3.38838e-51
553.778
0
3.02008e-51
410.511
0
-2.15248e-50
-3327.43
0
1.2252e-49
-29410.7
0
2.40086e-49
-32348.4
0
3.31166e-51
-1263.33
0
7.84402e-52
59.6491
0
-8.66122e-53
11.3323
0
1.8073e-52
260.331
0
-1.10107e-52
-28.0499
0
-1.86007e-38
-6.53946
0
4.62512e-46
-8750.33
0
3.89389e-50
1781.43
0
-2.7815e-50
-1926.84
0
-2.34354e-52
-4.73584
0
-3.17252e-53
-4.18974
0
3.30049e-51
1021.15
0
-1.07144e-46
-766105
0
-1.3912e-44
-7.5984e+06
0
-3.32394e-47
-148379
0
-1.15461e-48
-18149.4
0
-1.48731e-48
-28197.5
0
-1.24812e-51
-33.8417
0
5.5976e-53
64.1955
0
4.51765e-29
532166
-6.05512e-05
2.80038e-40
-219147
0
-3.3544e-51
173.803
0
4.74284e-54
-0.814264
0
2.36249e-54
-0.200405
0
2.18992e-52
-24.7684
0
9.49894e-52
-386.652
0
1.26666e-50
-2322.26
0
3.74052e-49
-14257.1
0
6.74794e-49
-25478.5
0
6.11465e-48
-358302
0
-6.38279e-49
45591
0
1.81447e-48
-172491
0
1.47335e-52
-13.7911
0
4.89509e-53
-9.80843
0
1.76317e-53
-5.54633
0
1.06771e-53
-2.91499
0
7.73582e-54
-1.16874
0
-4.21689e-51
356.055
0
-2.94728e-48
107948
0
5.79598e-48
-155500
0
-7.33541e-51
1373.49
0
4.73594e-50
-3917.3
0
8.3001e-53
-32.903
0
1.09113e-52
-18.2962
0
-4.01435e-50
1714.2
0
1.35541e-46
-868257
-0.000492592
1.19314e-48
-49040.9
0
2.87798e-34
-3.22943e+06
0
6.42526e-47
15821.2
0
-1.18612e-52
-22.826
0
7.11242e-52
59.5156
0
-2.72981e-55
-0.0223792
0
8.63245e-54
1.30913
0
-7.13808e-55
-0.0672223
0
-1.53226e-53
-17.2893
0
-5.11293e-49
-19411.2
0
4.00727e-49
14734.4
0
-4.63261e-45
-3.09791e+06
0
-5.77434e-48
-283423
0
-4.01228e-47
-700868
0
4.05518e-51
356.358
0
-8.79189e-53
-17.1937
0
-1.16346e-52
-18.7103
0
-6.5493e-55
-1.0104
0
-2.05754e-49
-7931.65
0
-3.2162e-51
-139.446
0
-2.73881e-50
-2379.08
0
1.26037e-51
173.08
0
-7.16294e-50
-3205.02
0
1.33166e-49
3206.71
0
6.57686e-29
38531.2
-9.24144e-07
-1.46425e-40
231688
0
-3.00897e-50
2609.38
0
3.78487e-52
-30.8957
0
-3.61505e-52
29.9948
0
2.54234e-54
-1.43002
0
1.27392e-53
-5.06301
0
1.29128e-54
-2.60647
0
1.47284e-52
-24.3581
0
1.35683e-50
-14047.3
0
1.87568e-49
-30895.3
0
1.9275e-48
-539061
0
-3.04165e-52
173.685
0
1.57691e-52
-107.547
0
2.05824e-51
-917.569
0
1.91139e-50
-6351.12
0
2.11319e-51
-933.121
0
2.2312e-52
-53.7416
0
-1.09551e-48
87778.8
0
3.08533e-48
-182456
0
3.72972e-50
-3019.04
0
-2.06583e-51
201.574
0
7.82654e-50
-6736.67
0
2.33909e-32
-241761
0
1.0813e-45
24719.7
0
-1.47342e-51
-151.915
0
1.07792e-51
90.8202
0
1.67369e-52
15.0602
0
-4.20587e-54
-0.876042
0
-1.22152e-53
-2.72625
0
-6.85212e-52
-118.73
0
-2.96286e-50
-6065.89
0
-1.06191e-48
-181064
0
-2.76945e-50
-9849.69
0
-4.01808e-51
-2709.19
0
-3.15486e-51
-1552.1
0
-7.59291e-51
-2163.41
0
-5.75853e-52
-171.318
0
2.9236e-51
485.633
0
-1.14895e-49
-9634.98
0
-5.11114e-48
-203402
0
2.46938e-49
20049.1
0
-4.43536e-50
-3399.93
0
-5.32634e-51
-433.829
0
1.61031e-49
6620.28
0
1.66984e-36
-74868.6
0
-8.66897e-50
7694.6
0
-5.00886e-52
17.541
0
2.48618e-53
-1.02232
0
3.1235e-54
-0.0792698
0
-3.42077e-53
1.65422
0
-3.38513e-51
180.424
0
3.82234e-49
-21886.6
0
-4.00071e-48
54957.9
0
8.47566e-46
-1.93785e+06
0
1.28606e-47
-310411
0
3.02223e-49
-22488.3
0
1.77712e-48
-83515.3
0
2.07717e-47
-457323
0
4.59261e-51
-176.691
0
3.49474e-50
-2045.83
0
5.00885e-31
-678061
0
-8.82327e-44
14945.7
0
-2.31314e-50
1737.97
0
8.43248e-52
-65.4086
0
-4.83126e-52
22.9659
0
3.26352e-54
-0.719019
0
1.81142e-54
-0.376162
0
4.17434e-54
-0.142641
0
3.38874e-54
-0.0958846
0
-1.29414e-53
4.63665
0
6.58569e-52
-131.249
0
-1.06523e-50
1512.01
0
-1.36147e-49
11418.8
0
-1.02815e-48
44421.3
0
3.4404e-41
-3.61006e+07
-0.0297743
1.3739e-47
-295504
0
-2.10172e-49
9183.83
0
4.04716e-51
-4973.1
0
6.7705e-49
-32569.3
0
7.6796e-50
-3168.19
0
4.93468e-51
-650.964
0
2.45038e-51
-173.121
0
-9.76307e-53
241.208
0
2.4173e-50
-6332.32
0
5.59552e-49
-14418.2
0
5.83015e-52
-24.8399
0
2.84603e-50
-917.338
0
-1.73837e-51
-135.49
0
-1.79645e-51
-499.39
0
-1.20519e-52
-14.6637
0
1.7453e-52
14.8985
0
2.67787e-54
-0.156662
0
7.3304e-51
541.228
0
2.35902e-50
1370.42
0
2.52521e-49
52702.7
0
-1.2722e-49
-13984.1
0
-1.14964e-49
16900.5
0
1.23592e-50
-3470.95
0
2.65245e-52
-127.753
0
-1.36175e-53
-122.641
0
-2.18811e-49
-100973
0
2.02782e-50
-3549.17
0
5.74564e-52
-38.4989
0
5.71332e-52
-28.6303
0
-4.45107e-30
-45870.5
4.61089e-07
1.36893e-49
6089.26
0
-3.18349e-51
-127.421
0
2.33574e-55
-0.192126
0
-1.33635e-54
-0.616422
0
-2.07147e-50
-3776.38
0
2.10183e-49
7959.47
0
7.46828e-45
-1.42988e+07
0
-7.55583e-50
-20355
0
-4.61903e-49
-41197.7
0
-1.15669e-48
-90023
0
-3.19067e-51
-437.647
0
1.64338e-51
180.915
0
6.35851e-54
-43.6033
0
-5.04448e-49
-13825.6
0
-5.76272e-53
-16.4799
0
-8.87662e-51
-1296.71
0
5.74003e-52
-25.5503
0
5.54047e-39
70182.2
0
-7.60143e-50
-7962.6
0
-3.93069e-51
-73.8599
0
-9.60114e-55
-0.143575
0
-1.74527e-53
-0.283606
0
-5.83534e-54
-0.106804
0
-4.76774e-53
-3.1122
0
4.72398e-52
79.8575
0
2.15039e-51
566.809
0
-1.73176e-47
-229546
0
-6.71346e-46
-2.18973e+06
0
-9.39715e-49
-14829.1
0
-7.17022e-49
-17255.8
0
-5.49404e-49
-13857.5
0
-6.82882e-51
-125.714
0
1.01764e-50
180.208
0
-2.46667e-51
-194.36
0
-5.81467e-52
-250.479
0
4.37068e-50
2997.87
0
2.72577e-50
540.497
0
-3.22175e-38
-9.99176
0
7.27318e-33
3586.09
-2.03801e-07
7.00257e-49
3793.78
0
9.95959e-50
-8320.17
0
-5.28049e-52
585.739
0
3.50223e-52
-110.976
0
4.84415e-53
-13.5575
0
5.36365e-55
-0.155654
0
1.50912e-53
-1.16944
0
1.97563e-51
-164.27
0
2.2541e-47
-794745
0
1.88683e-45
-5.34478e+06
0
-3.05423e-50
2275.83
0
1.30595e-48
-62533.9
0
6.4365e-50
-4907.82
0
-1.00072e-51
76.4325
0
2.27968e-51
-176.624
0
1.37027e-50
-4472.88
0
2.84473e-50
-2328.81
0
2.8826e-52
-26.7782
0
4.36889e-52
-33.245
0
-2.68344e-51
211.185
0
5.51327e-51
555.664
0
-2.62258e-49
-24681.3
0
-5.93238e-49
-48227.9
0
1.5951e-51
1194.03
0
-1.72722e-56
-0.0228403
0
-9.99965e-56
-0.00756852
0
-1.9774e-54
-0.20302
0
-2.60469e-52
-36.5506
0
-1.36262e-47
-558267
0
-2.77474e-49
-20984.9
0
-2.9496e-47
-468148
-0.00116725
-5.57593e-49
-36240.6
0
-3.65712e-51
-278.566
0
7.92684e-52
60.308
0
-6.25982e-52
-47.789
0
5.82308e-50
4397.45
0
-3.87333e-52
-62.3858
0
-3.76291e-52
-28.717
0
2.7906e-51
213.687
0
1.04898e-29
13675.5
-2.25207e-07
4.7534e-40
-649.172
0
2.45064e-49
-14092.8
0
2.81996e-49
-4826.06
0
1.28816e-50
-542.79
0
1.93542e-51
-90.7044
0
4.19959e-55
-0.0239509
0
4.39157e-54
-0.276611
0
-1.09908e-53
0.619198
0
8.5769e-51
-446.365
0
-2.49433e-50
13793.5
0
1.12688e-47
-814990
0
2.14248e-49
-129089
0
1.916e-50
-9552.41
0
4.61307e-50
-27610.3
0
9.61828e-50
-36488.2
0
4.21879e-50
-1067.11
0
-5.75124e-52
28.8249
0
6.91664e-51
-295.15
0
-2.1135e-49
4648.67
0
2.72854e-52
-126.619
0
5.59491e-51
-275.113
0
-2.26048e-51
114.393
0
2.75204e-51
-66.8296
0
-5.34256e-42
1075.94
0
-2.76202e-50
-2075.92
0
-2.25675e-49
-22504.7
0
4.6859e-51
-1092.27
0
4.38433e-51
-812.846
0
2.65532e-54
-0.746295
0
-3.53288e-52
-40.5874
0
6.83132e-51
2385.28
0
-1.20751e-49
-50247.3
0
8.90079e-51
-32546.2
0
-5.46919e-51
2636.95
0
1.11065e-52
-617.153
0
1.23362e-50
-1073.11
0
1.03806e-50
-344.435
0
1.70452e-52
-15.4302
0
-4.9826e-51
605.99
0
3.94643e-52
-30.0435
0
3.68117e-53
-5.86749
0
1.4276e-52
-12.8437
0
1.98635e-52
-39.6887
0
-4.73173e-38
-15.7976
0
2.00584e-36
1515.84
0
3.12317e-50
-3414.52
0
-1.53865e-50
-632.65
0
1.49138e-55
-0.0511918
0
1.8124e-53
-2.62742
0
2.33786e-54
-6.70067
0
-2.79719e-51
211.337
0
3.59867e-50
-13098
0
7.04919e-49
-56252.8
0
3.30679e-51
-851.57
0
1.44186e-49
-4980.98
0
8.84371e-51
-398.292
0
5.26074e-51
-176.052
0
-9.09196e-52
-109.626
0
1.50334e-50
-1456.13
0
1.00405e-51
132.007
0
-1.44767e-50
-861.85
0
-2.41567e-53
-1.92338
0
-7.06356e-31
-4033.97
6.12774e-07
-1.04832e-50
272.163
0
7.4394e-50
-1361.74
0
5.34117e-52
-203.852
0
1.25993e-53
-9.95199
0
6.54687e-56
-0.0252447
0
9.82425e-55
-0.0327083
0
9.87558e-50
-2158.49
0
1.58789e-49
-6762.71
0
2.75589e-49
-11893.9
0
2.18897e-51
-630.333
0
8.7679e-52
-141.433
0
6.6816e-53
-36.8446
0
1.19834e-51
-186.835
0
1.94976e-50
-645.439
0
2.2699e-51
-75.105
0
1.37721e-52
-6.48952
0
-3.51269e-52
16.7673
0
-1.90876e-53
1.77147
0
-8.29471e-45
11341
0
-1.80497e-53
4.24961
0
-2.49554e-56
0.00378741
0
8.65252e-55
-0.0815178
0
2.22907e-51
-175.733
0
7.46015e-52
-841.812
0
2.69474e-50
-4479.69
0
4.88152e-49
-18542.3
0
-2.99e-49
11015.6
0
8.00756e-41
-8.62229e+07
-0.0145175
-2.19121e-49
14598.2
0
-2.25854e-48
110881
0
-2.14499e-51
188.556
0
7.55378e-54
-2.8963
0
1.9629e-54
-0.324882
0
5.76243e-53
-9.15309
0
-2.21056e-49
7646.48
0
2.38021e-50
-2034.77
0
-1.20237e-53
1.34424
0
-2.87892e-48
110568
0
3.11505e-49
-13660.3
0
1.39097e-29
199922
-2.07239e-06
-1.09161e-53
-6.19281
0
4.59006e-54
2.8473
0
-1.85451e-57
-0.00613962
0
-1.53466e-53
-1.3397
0
-1.79865e-52
-15.2362
0
-1.30654e-51
-215.615
0
-3.57939e-49
-13633.3
0
-3.83989e-47
-1.27023e+06
0
-3.37525e-48
-626166
0
-9.09136e-48
-1.0721e+06
0
-5.4352e-52
-273.678
0
-4.51113e-53
-6.81316
0
-4.22538e-54
-0.58883
0
-5.85867e-50
-2252.21
0
-4.04891e-49
-15981.6
0
3.06426e-48
112304
0
-6.92374e-48
-178213
0
-1.4998e-51
-594.317
0
-3.18117e-49
-13101.7
0
-5.5876e-47
-714016
0
2.55394e-35
14833.9
0
2.44032e-32
-1.87581e+06
0
1.01293e-51
-104.476
0
2.06014e-53
-1.77916
0
-1.16962e-52
10.5269
0
3.89282e-54
-0.811306
0
1.54883e-54
-0.568832
0
1.00219e-53
-1.96592
0
6.23711e-53
-13.9258
0
3.55296e-49
-350415
0
-3.55072e-50
12910.4
0
1.21164e-52
-69.393
0
3.30545e-53
-82.357
0
2.56437e-52
-196.481
0
1.14268e-51
-363.106
0
9.69862e-53
-28.8638
0
-8.90114e-52
147.907
0
9.7519e-50
-7969.28
0
3.19631e-49
-23209.6
0
-5.27903e-49
39835.6
0
3.67958e-50
-2863.99
0
-1.15287e-50
1061.51
0
-3.47815e-49
25910.5
0
-2.39479e-49
9775.93
0
1.23821e-36
-59383.4
0
8.05868e-52
92.1724
0
5.02128e-52
41.67
0
-2.98871e-55
-0.167987
0
-2.23384e-53
-3.69066
0
-9.0812e-52
-941.176
0
5.48746e-51
3127.04
0
-2.51665e-51
-1715.59
0
-2.72951e-49
-97320.4
0
-4.06635e-51
-943.154
0
-8.71214e-53
-27.5305
0
-1.58717e-52
-14.1556
0
-3.02603e-49
-25304.5
0
-1.46398e-49
-11403
0
-3.08202e-51
-342.853
0
-7.17774e-50
-5754.35
0
-1.51699e-48
-114941
0
2.15293e-36
651.562
0
8.62138e-51
-277.715
0
1.34119e-51
-44.1152
0
3.67002e-53
-1.69792
0
4.17078e-54
-0.109613
0
8.63425e-54
-0.329805
0
-1.21982e-50
619.419
0
-6.39284e-50
2830.54
0
-5.16584e-49
15653.1
0
8.83372e-43
-3.09068e+07
0
2.21423e-47
-325139
0
1.19857e-48
-28316.8
0
1.70713e-49
-5694.11
0
5.12819e-48
-109052
0
-2.77137e-50
7227.57
0
-2.44357e-29
-12674.6
8.90957e-06
1.01041e-34
-62698.2
0
7.51424e-53
-6.37625
0
-8.06211e-53
10.0739
0
7.88672e-54
-0.185681
0
2.91568e-54
-0.176583
0
4.63571e-52
-74.4326
0
-1.68648e-51
485.287
0
1.67835e-49
-11230.2
0
1.24445e-48
-51582.9
0
8.63839e-52
-44.9241
0
-6.11574e-47
-1.61661e+06
-0.00133871
-7.28541e-51
1546.28
0
2.26158e-49
-6300.39
0
5.10857e-51
-183.011
0
5.33471e-51
-131.759
0
1.59698e-50
-896.054
0
3.7288e-32
-817758
0
1.44907e-49
7465.46
0
-3.87631e-51
-328.414
0
4.62804e-52
-39.3199
0
-4.09619e-54
-0.219481
0
2.54797e-54
-0.0985797
0
2.85802e-50
1941.46
0
8.27307e-50
8296.04
0
-2.50951e-46
-1.95861e+06
0
3.07395e-50
-7766.03
0
4.09008e-49
-80290.1
0
1.14089e-49
-17801.9
0
-8.98199e-53
253.346
0
-3.79121e-50
-2252.58
0
8.76421e-52
835.435
0
3.52056e-52
-16.7924
0
1.25769e-48
11282.3
0
4.82465e-50
1502.39
0
-1.87187e-50
-915.708
0
-3.93299e-56
0.513332
0
-4.41503e-54
-0.268484
0
3.95049e-51
1725.78
0
-7.31723e-53
-580.291
0
2.94473e-49
33504.8
0
-1.07116e-47
-380031
0
-2.90331e-46
-1.81211e+06
0
-1.43267e-49
-13080.5
0
-1.20839e-51
-99.789
0
-4.94611e-51
-2765.02
0
1.01806e-52
-13.3105
0
1.07964e-51
-851.561
0
-1.02624e-49
-6484.36
0
-1.77411e-52
-38.9066
0
4.93296e-51
523.319
0
-1.93397e-51
-727.007
0
-6.01274e-52
-189.866
0
-9.75258e-33
-28547.9
3.00373e-08
3.08571e-52
102.326
0
-5.73373e-53
-3.82685
0
-9.78459e-54
-0.150492
0
-6.28688e-54
-0.111725
0
-3.00898e-53
-4.76661
0
3.25066e-50
501.232
0
-1.60656e-47
-176240
0
-2.53026e-49
-4709.68
0
-1.12154e-50
-227.669
0
5.00852e-50
2930.88
0
5.31823e-51
1402.57
0
-9.35775e-52
-17.1789
0
2.67566e-49
-25248.6
0
6.87938e-49
-56176.5
0
-8.46188e-52
634.841
0
9.48993e-56
-0.151547
0
7.27103e-53
-30.4309
0
1.63899e-54
-0.346897
0
7.08715e-56
-0.0937521
0
2.61061e-55
-0.0198186
0
1.08567e-54
-0.111575
0
2.93297e-48
-142400
0
8.45525e-50
-10709
0
5.72228e-49
-41021
0
1.67146e-49
-12721.2
0
-8.02047e-52
61.0129
0
1.69732e-50
-1295.32
0
-4.58844e-50
3508.53
0
8.81805e-52
-142.862
0
1.47171e-50
-1183.65
0
7.66451e-44
8930.58
0
3.75821e-50
3273.92
0
-3.19481e-52
-89.373
0
-2.90112e-54
-0.841361
0
-1.71443e-54
-0.132732
0
-1.46145e-53
-1.1304
0
-3.08615e-54
-0.260323
0
-6.59326e-53
-7.89771
0
-2.34689e-51
-203.437
0
1.7773e-49
16697.1
0
-1.072e-46
-1.4099e+06
0
-5.5429e-47
-1.028e+06
0
-1.17387e-49
-9029.96
0
-4.04557e-49
-30130.1
0
-5.90536e-49
-27500.2
0
-4.26954e-49
-31338.8
0
-1.92434e-50
-1465.44
0
-6.97337e-52
-53.1476
0
-1.16606e-51
-89.2153
0
-6.76898e-52
-52.1278
0
-1.41755e-50
-2400.27
0
-2.02031e-51
-178.506
0
1.21404e-51
92.9739
0
1.06113e-51
82.8535
0
-7.08006e-52
-32.3525
0
-2.60606e-35
5958.71
0
2.40188e-44
6354.84
0
1.18111e-47
-273531
-0.000206123
1.23972e-51
-40.3763
0
3.68975e-54
-0.200386
0
1.36499e-54
-0.0953472
0
2.96825e-51
-226.174
0
-2.70795e-50
4835.04
0
1.14552e-48
-187555
0
3.36794e-46
-3.13937e+06
0
1.97177e-48
-782297
0
1.40472e-50
-9183.72
0
-2.15731e-51
38.9239
0
3.09677e-51
-121.558
0
-2.87782e-50
635.941
0
-6.46927e-54
2.08103
0
-1.10091e-50
405.631
0
-7.49276e-45
555.32
0
-1.37293e-49
-19710.8
0
1.26888e-51
-700.614
0
4.81626e-52
-126.992
0
3.16677e-54
-0.530618
0
1.41832e-55
0.0194494
0
-3.9545e-51
-704.625
0
-5.36029e-49
-147707
0
1.99685e-51
-1655.15
0
4.80622e-51
-12232.8
0
5.56372e-49
-13880.4
0
1.54889e-50
-810.853
0
8.43101e-51
-215.146
0
-1.92239e-50
737.291
0
-5.61043e-50
2143.2
0
1.95927e-51
-1312.46
0
1.28787e-53
-2.91652
0
1.91455e-52
-70.6353
0
-7.04948e-52
192.278
0
1.35407e-31
15975.7
-2.33369e-08
5.12104e-51
-699.11
0
-2.00556e-53
-0.820259
0
-3.17441e-54
-0.147355
0
-1.58993e-55
-0.0614619
0
4.27602e-56
0.0819398
0
5.01081e-52
-155.434
0
-1.6309e-50
3001.61
0
2.04704e-50
-4800.66
0
3.83708e-49
-29638.5
0
2.45438e-51
-4063.51
0
-5.52073e-51
1874.28
0
1.0624e-52
-55.9889
0
1.63772e-51
-953.562
0
5.51279e-51
-226.258
0
-5.52036e-52
18.8558
0
-9.03039e-53
-23.1221
0
-7.46972e-52
-185.853
0
3.57411e-51
320.672
0
3.99271e-54
2.01955
0
1.0611e-51
52.7215
0
-7.34195e-53
-7.13247
0
-1.69295e-50
352.227
0
-6.81456e-57
0.000954713
0
9.92932e-53
-2.47692
0
5.23213e-51
-820.257
0
6.0117e-52
-77.0627
0
8.60812e-50
-2058.44
0
6.03956e-51
-166.929
0
4.09702e-51
-155.268
0
-3.576e-52
11.5123
0
-6.91932e-52
-28.3256
0
7.37222e-53
-10.1608
0
2.10974e-53
-2.71815
0
-2.70824e-53
11.3484
0
1.20589e-52
-25.5485
0
4.39074e-42
-96.1286
0
4.28741e-52
-95.1453
0
1.12222e-50
-1794.65
0
-2.82499e-49
-4449.84
0
6.63131e-52
-29.3724
0
1.7029e-54
-0.142548
0
-1.64833e-56
-0.0392078
0
2.55266e-52
257.467
0
3.57808e-50
1604.82
0
-4.143e-50
-1487.55
0
1.84851e-52
45.4713
0
-6.33496e-53
-12.2956
0
4.29833e-51
-203.655
0
-1.02811e-49
-5065.32
0
-1.15311e-50
-634.603
0
-2.46002e-52
-27.3038
0
-3.89817e-53
-6.44275
0
-1.99736e-53
-8.75869
0
-2.26054e-51
-419.017
0
-6.29245e-51
562.665
0
2.81527e-53
-1.14832
0
2.10729e-52
-8.85571
0
-2.35555e-39
-0.464233
0
2.74962e-30
5805.16
-1.47165e-07
4.24794e-51
286.696
0
1.80223e-51
242.264
0
4.68783e-52
41.4492
0
1.06916e-53
-5.31169
0
-4.20294e-57
-0.00288069
0
6.33503e-57
0.00128133
0
-1.86549e-49
-30029.4
-2.15484e-05
3.76567e-52
62.2183
0
6.18025e-53
17.4399
0
-2.16341e-52
-117.959
0
-2.26378e-52
-44.8859
0
-4.07987e-50
-1494.82
0
-5.61282e-50
-1559.09
0
-5.22159e-51
-144.231
0
-3.44111e-54
0.466384
0
3.4446e-51
-355.659
0
-1.13802e-50
-527.968
0
2.68311e-53
-8.74812
0
2.39773e-54
-2.53957
0
3.06667e-54
-0.953441
0
-8.80799e-57
-0.000480804
0
-3.30984e-54
-1.16742
0
-9.90495e-54
-2.55648
0
-3.06801e-48
104.954
0
-1.82608e-51
-90.7456
0
9.45948e-51
351.237
0
2.0047e-50
1420.89
0
1.04693e-54
0.0667453
0
-7.37869e-56
-0.00676103
0
-2.22184e-53
-1.55762
0
-1.94089e-52
-10.2485
0
-5.8747e-51
-566.154
0
1.17242e-51
86.4094
0
-6.45947e-51
-143.92
0
-1.10386e-51
-21.8564
0
-1.45978e-53
-0.775672
0
4.46552e-50
956.037
0
-3.72213e-51
-153.043
0
-2.19587e-52
-6.78905
0
2.02637e-54
0.075097
0
-2.57726e-39
-0.48258
0
5.35479e-45
7.31935
0
6.18268e-52
-64.8194
0
2.03931e-52
-14.7417
0
3.17431e-54
-0.180004
0
-2.02884e-55
0.0109768
0
3.48323e-54
-0.213516
0
-1.48326e-51
111.903
0
-2.26724e-50
1396.36
0
-1.64686e-51
79.4792
0
-1.53728e-50
724.218
0
-2.42931e-51
166.503
0
-6.88111e-50
-2847.67
0
-1.43532e-51
-57.6811
0
1.49048e-52
6.18082
0
3.59026e-52
-51.3642
0
2.04591e-53
-5.54281
0
3.22325e-53
-5.09155
0
-1.0332e-55
0.0111496
0
5.03639e-55
-0.0706322
0
6.77213e-30
1568.03
-1.257e-06
-2.34137e-46
1412.64
0
5.51916e-51
86.3048
0
-2.37609e-50
-509.7
0
5.60436e-50
1550.74
0
-9.35096e-52
-28.2944
0
9.3341e-55
0.0276669
0
-2.69832e-55
-0.0095877
0
-2.25562e-53
-0.626968
0
-4.34901e-50
-1693.82
0
-3.59218e-53
-8.32787
0
9.05753e-55
1.56467
0
-4.36004e-53
-5.09318
0
-4.94625e-52
-34.7661
0
-1.27167e-52
-23.793
0
-5.72865e-53
-34.4147
0
-8.47958e-53
-13.1875
0
-1.11213e-52
-5.19157
0
-5.78954e-53
-2.91134
0
-7.37482e-55
-0.0712267
0
-8.33178e-52
-89.4773
0
3.52111e-51
116.608
0
-1.24136e-53
-0.349853
0
-2.7131e-54
-0.364909
0
-1.28076e-54
-0.107127
0
2.58376e-41
0.0160762
0
3.47364e-53
-19.8026
0
1.66295e-54
-1.04385
0
-1.61597e-53
1.33814
0
1.08685e-54
-0.180705
0
1.12952e-54
-0.210473
0
3.64961e-53
-3.18857
0
5.21786e-48
-183668
0
2.47404e-48
-263450
0
3.91114e-51
-424.598
0
6.97032e-50
-2684.38
0
4.35767e-49
-17219.2
0
-2.50851e-49
31233
0
-8.63853e-51
351.465
0
2.20928e-49
-9095.02
0
-9.41158e-53
-22.123
0
-4.99704e-54
-0.423757
0
-3.41659e-54
-0.391298
0
-4.79704e-53
-4.5572
0
-6.44332e-52
-50.7448
0
-2.22949e-51
-408.407
0
-1.0086e-47
-1.07252e+06
-0.00117358
-1.16137e-52
-44.5122
0
3.30791e-52
47.9356
0
-3.55113e-52
-56.3869
0
1.31096e-53
34.324
0
8.51792e-49
32436.8
0
3.24337e-48
111976
0
1.83381e-48
181210
0
-3.82424e-50
-3263.98
0
-1.22085e-50
-1708.55
0
3.91673e-50
1672.57
0
-4.62308e-48
-164844
0
9.84772e-49
40236.7
0
-6.58952e-52
75.3723
0
-4.56116e-52
36.8027
0
7.53735e-55
-0.172922
0
2.89743e-47
-1.43964e+06
0
5.86123e-49
-246770
0
2.61347e-49
-208028
0
2.818e-52
-138.716
0
-2.99608e-51
246.175
0
3.65712e-49
-30583.6
0
3.4841e-48
-184049
0
-3.58479e-50
2902.77
0
3.99153e-50
-3521.85
0
5.05423e-48
-339718
0
5.20126e-50
4489.87
0
-3.41344e-52
-27.8668
0
-3.96147e-54
-0.843421
0
-3.23603e-54
-0.685912
0
-3.21752e-51
-695.943
0
1.63269e-53
224.028
0
-3.52662e-46
-6.93069e+06
0
4.46665e-50
21026.1
0
-1.73722e-51
-4323.62
0
-7.91741e-51
-2510.3
0
-2.95844e-51
-564.457
0
1.05545e-51
207.115
0
-1.87091e-50
-1894.6
0
1.04034e-49
8346.75
0
-9.31008e-49
-64695.3
0
-5.07435e-48
-290126
0
-3.82565e-50
-2976.87
0
-1.25639e-50
-1112.38
0
1.16689e-52
11.1957
0
1.02641e-51
91.9343
0
-6.73723e-30
-2939.16
1.68419e-07
2.7439e-51
-84.4056
0
7.97819e-53
-3.2729
0
-1.26744e-52
6.21575
0
3.3387e-54
-0.109824
0
-2.12062e-52
9.02815
0
1.79824e-51
-75.5812
0
-4.58949e-50
2013.86
0
6.72942e-49
-21729.4
0
-2.06658e-48
52372.9
0
4.14085e-48
-79287.6
0
-5.32177e-49
13472
0
3.21602e-48
-68818.8
0
1.65843e-50
-357.77
0
4.97834e-50
-2969.1
0
2.06495e-50
-1921.86
0
5.27207e-52
-25.6136
0
-1.40705e-53
2.67673
0
-4.82546e-51
1085.4
0
-5.8236e-46
-1.81038e+06
0
1.24205e-49
-16013.9
0
-4.67966e-51
320.903
0
-1.50834e-50
-3538.56
0
1.50979e-49
13089.9
0
1.24184e-52
1830.51
0
-4.65215e-50
16483.9
0
-3.44428e-49
8131.98
0
-4.71755e-50
1126.04
0
2.63617e-52
-7.85974
0
-5.20992e-29
-48270.5
3.14896e-06
-1.38981e-45
9500.37
0
2.08271e-50
1782.29
0
-2.21624e-51
-536.547
0
-1.2774e-53
-0.841158
0
7.38728e-54
-0.229564
0
6.26951e-54
-0.191779
0
2.31947e-54
-0.253113
0
-3.12138e-49
-14580.1
0
9.03705e-47
-1.53144e+06
0
2.04542e-50
-6442.44
0
2.32879e-52
-71.4104
0
5.76484e-52
653.351
0
-1.1597e-49
-32616.8
0
6.44514e-50
-6329.57
0
8.81244e-52
-39.9011
0
1.63013e-50
-838.783
0
5.71529e-51
-299.873
0
2.02292e-39
-59919.4
0
-6.25144e-51
-262.841
0
-6.12856e-52
-80.5078
0
2.29706e-54
3.74518
0
-2.85027e-56
-1.07714
0
-2.2213e-54
-0.152839
0
-1.56199e-54
-0.105828
0
8.70557e-53
36.5143
0
-7.98171e-49
-58447.3
0
-6.33756e-47
-1.79448e+06
0
-2.02119e-49
-17710.4
0
-2.2097e-48
-133853
0
-1.32359e-51
-198.346
0
1.17465e-52
-15.5749
0
-2.9112e-51
-2413.29
0
-1.05193e-49
-45451.4
0
-2.32222e-52
-47.8386
0
1.9823e-49
8041.36
0
-6.89038e-51
-1521.54
0
1.58873e-50
1243.46
0
-2.49947e-53
-1.99153
0
-6.14256e-54
-0.0953118
0
2.19838e-55
0.0349683
0
-6.76214e-54
-4.53399
0
8.60817e-52
121.065
0
1.36027e-48
23241.7
0
-1.8572e-48
-42151.8
0
-2.67047e-50
-472.526
0
6.05326e-51
129.685
0
-6.14557e-50
-3882.26
0
3.73644e-52
43.63
0
-1.33892e-49
-1522.05
0
-1.54675e-51
-27.9985
0
-4.83701e-51
-131.144
0
-9.23419e-42
9019.75
0
-5.60145e-50
4976.98
0
1.68323e-54
-0.130369
0
1.91787e-54
-0.148513
0
7.87957e-53
-9.43696
0
-2.30751e-49
21752.3
0
1.25175e-46
-1.38506e+06
0
7.26128e-47
-1.12104e+06
0
3.99286e-49
-29759.5
0
1.22648e-48
-60645.3
0
4.38748e-49
-33133.9
0
3.60558e-51
-274.939
0
-1.68214e-51
128.286
0
5.48674e-52
-42.2039
0
6.84594e-51
-522.946
0
4.3648e-50
-7388.18
0
-5.91031e-54
0.137071
0
1.82094e-38
8703.93
0
3.60703e-50
5033.38
0
-2.42425e-50
-2027.76
0
8.67955e-50
19837.5
0
-1.58198e-53
-25.1725
0
-2.31288e-53
-4.88284
0
-1.05165e-54
-0.186106
0
9.1525e-54
0.858822
0
-2.48395e-51
-206.513
0
-1.98771e-48
-205218
0
-8.2274e-46
-3.74492e+06
0
-1.53785e-49
-11212.6
0
-1.05889e-49
-13386.3
0
-9.16488e-49
-55728.6
0
-6.45119e-50
-4915.87
0
-2.06671e-51
-157.524
0
-6.21041e-53
-4.64782
0
3.57294e-50
2730.8
0
-2.36067e-51
-772.987
0
-4.06293e-52
-34.9594
0
5.67875e-51
433.9
0
-3.57555e-38
-17.1916
0
-1.76986e-50
671.396
0
2.35062e-49
-13994.3
0
8.77317e-51
-312.826
0
1.74221e-52
-5.81866
0
3.89083e-54
-0.139022
0
1.72517e-52
-8.5848
0
-1.28169e-49
22210.9
0
6.5084e-48
-587404
0
6.19481e-49
-114280
0
4.48171e-50
-10590.7
0
1.43395e-50
-250.805
0
2.1256e-51
-55.4007
0
-6.5886e-51
112.495
0
2.81984e-51
-86.2256
0
1.732e-49
-3896.54
0
2.1817e-51
-93.2264
0
1.59652e-51
-62.8693
0
-2.63332e-51
106.067
0
-5.80406e-33
3195.92
0
-7.49063e-51
-1141.57
0
7.03464e-56
0.00820271
0
-7.64072e-54
-0.895992
0
1.46314e-54
0.129842
0
-2.85531e-51
-232.579
0
5.77908e-50
-49471.7
0
3.24964e-50
-14749.2
0
1.07259e-50
-17754.4
0
4.09093e-51
-113.35
0
3.43347e-52
-28.4718
0
-9.28814e-53
11.7665
0
-3.49531e-50
1330.07
0
-2.44916e-52
119.19
0
-7.59891e-55
8.47463
0
3.58706e-50
-4341.38
0
6.84096e-50
-5394.57
0
-1.03215e-53
-0.524263
0
6.08777e-57
0.00211454
0
7.28731e-51
-475.872
0
-2.48573e-55
0.318196
0
3.38114e-50
-8460.41
0
-9.75609e-52
413.436
0
-1.12956e-51
-404.307
0
7.08624e-50
-1300.92
0
-1.86385e-51
54.1389
0
-8.48383e-54
-5.86163
0
-9.20237e-50
4717.73
0
-5.05329e-51
1731.1
0
1.81482e-52
23.3939
0
-8.5272e-52
-57.4395
0
2.36984e-51
126.221
0
4.38507e-51
294.95
0
-1.34704e-51
-105.021
0
-1.70155e-40
-105.239
0
-1.06012e-51
20.2825
0
1.05578e-51
-190.422
0
3.74071e-55
-0.115878
0
4.84228e-52
-11.9324
0
-3.0973e-51
93.4492
0
6.38595e-51
-1129.48
0
3.00612e-53
-10.6668
0
1.61331e-49
-6235.84
0
1.02683e-51
-29.2031
0
2.02989e-52
-4.99159
0
-3.50863e-51
-134.733
0
-8.54458e-52
105.158
0
-4.69719e-54
0.361398
0
4.30348e-55
-0.126098
0
6.35087e-53
-14.1509
0
1.02473e-53
-4.02551
0
-6.2098e-40
-1.07843
0
1.85244e-52
370.801
0
2.05414e-51
-1722.24
0
1.09392e-53
-0.684998
0
8.30375e-56
-0.00546325
0
-8.23838e-57
0.00111696
0
1.23089e-54
-0.228474
0
5.29349e-54
-3.06658
0
-1.40655e-53
18.0023
0
-3.64459e-51
-163.764
0
-1.76826e-50
-894.363
0
-3.98404e-49
-15907.3
0
-8.98921e-52
-208.379
0
8.72303e-52
103.41
0
3.02813e-51
-138.097
0
1.36201e-51
-68.9903
0
-1.34316e-50
-2034.36
0
-3.92858e-50
-1866.71
0
-1.90635e-52
-11.766
0
-1.53503e-53
-3.46315
0
1.45516e-52
41.7559
0
3.11747e-51
-845.42
0
2.18485e-53
-0.812708
0
6.1809e-54
-0.241905
0
7.80902e-53
-6.40416
0
1.4374e-37
-80.8837
0
4.81405e-51
246.897
0
-2.03981e-50
-2045.66
0
1.19768e-51
112.011
0
1.10537e-52
-23.1572
0
1.16284e-54
-0.795478
0
-7.59262e-56
0.0606359
0
1.09301e-57
0.000578499
0
-3.74617e-55
-1.24493
0
-1.45776e-52
-19.9513
0
-2.19982e-50
-3161.88
0
-8.94241e-51
-1967.94
0
-1.26727e-50
-1998.8
0
-6.39193e-55
-1.21953
0
-4.51279e-52
-195.701
0
-2.62513e-51
-69.1015
0
3.52108e-52
-58.4239
0
-4.28261e-51
-149.622
0
1.09338e-50
806.01
0
-4.22472e-53
-5.91244
0
-5.9637e-55
-0.295894
0
-3.20293e-39
-0.5748
0
3.10739e-29
18620.7
-1.34453e-05
-7.81794e-40
-104.927
0
-6.78136e-51
-605.065
0
8.64778e-51
354.569
0
3.04619e-51
270.594
0
-2.36761e-54
-0.155209
0
-8.97053e-53
-4.27266
0
1.91777e-51
127.786
0
1.6813e-51
144.734
0
-1.68619e-49
-3103.83
0
-3.45744e-51
-72.5512
0
3.6677e-52
6.73846
0
1.0029e-53
0.546266
0
-5.81043e-51
-363.976
0
-2.01881e-52
-6.87889
0
-2.14587e-52
-8.66242
0
-9.46188e-54
-0.309859
0
-4.08434e-53
-1.29199
0
2.39358e-36
1958.15
0
-5.60155e-51
531.314
0
-4.01887e-52
237.283
0
7.03339e-52
-407.435
0
-1.7582e-50
1350.63
0
-1.00443e-54
0.0714454
0
9.60087e-54
-0.601046
0
-1.64532e-50
758.453
0
2.47473e-52
-16.9791
0
-7.67568e-55
-110.251
0
1.43378e-52
-194.211
0
-3.15724e-52
-14.8463
0
-1.72028e-52
-8.65064
0
6.32748e-52
587.692
0
3.55248e-54
-0.485337
0
3.27298e-54
-0.516427
0
1.39779e-53
-2.63129
0
6.71645e-41
0.0414801
0
7.02041e-36
3820.1
0
-4.82078e-50
-1199.3
0
1.69593e-50
363.754
0
-4.97696e-52
-13.2339
0
-6.94879e-54
-0.205422
0
4.20003e-55
0.0133377
0
-7.73966e-54
-0.217294
0
-6.88027e-53
-1.89852
0
-9.81887e-50
-2488.25
0
-1.90736e-51
-180.011
0
1.54009e-51
142.182
0
-3.51337e-53
-3.60368
0
-2.25783e-53
-2.99803
0
-1.1726e-50
-775.673
0
-1.39398e-52
-7.20257
0
-1.38101e-52
-7.51041
0
2.55309e-53
1.75846
0
1.84674e-54
0.150858
0
-2.16759e-54
-0.165203
0
-2.29708e-51
-109.486
0
5.94086e-51
160.159
0
8.67472e-54
0.350322
0
-5.98341e-56
-0.00213952
0
-2.2445e-55
-0.0213009
0
2.60692e-55
0.0443533
0
-4.38838e-54
-0.357305
0
-1.29173e-55
0.338345
0
6.72032e-49
-26048
0
2.27074e-51
-317.89
0
-2.70668e-54
-0.449861
0
-3.92972e-51
-652.684
0
-3.9913e-48
-140301
0
-6.37121e-50
-6884.82
0
-1.19849e-52
-9.70544
0
-3.60489e-52
-72.2061
0
-5.60801e-51
-859.124
0
-1.54142e-52
-51.9999
0
-1.20615e-52
-32.9172
0
1.92773e-50
26238
0
-1.38327e-49
-11436.6
0
-1.41738e-51
119.861
0
4.80573e-55
-0.152761
0
3.61255e-52
-65.3801
0
-2.71744e-51
35784.4
0
3.73412e-48
-514056
0
-3.46998e-52
68.119
0
1.70851e-49
-14334.9
0
-7.77111e-53
7.45806
0
1.72052e-49
-13863.1
0
-3.96191e-51
-350.803
0
-3.22048e-53
-2.77931
0
9.81054e-55
0.343634
0
-2.30839e-54
-0.452528
0
-7.43138e-49
-133451
0
1.07594e-51
433.438
0
-1.73717e-48
-505740
0
-6.16543e-51
-4706.85
0
-1.11604e-51
-268.717
0
-2.67728e-48
-145811
0
-1.02575e-50
-831.719
0
3.41467e-50
2821.79
0
1.53842e-50
-723.671
0
5.70382e-54
-0.183527
0
7.26792e-46
-2.06577e+06
0
9.65495e-49
-21293.3
0
4.9384e-49
-15671.1
0
3.0704e-49
-10907.8
0
-6.19085e-51
233.051
0
-4.98341e-49
20167.8
0
1.44355e-49
-3981.53
0
-2.63707e-49
23049
0
4.57363e-51
-361.286
0
2.95258e-51
-264.215
0
2.90567e-54
-0.0976932
0
1.83847e-54
-0.0707655
0
5.47409e-50
-16655.6
0
2.83634e-51
-2588.42
0
8.62131e-51
-416.604
0
2.31792e-49
19108.8
0
-7.55622e-48
-260726
0
1.46932e-50
-1181.25
0
6.68248e-52
-18.5846
0
-8.10425e-50
5187.73
0
-3.7396e-36
-50084.4
0
7.25626e-53
3.97172
0
-2.73925e-50
-1725.38
0
1.47189e-43
-2.48838e+07
0
8.69e-50
-14609.3
0
1.02007e-49
-20511.8
0
3.57089e-49
-53306.2
0
7.01465e-52
-165.53
0
-2.12709e-49
-11151.7
0
2.79531e-52
1696.36
0
-4.26705e-48
-200971
0
4.23833e-49
17731.6
0
-2.04772e-51
108.339
0
-1.03519e-52
105.537
0
3.45661e-53
3.87471
0
-1.05941e-54
-1.11757
0
-1.2971e-51
-142.831
0
1.11811e-49
21134.2
0
1.85882e-49
-17051.4
0
-2.92072e-48
-225231
0
1.33164e-49
-15495.7
0
7.49949e-51
-824.627
0
-4.06163e-49
-156001
0
2.58243e-51
1144.34
0
1.16161e-51
73.0776
0
4.31939e-53
2.6881
0
-4.56626e-53
-0.985453
0
-1.17937e-54
-0.0817002
0
1.56311e-50
2758.18
0
-1.52379e-45
-2.11086e+06
0
-1.45091e-48
-29371.8
0
-8.34978e-48
-119564
0
-6.50653e-50
-1382.23
0
-2.94651e-51
-483.635
0
-2.45639e-49
-3407.88
0
2.18876e-51
36.6231
0
-2.50509e-51
-42.4223
0
5.2101e-51
104.471
0
-4.56113e-37
9533.77
0
-5.83599e-51
629.031
0
5.73358e-51
-1478.65
0
1.11769e-53
-2.23846
0
1.05066e-54
-0.185926
0
-5.34365e-54
0.501557
0
5.8589e-53
-8.22903
0
-1.49647e-49
12417.4
0
-2.8719e-49
21800.8
0
2.58161e-49
-30872.2
0
-2.36713e-49
17623.5
0
-1.12666e-49
9895.72
0
2.6993e-49
-20431.3
0
9.09244e-49
-54680
0
6.60968e-51
-504.601
0
2.0102e-51
-153.328
0
1.3203e-52
-9.67493
0
6.25675e-52
-47.8101
0
6.91887e-52
-59.7541
0
-3.81381e-51
292.921
0
-7.17215e-51
569.907
0
-3.32819e-38
-15.8903
0
2.46044e-32
20117.9
-2.91558e-08
-1.73534e-49
-14451.9
0
3.68708e-51
4001.39
0
-2.66361e-51
-842.98
0
-1.25882e-53
-5.88218
0
-1.25827e-54
-0.0962356
0
-5.86237e-54
-0.48064
0
-2.18227e-47
-777504
0
-1.53331e-49
-12296.8
0
9.15116e-52
69.8168
0
-7.89172e-51
-603.089
0
7.62372e-50
5814.56
0
4.23984e-51
677.44
0
-3.68364e-52
-28.2355
0
1.12764e-49
-5777.5
0
5.23403e-49
-34616.4
0
-1.37419e-50
878.179
0
2.42741e-50
-956.709
0
3.20573e-50
-1032.62
0
1.95154e-53
-0.594188
0
-8.75782e-56
0.00541402
0
1.44067e-53
-0.903917
0
6.85539e-52
-40.1778
0
-4.59798e-50
20814.9
0
5.00937e-48
-447224
0
5.40917e-49
-59148.1
0
8.87523e-50
-2344.14
0
7.09607e-51
-142.119
0
-1.1301e-51
18.917
0
9.01044e-52
-47.9551
0
8.46192e-51
-356.104
0
-6.84128e-50
2058.35
0
7.98889e-52
-82.1588
0
-6.8052e-51
274.177
0
9.02413e-52
-60.8734
0
-8.17797e-38
-20.4405
0
2.04834e-29
6339.08
-7.07469e-06
-1.41595e-49
-23025.4
0
2.34032e-49
-5628.31
0
1.87596e-51
-345.701
0
4.7503e-55
-0.142299
0
-2.16075e-54
-0.244384
0
4.20901e-54
0.516781
0
-1.36545e-51
1238.16
0
3.21331e-49
-592324
0
-1.29823e-51
4589.37
0
3.05606e-52
-2270.9
0
3.4727e-51
-7082.93
0
9.73027e-52
-41.2889
0
1.26826e-51
-96.1397
0
3.8084e-52
-79.269
0
-4.09136e-52
134.13
0
3.35815e-52
-135.833
0
2.51365e-43
-430.055
0
-2.0378e-50
-946.378
0
-1.58496e-50
-754.398
0
3.39995e-56
0.00929626
0
8.09224e-55
-0.286279
0
4.58579e-53
-10.1781
0
1.19037e-51
-218.77
0
-2.47815e-51
453.829
0
3.96741e-49
-12938.3
0
2.80342e-51
-94.6033
0
-1.23457e-52
4.92299
0
8.14953e-51
1454.28
0
7.37493e-52
-57.2281
0
-1.66957e-51
-86.5203
0
-1.42627e-51
-88.9152
0
6.81631e-52
143.525
0
-3.22692e-38
-13.1563
0
-5.87914e-36
967.295
0
-2.21199e-50
549.915
0
1.28036e-49
-2382.09
0
-8.06865e-50
-4316.79
0
1.95779e-54
-3.12779
0
3.76437e-53
-8.86745
0
-4.78497e-57
0.000439736
0
5.93485e-54
-0.183154
0
2.01071e-52
-6.95125
0
2.60355e-50
-705.917
0
6.38293e-50
-2053.29
0
4.95949e-49
-18353.8
0
-7.05623e-52
197.042
0
9.16658e-51
-897.962
0
4.15549e-51
-332.915
0
5.65003e-50
-2353.62
0
1.56804e-49
-7162.78
0
-2.97423e-52
33.7041
0
5.83439e-52
-107.912
0
-3.93421e-52
58.1482
0
-4.15923e-52
59.4678
0
2.43615e-51
254.828
0
-6.28624e-52
232.073
0
-6.54231e-55
0.0373494
0
-3.44486e-57
0.000212634
0
-1.52843e-55
-0.0245574
0
6.61793e-54
-0.773983
0
2.61703e-53
-13.8256
0
-9.23051e-52
-843.644
0
1.2854e-51
-59.2151
0
-1.28902e-51
-72.9209
0
-1.2239e-53
-1.34924
0
-3.27638e-52
-68.321
0
2.72924e-51
1100.1
0
1.06655e-52
-3.61812
0
2.12621e-53
-0.666588
0
1.64664e-54
-0.0723344
0
1.38671e-53
-0.585676
0
1.49932e-52
-9.58693
0
-5.83527e-41
-172.608
0
-6.11873e-51
-741.456
0
2.38721e-52
-133.71
0
-5.69667e-56
-0.0210013
0
4.95745e-57
0.00298843
0
-3.5871e-53
-4.22484
0
-4.83869e-53
79.6093
0
-9.9594e-53
-78.0817
0
-2.82595e-51
-764.338
0
-8.80408e-53
-20.8993
0
-3.11264e-54
-1.92401
0
-1.34565e-49
-3602.76
0
-3.27192e-51
-110.206
0
-6.27224e-52
-25.369
0
3.40627e-52
9.78807
0
2.32021e-54
-0.273298
0
-5.39326e-54
-138.839
0
-1.44117e-53
-11.1353
0
-2.35771e-54
-0.343881
0
-3.2578e-53
-5.03306
0
-8.74049e-35
588.894
0
9.60992e-51
290.771
0
-6.02227e-52
-42.5985
0
-6.92294e-54
-0.818828
0
-7.13024e-54
-0.447752
0
7.59152e-51
431.628
0
6.05116e-51
993.924
0
1.85307e-52
51.9512
0
-5.11018e-51
-197.628
0
-8.34254e-50
-1496.92
0
-3.93754e-52
-8.30492
0
-1.09004e-51
-58.6615
0
-9.23292e-52
-18.9746
0
-4.78082e-53
-1.62177
0
-3.83438e-54
-0.163383
0
-1.589e-38
12.24
1.75566e-14
2.19595e-51
-617.656
0
-1.49064e-51
448.144
0
-4.8067e-51
298.007
0
2.88764e-53
-1.83945
0
2.3246e-50
-1834.1
0
-4.43665e-50
1922.51
0
1.17079e-50
-748.871
0
5.42231e-53
-3.24273
0
-3.69483e-53
-19.5559
0
-8.44202e-52
-46.402
0
-5.52462e-52
-25.4211
0
-4.39501e-54
0.54411
0
3.47927e-51
-338.885
0
3.51548e-52
-124.739
0
-1.0694e-51
392.762
0
1.35132e-54
-0.205466
0
2.406e-54
-0.323746
0
-1.29481e-32
7074.88
0
8.4413e-51
216.262
0
-3.10199e-53
-0.971401
0
1.27387e-54
0.043349
0
2.3846e-55
0.00746937
0
-1.45107e-54
-0.044583
0
-1.97352e-52
-4.59504
0
1.46901e-50
596.188
0
-5.40044e-54
-0.598808
0
-2.10575e-54
-6.04076
0
-3.0004e-53
-5.37308
0
9.07847e-54
0.818294
0
-1.54247e-54
-0.898419
0
-9.72514e-54
-0.277894
0
-2.85509e-55
-0.0383926
0
4.20236e-53
-3.40398
0
-3.2319e-51
495.257
0
1.11003e-53
-3.74614
0
-1.5746e-53
2.27311
0
-4.2605e-52
582.686
0
-1.82552e-50
-2299.51
0
-4.36603e-49
-369282
0
-5.02764e-53
-7.83776
0
-1.10268e-53
-1.82442
0
-9.91735e-51
-1847.64
0
3.00205e-53
3.35522
0
3.18829e-51
-282.296
0
7.43921e-55
-0.467835
0
5.81361e-49
-181306
0
3.49266e-50
-12458.3
0
9.72378e-52
-225.62
0
-4.18658e-49
32119.9
0
2.01177e-50
-1636.73
0
-8.42286e-52
93.7001
0
-5.96092e-51
-9454.71
0
1.4658e-49
48132.2
0
3.9074e-54
-0.104141
0
5.98999e-49
-13072.8
0
-1.97052e-48
41908
0
6.4284e-50
-2405.49
0
1.31847e-50
-314.268
0
1.68866e-51
-39.0322
0
-4.34351e-49
26254.2
0
-1.12643e-48
55918
0
6.68729e-49
-11892.5
0
-1.12356e-50
223.477
0
-9.4558e-53
8.61674
0
1.36626e-49
-28513.6
0
4.55835e-49
-20586.3
0
2.20145e-49
-15801.6
0
4.45191e-50
-13248.2
0
3.82103e-52
-12.405
0
2.84533e-52
64.1367
0
1.09953e-54
-0.10108
0
-3.30332e-49
-18982.4
0
9.3997e-50
-16990.4
0
-1.61286e-48
217049
0
1.67563e-51
-358.476
0
-9.16753e-50
-6039.79
0
6.53683e-51
297.262
0
-3.39549e-51
278.019
0
2.6569e-38
40.7939
0
6.84469e-51
455.125
0
9.98211e-56
-0.363492
0
-1.90251e-54
-3.54703
0
-6.6217e-50
-20840.2
0
-2.11277e-50
-4166.51
0
2.75216e-52
-49.0188
0
-9.08656e-51
8281.86
0
4.35101e-52
2164.6
0
7.37985e-52
175.079
0
1.7843e-51
397.056
0
-1.20551e-53
-0.192893
0
-1.24288e-53
-0.21759
0
5.03104e-50
5467.45
0
9.23099e-50
10462.8
0
2.04968e-48
25089.9
0
-1.11312e-48
-19760.7
0
-2.69079e-48
-45526.1
0
-3.91336e-47
-427862
0
-3.99181e-51
-257.837
0
-3.12435e-52
-38.3131
0
-1.055e-51
-85.6174
0
-4.17558e-49
-5078.16
0
-2.71076e-51
-47.2631
0
2.91496e-51
66.2427
0
2.41288e-50
-2036.4
0
1.21209e-54
-0.566656
0
-2.69617e-55
0.021813
0
-3.40408e-50
3295.19
0
-3.68842e-49
27242.4
0
2.11967e-49
-17017.4
0
1.93856e-50
-1479.84
0
6.56839e-52
-50.1189
0
1.17718e-51
-90.0062
0
-8.16485e-50
6203.3
0
-9.20359e-51
1472.06
0
2.24058e-52
-17.4897
0
-8.51891e-52
66.0062
0
-6.88085e-52
-287.852
0
-9.75377e-53
-19.5183
0
1.56934e-49
13015.3
0
2.36429e-49
17843.1
0
1.30413e-50
1255.87
0
-6.59362e-51
-502.768
0
1.46066e-51
111.373
0
-2.66684e-51
-205.746
0
-3.3144e-50
-2527.54
0
7.67272e-51
606.718
0
1.57142e-50
-1167.92
0
3.28322e-49
-24326.2
0
1.70525e-53
-0.550997
0
7.44393e-50
-10927.9
0
2.23869e-49
-49072.9
0
4.91781e-49
-9489.31
0
7.1871e-52
-25.9967
0
1.39059e-50
-528.894
0
5.54122e-35
-6536.75
0
-4.45224e-50
-11434.9
0
-2.40207e-49
-42012.2
0
-9.92257e-55
-0.187139
0
-5.05175e-53
-9.07586
0
-4.60229e-51
6657.73
0
-4.38747e-50
-30968.2
0
2.07212e-50
-21687.6
0
7.35394e-50
-1422.75
0
-5.77813e-52
14.0174
0
-2.1821e-50
1787.9
0
4.16244e-53
350.184
0
-4.96876e-46
-162.208
0
1.24545e-50
-5335.52
0
-6.80755e-51
-334.668
0
-8.47836e-52
-41.9461
0
3.36509e-57
-0.00278811
0
2.65238e-50
-3580.55
0
6.94853e-51
-3577.99
0
2.10254e-51
-231.719
0
7.2923e-52
-30.2427
0
-1.29861e-50
-897.625
0
-1.21365e-52
-12.4133
0
4.37563e-51
308.905
0
5.04771e-54
-1.49215
0
8.62842e-55
-0.0262245
0
4.6037e-54
-0.265108
0
1.24727e-51
-42.8386
0
3.10612e-49
-10634.9
0
-2.62669e-51
513.33
0
-5.07264e-51
-343.217
0
1.45509e-50
-496.598
0
-1.30935e-50
574.683
0
2.11419e-52
-50.2732
0
1.61396e-53
-1.63887
0
-1.23244e-52
10.3299
0
-6.21487e-36
1093.49
0
-8.07664e-50
119.429
0
5.37748e-51
563.528
0
6.82914e-51
-1316.91
0
-1.23233e-55
-0.0295377
0
2.10015e-56
-0.0110494
0
1.13441e-50
-5220.59
0
-5.26816e-51
-2144.49
0
-3.09165e-52
-59.61
0
4.78881e-54
-7.68845
0
3.82911e-52
16.3497
0
2.78189e-52
-8.71972
0
7.07302e-54
-0.369804
0
7.91837e-53
-3.27719
0
6.23306e-53
-2.74504
0
-5.94283e-51
-735.226
0
-3.89664e-50
-1800.25
0
2.91482e-52
-61.3786
0
-1.05725e-52
-29.2988
0
-2.0911e-52
-58.7106
0
-2.23247e-50
-589.343
0
-4.34068e-51
-150.421
0
-2.40813e-53
2.56716
0
6.37062e-54
-0.87369
0
3.02901e-50
1123.03
0
2.06517e-55
-0.151506
0
2.23263e-55
-0.149292
0
-7.50244e-53
-9.29316
0
7.43871e-51
230.552
0
-3.51888e-51
-131.656
0
-5.80968e-53
-3.78265
0
1.7891e-55
0.0138398
0
1.85848e-55
0.0340653
0
-2.5157e-50
-1038.49
0
8.31276e-51
1875.92
0
5.17763e-52
88.1763
0
4.50947e-52
244.892
0
-3.69467e-53
-3.19152
0
-4.35812e-52
-14.9769
0
-5.26812e-50
-1052.03
0
-1.13861e-51
-23.7858
0
-1.17999e-50
-248.364
0
2.7343e-50
816.159
0
-6.54938e-54
-0.308712
0
-3.71143e-53
-1.16315
0
-1.39817e-52
-5.00345
0
4.46156e-53
17.7139
0
4.39363e-52
-28.9972
0
1.88899e-53
-0.96298
0
-2.60348e-51
218.143
0
2.07353e-51
-175.924
0
-1.18688e-51
96.3615
0
-3.90782e-50
-1457.61
0
-2.39737e-51
-141.886
0
2.12234e-54
-0.220234
0
-7.87016e-53
-35.1594
0
1.15524e-51
-204.645
0
6.55809e-54
-0.95305
0
1.89473e-54
-0.165334
0
2.71138e-54
-0.446251
0
-3.14077e-50
-900.133
0
-5.34614e-50
-1432.81
0
1.05347e-50
311.368
0
-1.18111e-52
-3.12851
0
2.53661e-54
0.0675252
0
6.47942e-56
0.00212012
0
-2.90438e-52
-7.19311
0
5.76446e-50
1961.4
0
2.10348e-51
79.5589
0
-3.92342e-53
-6.19041
0
-6.82342e-53
-6.61172
0
-1.02526e-53
-0.31238
0
-9.60422e-56
-0.0105089
0
8.29449e-54
-1.2935
0
2.33385e-53
-11.7563
0
7.54791e-55
-0.10522
0
1.2583e-50
-2723.97
0
-1.44857e-49
43386.6
0
1.81031e-51
-516.006
0
9.95642e-51
-766.568
0
-2.45255e-55
-0.154177
0
-2.7209e-48
-345388
0
7.19953e-50
27853.4
0
4.22912e-49
33363
0
1.50881e-54
-0.0783217
0
1.26711e-49
-4910.67
0
4.253e-49
-12061.5
0
6.46755e-50
-1614.6
0
-1.88578e-48
62081.3
0
1.65939e-49
-6249.75
0
-1.76827e-49
3704.17
0
-6.61001e-52
61.896
0
7.19103e-50
-16787.5
0
-2.88869e-49
17188.7
0
4.94849e-50
-15308.4
0
7.10585e-38
84.1739
0
-2.22571e-52
-17.799
0
1.882e-51
-82.1249
0
6.16741e-49
34749.6
0
-6.33602e-49
-16178.9
0
1.26659e-48
26813
0
-7.14612e-52
-65.6828
0
7.87169e-51
4287.44
0
-3.85683e-49
-6268.03
0
5.41131e-51
105.01
0
-3.42592e-52
-8.46049
0
1.81074e-53
-1.48779
0
-3.5555e-51
307.156
0
3.07329e-50
-2919.02
0
2.36553e-47
-462495
0
-7.67164e-50
5791.95
0
-5.12267e-50
5128.48
0
3.58662e-52
-27.4394
0
-5.45229e-51
415.792
0
4.71472e-50
4562.08
0
2.24884e-49
15590.4
0
-2.55139e-49
-22384.2
0
-7.99078e-49
-39574.4
0
-1.53916e-49
-11627.9
0
-2.20662e-52
-17.1908
0
-4.57995e-50
9491.9
0
-5.3242e-50
7271.8
0
1.39308e-48
-302253
0
2.60129e-50
-2939.27
0
2.01317e-50
-403.929
0
-9.99473e-51
530.132
0
-1.26215e-48
-171702
0
2.56305e-52
-44.3838
0
3.91124e-51
2749.18
0
3.79004e-50
24871.9
0
3.43518e-50
-71063.3
0
3.51498e-51
-2526.63
0
3.27524e-49
-8445.49
0
-5.26872e-52
18.6913
0
6.35096e-52
-58.5853
0
-1.40345e-51
412.671
0
5.31652e-51
-1167.31
0
-2.42733e-51
448.816
0
-1.83847e-51
231.915
0
-4.17507e-50
5713.33
0
-2.67208e-51
-124.64
0
2.29669e-52
-242.337
0
3.01645e-50
-786.747
0
-1.3844e-49
116.731
0
2.95038e-52
-66.324
0
-1.86763e-55
-0.147283
0
1.92717e-55
-0.017506
0
3.25344e-49
-7201.69
0
9.37132e-50
-3886.41
0
1.67151e-50
954.489
0
-1.91779e-50
874.283
0
-3.38885e-52
51.9702
0
-2.23159e-30
-12117.9
6.85386e-07
-3.70954e-51
-1213.81
0
1.61322e-51
-63.4761
0
-2.28087e-49
-10211.7
0
-1.05688e-49
-3691.96
0
6.33331e-52
-25.1859
0
-2.93329e-51
-146.119
0
-1.67824e-53
-3.10612
0
2.13513e-51
-114.23
0
3.73446e-54
-0.136843
0
3.01877e-53
-1.13584
0
1.82713e-51
120.295
0
-1.52798e-50
-3851.37
0
-1.79532e-56
-0.0181557
0
6.26533e-51
383.263
0
4.22233e-50
6757.57
0
3.18758e-53
21.1358
0
3.36909e-55
-0.215335
0
-7.86849e-51
-303.325
0
-2.24218e-52
-17.0536
0
-2.41557e-54
-0.157817
0
3.63931e-56
0.00276849
0
-2.66744e-50
-1420.59
0
1.31733e-51
245.064
0
-4.16217e-51
-300.541
0
-5.30909e-52
-22.9184
0
-3.5318e-51
-63.6124
0
-7.98602e-52
-15.4551
0
4.44926e-53
2.7981
0
-3.52052e-54
-0.210453
0
6.25847e-54
0.266146
0
8.31225e-55
0.0297932
0
-8.9615e-53
-3.28384
0
-2.79396e-52
-8.5299
0
4.33468e-48
11.4068
0
-6.83628e-52
203.981
0
2.44916e-50
-1410.06
0
4.32111e-53
-3.31094
0
-4.79722e-55
0.0266299
0
-9.3305e-55
0.0416096
0
-3.67784e-56
0.00175061
0
4.34441e-53
-3.83292
0
3.6986e-50
-2793
0
4.96954e-53
-3.43625
0
-2.14931e-50
-959.792
0
-3.9674e-51
-136.546
0
-4.70635e-52
-23.1111
0
3.72175e-54
-0.497868
0
4.06807e-54
-0.462638
0
-2.27169e-54
0.449535
0
1.07146e-53
-1.30761
0
3.30223e-51
110.948
0
1.11624e-49
3063.05
0
1.72221e-51
64.4526
0
-2.07976e-54
-1.57877
0
-3.51897e-51
-146.428
0
-7.21211e-52
-41.3262
0
2.48306e-53
0.718821
0
-2.81337e-51
-118.418
0
-5.2269e-53
-2.26162
0
-1.595e-53
-0.596421
0
-2.21255e-54
-0.0920919
0
2.32543e-51
-403.296
0
-1.5868e-51
-908.36
0
-4.42993e-49
-32475.7
0
4.66442e-54
-0.243738
0
2.17692e-50
-660.436
0
2.45299e-38
118.071
0
2.46404e-50
-1648.83
0
1.97489e-53
0.98672
0
-1.32465e-51
-98.4425
0
-4.28033e-48
-91016.5
0
-2.18869e-49
-18734
0
-8.11928e-50
-4051.96
0
-7.23247e-49
-9782.54
0
-8.09993e-50
6171.56
0
6.68246e-50
5047.43
0
2.68993e-50
2695.34
0
9.26601e-49
-16714.7
0
-1.14041e-50
488.369
0
7.28929e-53
-6.10507
0
3.58364e-53
-6.56538
0
-4.5557e-51
109.008
0
-2.24991e-51
153.962
0
-1.88171e-49
25061.7
0
1.28107e-51
-516.746
0
-1.74551e-52
6.30288
0
-2.62856e-52
-40.2788
0
8.73896e-50
-1913.54
0
1.05163e-52
-25.1017
0
3.73338e-51
-151.208
0
1.00446e-50
-622.247
0
1.54472e-52
-7.5567
0
1.81544e-50
3053.39
0
-1.60406e-51
-147.473
0
-2.77201e-51
-150.8
0
-7.7684e-54
-1.06961
0
9.29869e-53
-5.65825
0
-2.12412e-54
-0.426918
0
-3.28907e-55
-0.0172547
0
-5.51603e-55
-0.0725077
0
3.53745e-51
643.535
0
3.09782e-50
4341.94
0
-1.85265e-51
-255.317
0
3.39237e-53
17.0838
0
3.93775e-53
-26.9955
0
-4.0567e-52
-13.193
0
-7.06214e-54
-3.75433
0
9.59212e-51
584.513
0
2.07038e-56
0.00189888
0
-1.23762e-49
-9695.71
0
2.22851e-53
2.35123
0
-3.27423e-51
-118.906
0
-8.07432e-51
-140.72
0
-6.97849e-54
-0.242305
0
-1.39046e-55
0.00709753
0
2.57365e-55
-0.0107072
0
3.97842e-53
-4.338
0
2.55294e-51
-111.544
0
3.87434e-53
-2.2914
0
-1.11542e-52
-53.4935
0
-1.04922e-50
-442.746
0
-2.89551e-53
2.77757
0
3.68034e-54
-0.964258
0
8.88675e-42
-2504.07
0
4.39674e-50
4782.87
0
2.13566e-52
5.13415
0
5.48771e-51
230.821
0
-3.52571e-54
-0.55483
0
-4.21805e-53
-1.68383
0
-3.84491e-55
-0.0881534
0
1.35597e-53
-0.63939
0
8.56651e-50
-12905.6
0
9.74216e-51
-2561.96
0
-7.27818e-50
-1873.16
0
5.38792e-51
442.36
0
8.30516e-53
-3.6594
0
1.97993e-52
-15.7726
0
-6.99288e-52
17.7111
0
-2.22464e-53
1.40721
0
3.83606e-49
-39887.7
0
-1.39513e-52
-7.14989
0
3.15831e-51
-60.8498
0
-9.40125e-53
-6.32473
0
1.80829e-53
-1.26087
0
-2.05753e-52
-31.8957
0
-1.74301e-54
-0.294733
0
-5.12824e-52
-18.5243
0
3.52897e-56
0.00271081
0
-2.18024e-53
-2.52154
0
-1.55917e-51
-54.4847
0
-2.85844e-50
-524
0
-2.10192e-53
-0.850455
0
8.65249e-55
-0.0448772
0
-5.53177e-51
226.765
0
2.60061e-55
-0.153341
0
4.34823e-50
1586.43
0
-1.03037e-52
-6.72735
0
-8.05829e-55
-0.157624
0
-8.82695e-49
129205
0
2.88269e-51
-743.191
0
1.57817e-52
17.536
0
7.59716e-51
614.089
0
6.16846e-52
-13.2815
0
-2.69765e-52
-19.8787
0
-1.93095e-52
-7.96512
0
-1.21232e-54
-1.05843
0
-3.3949e-55
-0.0369099
0
-1.74536e-52
-13.3859
0
7.57641e-53
-19.0934
0
-1.75521e-52
-15.3746
0
1.60973e-52
-12.3076
0
