-3.62202e-34
-517621
-4.91613e-06
-2.31946e-53
4.46486
0
1.59989e-52
-13.3919
0
1.72256e-54
-0.140877
0
-2.97202e-57
0.00999818
0
-8.32879e-55
0.095463
0
-2.40649e-54
0.228827
0
2.59321e-53
-2.19919
0
-4.15741e-52
68.7045
0
-3.49836e-51
441.039
0
7.68761e-52
-1390.89
0
2.78947e-51
-2622.86
0
-2.53903e-49
48281.6
0
-1.29853e-56
0.00254036
0
-2.50063e-52
36.2493
0
4.74094e-54
-0.762681
0
7.50405e-58
-0.00115817
0
-1.10879e-51
42.7635
0
2.06302e-49
-7851.79
0
1.14753e-49
-3971.03
0
-1.76464e-49
17973.8
0
9.14536e-53
-7.94653
0
-4.81415e-52
66.1323
0
-1.8084e-51
80.9599
0
-3.28502e-48
114336
0
-4.62019e-36
-2528.08
0
-1.26e-42
41922.7
0
3.81539e-51
197.436
0
-1.60385e-53
-2.75261
0
1.80812e-54
0.149557
0
2.756e-56
0.00513218
0
7.78071e-55
0.0879651
0
8.02795e-55
0.327139
0
-3.63181e-50
-1371.49
0
7.88261e-48
197081
0
-1.11981e-48
-41538.1
0
9.27873e-53
8.6819
0
-1.89393e-52
-59.5541
0
-8.97442e-54
-1.29512
0
-3.19645e-51
-269.819
0
8.77109e-50
3412.07
0
1.71542e-48
173177
0
5.5734e-52
93.4246
0
-2.59889e-52
-10.5711
0
4.5323e-50
1783.26
0
-2.95103e-46
-1985.33
0
-3.43053e-54
1.20103
0
-1.04137e-54
0.221819
0
-2.48237e-55
0.0526618
0
-2.91133e-51
594.193
0
4.23408e-50
-7138.81
0
1.09527e-50
-4661.7
0
2.61773e-50
-15124.7
0
4.3901e-52
-207.719
0
-3.40417e-53
22.9641
0
1.17746e-52
-22.4727
0
4.39284e-54
-1.3887
0
5.50547e-51
-556.868
0
5.4975e-50
-4430.64
0
2.37325e-48
-178647
0
-3.64097e-51
283.736
0
5.52307e-51
-489.41
0
2.43341e-49
-18942.8
0
-6.61166e-36
-1996.19
0
-2.06984e-28
-26456.8
3.8103e-05
-5.03903e-52
-40.469
0
-8.32961e-57
-0.00264948
0
1.23616e-56
0.00453487
0
7.2172e-56
0.0286717
0
-3.79226e-58
-0.000764572
0
-3.06805e-54
-0.555942
0
1.68678e-52
28.3036
0
-1.91714e-49
-49642.1
0
3.58303e-50
30608.6
0
-4.75335e-51
-2111.96
0
1.93057e-49
63476.9
0
1.26247e-52
55.6758
0
7.06611e-51
578.294
0
-8.32925e-50
-6368.94
0
-1.41159e-52
-3.12799
0
-2.7323e-52
-26.6598
0
-4.36116e-52
-40.8536
0
1.82099e-49
13510.6
0
-1.93663e-32
241627
0
1.00213e-45
-4967.69
0
-1.52813e-51
43.6194
0
6.52733e-52
-28.5744
0
9.16263e-53
-2.79599
0
-7.96036e-54
0.40564
0
1.06915e-55
-0.00944726
0
-1.24507e-51
54.1043
0
1.21387e-50
-472.586
0
2.25156e-48
-47607
0
1.19369e-48
-25569.8
0
3.49535e-51
-88.8819
0
6.17606e-52
-16.4781
0
4.07077e-51
-99.9133
0
-3.36656e-53
1.7886
0
5.98825e-50
-2037.76
0
4.52595e-50
-2849.22
0
5.41352e-47
-1.20613e+06
-4.55875e-07
-2.58579e-50
448.929
0
-2.69178e-52
9.27361
0
4.02051e-50
-8788.65
0
-7.53301e-51
1233
0
-8.22747e-48
-919.543
0
-8.25779e-52
67.0293
0
-2.45273e-52
11.9403
0
-4.83029e-55
0.0706885
0
1.26151e-55
-0.00424342
0
6.16081e-56
-0.00272355
0
2.43214e-53
-3.60376
0
1.91797e-51
-502.468
0
1.24628e-49
-7302.27
0
2.79093e-48
-87005.5
0
1.45402e-46
-224201
0
1.69553e-48
-61694.5
0
4.88001e-51
-219.16
0
5.02072e-48
-215169
0
8.41597e-52
-49.4775
0
4.69716e-50
3654.59
0
1.00221e-47
490980
0
-3.5385e-48
283955
0
6.72426e-50
-2118.11
0
7.66051e-51
-247.336
0
-2.60836e-53
-4.28673
0
2.36994e-53
-5.32986
0
-8.9496e-56
-0.00764214
0
3.44125e-55
-0.0305586
0
7.90935e-52
45.2303
0
-6.21082e-50
-3953.33
0
-1.09034e-49
-49230
0
5.52674e-48
-300715
0
-1.69197e-50
2601.07
0
9.03492e-51
-2281.43
0
4.78236e-53
-20.42
0
1.22947e-50
744.612
0
-1.1967e-47
-331943
0
3.46954e-52
-807.391
0
6.24822e-50
-40.058
0
7.27722e-51
-110.537
0
-3.84061e-51
238.914
0
-8.63981e-35
283967
0
8.48153e-52
29.1925
0
-1.34773e-52
-5.40793
0
8.08004e-56
-0.0792773
0
-3.7343e-56
-0.00872915
0
-6.76235e-56
-0.00823877
0
-1.31917e-56
-0.180543
0
-4.62719e-55
-0.374502
0
-6.73726e-52
-110.11
0
-6.03405e-51
-820.193
0
-1.67302e-50
-2586.25
0
1.95369e-50
-4691.59
0
-8.19306e-50
11049.7
0
7.63769e-52
-291.372
0
-1.44036e-51
-109.379
0
6.62038e-53
-8.66709
0
-9.72301e-53
-140.054
0
2.6883e-55
0.116288
0
-3.49364e-40
-0.122826
0
-1.14198e-45
-4620.14
0
-3.40698e-51
-155.883
0
8.16391e-51
565.54
0
-3.22546e-52
-6.51803
0
-2.93394e-54
-0.387467
0
-6.21781e-52
-192.375
0
-4.68529e-49
-3395.99
0
-1.28729e-46
-69030.4
0
-1.21708e-46
-543418
0
3.97292e-50
624.505
0
-1.87607e-49
-3556.8
0
-1.75214e-52
-4.74971
0
-1.92144e-53
-22.0358
0
-1.57039e-29
-184987
2.10481e-05
-2.46257e-40
192846
0
-8.85419e-51
458.654
0
-2.78708e-54
0.478493
0
-5.24654e-55
0.0445054
0
4.73648e-54
-0.535643
0
-2.02686e-53
8.21739
0
-8.28713e-52
151.931
0
-2.00554e-50
764.406
0
4.17011e-50
-1574.53
0
2.9265e-48
-171485
0
-1.1518e-49
8227.1
0
4.75018e-49
-45157.1
0
-5.74573e-53
5.37818
0
-1.28166e-53
2.56809
0
-3.52779e-53
11.0972
0
1.26964e-54
-0.346627
0
1.24306e-54
-0.187804
0
9.47019e-52
-79.9619
0
9.05735e-49
-33174.1
0
-1.38152e-47
370684
0
4.14e-51
-775.179
0
-1.12183e-51
92.7917
0
4.93363e-53
-19.5577
0
1.15272e-52
-19.3288
0
1.6439e-50
-701.976
0
1.72049e-47
-110218
-1.02504e-06
-9.08515e-49
37342.3
0
1.94627e-35
-278387
0
-4.51013e-47
1648.31
0
3.02796e-53
5.82709
0
-6.29217e-52
-52.6518
0
-7.19844e-54
-0.588474
0
3.70229e-54
0.561448
0
1.12318e-55
0.010578
0
5.07679e-55
0.572838
0
1.31002e-50
497.597
0
-5.10199e-49
-18757.4
0
2.18923e-47
-335087
0
-1.62826e-49
-7996.97
0
1.41077e-48
24641.7
0
-1.8739e-52
-16.4632
0
8.61497e-56
0.0168478
0
-3.0265e-53
-4.86708
0
-4.88449e-56
-0.0753562
0
3.00017e-51
116.529
0
-1.00021e-49
-2940.52
0
-2.46663e-52
-21.4265
0
3.20868e-51
440.631
0
3.39568e-50
1518.84
0
-1.79e-50
-412.118
0
3.81129e-29
22328.8
-5.36078e-07
1.05532e-40
-166946
0
1.00817e-51
-87.4394
0
3.34185e-52
-27.2798
0
1.44154e-53
-1.19602
0
-2.99225e-55
0.168299
0
-2.8965e-55
0.115115
0
3.89941e-56
-0.0786815
0
-3.11049e-54
0.514464
0
-7.33714e-52
759.657
0
-1.19259e-51
195.823
0
1.86236e-49
-52084.4
0
-1.44876e-52
82.727
0
5.56483e-54
-3.79526
0
-7.59422e-52
338.552
0
5.7354e-50
-19057.4
0
-1.04452e-52
46.1229
0
3.4134e-53
-8.22164
0
4.40167e-49
-35391.2
0
-4.86742e-48
287899
0
3.24813e-50
-2629.29
0
2.59196e-53
-2.62262
0
3.11378e-49
-27041.9
0
7.29457e-32
-753466
0
-6.09947e-46
-9061.48
0
4.03859e-52
41.6411
0
-1.50242e-51
-126.838
0
3.56266e-53
3.20321
0
1.68375e-54
0.350739
0
-3.13543e-55
-0.0699764
0
1.32588e-53
2.29304
0
2.01163e-51
411.843
0
-3.26603e-50
-5559.9
0
-2.63327e-49
-93648.1
0
5.26574e-52
355.043
0
-5.21805e-54
-2.56715
0
1.58141e-52
45.0603
0
-4.49085e-53
-13.3604
0
-6.58163e-52
-109.327
0
2.49389e-50
2096.94
0
4.15066e-47
1.65303e+06
0
-9.0477e-50
-7335.05
0
3.64614e-50
2801.12
0
-2.30776e-48
-179258
0
2.5212e-49
10354.4
0
-6.42866e-36
-44810
0
-5.19258e-50
-591.786
0
3.97955e-52
-13.9684
0
8.21382e-55
-0.0337775
0
-6.94468e-55
0.0176245
0
1.22117e-52
-5.89443
0
-2.35243e-51
125.368
0
5.30301e-50
-3036.5
0
6.34236e-48
-87136.9
0
4.12616e-46
-878085
0
2.65552e-47
-640944
0
-8.35065e-50
6224.24
0
-1.55003e-47
728611
0
3.52723e-48
-77890.7
0
3.00363e-51
-115.546
0
4.3664e-51
-255.62
0
-3.79026e-31
513134
0
1.48152e-44
-2508.67
0
4.47118e-52
-33.4779
0
1.10509e-51
-85.6356
0
2.08404e-52
-9.90627
0
-9.6956e-55
0.212505
0
1.69836e-55
-0.0352758
0
7.4626e-55
-0.0255
0
1.74476e-55
-0.004936
0
2.74326e-54
-0.956252
0
-3.58621e-52
71.2756
0
1.60772e-51
-227.626
0
3.95037e-50
-3316
0
1.0894e-48
-47048.1
0
1.92268e-43
-192385
-6.19861e-05
-3.11387e-47
669670
0
6.20802e-49
-27042.5
0
1.50604e-52
-186.925
0
2.13314e-49
-10257.5
0
-2.34488e-48
104778
0
7.35585e-52
-96.8043
0
2.2238e-52
-15.7043
0
2.26464e-53
-54.4462
0
-3.31249e-51
903.26
0
5.59557e-50
-1439.15
0
1.59134e-52
-6.78184
0
3.78141e-50
-1218.82
0
7.98546e-52
62.3676
0
-2.88519e-52
-77.0063
0
-5.71768e-53
-6.92282
0
-2.68276e-53
-2.2912
0
1.23354e-55
-0.0072083
0
-5.0111e-52
-37.063
0
-9.67381e-51
-562.387
0
-3.73605e-50
-7854.17
0
-9.81874e-49
-86327.8
0
2.23898e-50
-3276.19
0
1.60343e-49
-45036.1
0
2.49214e-52
-112.855
0
-3.61485e-53
-325.559
0
-1.27338e-49
-58762.1
0
1.7774e-50
-3131.13
0
-2.29925e-51
152.695
0
1.41961e-53
-0.723421
0
3.5592e-31
3667.93
-3.6943e-08
-1.75972e-50
-782.756
0
2.1032e-51
84.1821
0
1.35649e-56
-0.0109944
0
-1.82349e-55
-0.0785838
0
-2.2973e-50
-4188.08
0
-5.24754e-50
-1987.2
0
-7.07417e-47
137159
0
9.0332e-52
244.934
0
5.19451e-50
4630.39
0
-4.63395e-49
-35700.7
0
-6.93008e-52
-95.0661
0
-4.11117e-52
-45.2581
0
1.19992e-55
-0.823069
0
-1.90506e-51
-52.242
0
2.57415e-54
0.756161
0
5.15678e-51
754.244
0
-8.40704e-52
37.4241
0
-8.65146e-39
-109185
0
2.91426e-50
3052.73
0
1.87827e-51
35.2938
0
2.20208e-54
0.329296
0
-5.70626e-54
-0.0927251
0
-8.0297e-55
-0.0146967
0
-1.96103e-53
-1.28008
0
1.11203e-52
18.7986
0
-6.98393e-52
-184.085
0
-2.90273e-48
-38475.1
0
-4.37222e-47
-142352
0
1.48731e-49
2347.03
0
-3.81694e-51
-91.7533
0
1.22195e-50
310.356
0
-4.60943e-52
-8.48563
0
-5.83474e-51
-103.323
0
-1.25106e-52
-9.85771
0
-2.10715e-51
-907.69
0
-4.11345e-50
-2821.43
0
-5.93832e-51
-117.752
0
2.81156e-39
0.871961
0
-5.86215e-33
-2890.37
1.648e-07
-8.13817e-48
-1188.09
0
-3.519e-50
2939.84
0
-2.37743e-52
263.717
0
1.12876e-53
-3.57377
0
1.55506e-54
-0.435249
0
1.08843e-55
-0.0315926
0
-1.38646e-54
0.107529
0
-1.20233e-52
10.0023
0
-3.37126e-48
118863
0
4.06737e-47
-114173
0
3.29569e-49
-24557.7
0
9.63973e-49
-48521.4
0
1.04408e-50
-792.803
0
3.63102e-52
-27.7325
0
4.19944e-52
-32.9576
0
-6.79756e-52
240.015
0
1.87759e-50
-1531.06
0
-1.96483e-51
171.968
0
-2.09656e-53
1.62249
0
7.67901e-52
-60.8309
0
-2.55098e-51
-256.432
0
2.47808e-50
2332.59
0
1.57761e-49
12805.7
0
1.10764e-51
829.12
0
-1.71114e-57
-0.00226277
0
-2.78412e-55
-0.0215031
0
4.36006e-56
0.00448591
0
8.87846e-54
1.24554
0
7.21681e-50
2759.03
0
2.26618e-51
168.591
0
-5.13451e-47
-805061
-2.47515e-06
1.20872e-49
7782.66
0
-4.81349e-52
-36.6832
0
-2.31537e-52
-17.629
0
-8.80713e-53
-6.70084
0
4.10744e-50
3079.95
0
-2.78975e-52
-44.9318
0
1.75873e-53
1.34328
0
-2.24191e-51
-171.585
0
-2.96955e-30
-3871.4
6.37108e-08
-1.43731e-40
1967.08
0
1.27006e-49
-7303.48
0
1.16726e-49
-1997.69
0
8.94922e-51
-377.089
0
3.3038e-53
-1.54811
0
1.32119e-54
-0.0766176
0
-7.77644e-55
0.0490836
0
5.00855e-54
-0.282953
0
-2.21497e-51
115.165
0
9.75022e-51
-5391.84
0
1.18724e-48
-85863.5
0
5.28989e-50
-31872.2
0
9.20712e-51
-4590.43
0
4.87646e-51
-2918.93
0
9.17551e-50
-34808.1
0
1.01933e-50
-257.901
0
1.9708e-52
-9.87714
0
-1.17436e-51
50.1628
0
6.71427e-50
-1473.58
0
7.78226e-54
-3.61147
0
-9.90821e-51
482.872
0
5.01168e-52
-25.3717
0
-9.71048e-52
23.5075
0
1.68717e-43
-38.6584
0
-8.22137e-51
-604.584
0
2.44351e-50
2436.12
0
5.76679e-52
-144.247
0
-6.13173e-52
107.436
0
1.44371e-54
-0.411031
0
1.18467e-53
1.36389
0
-1.07128e-51
-374.044
0
6.5218e-52
271.343
0
-7.4551e-53
272.488
0
3.03666e-51
-1464.12
0
2.64757e-55
-1.47117
0
9.23143e-50
-8024.71
0
2.43265e-51
-80.7095
0
5.81588e-53
-5.25854
0
1.97926e-51
-241.507
0
-1.93623e-52
14.7425
0
-1.15211e-53
1.86308
0
-6.59793e-54
0.593598
0
1.10726e-52
-21.9135
0
-1.15141e-40
-0.0384416
0
3.07581e-38
80.4486
0
1.42935e-51
-157.209
0
-1.0611e-50
-436.267
0
-2.95781e-56
0.0101514
0
7.4275e-55
-0.107635
0
-3.27238e-55
0.938191
0
-1.84665e-53
1.44022
0
-3.71083e-51
1351.39
0
2.1762e-49
-17361.8
0
-4.27172e-53
11.0006
0
2.13309e-50
-737.054
0
3.20562e-51
-144.381
0
4.86329e-52
-16.2788
0
1.34047e-52
16.142
0
-7.28886e-50
7094.93
0
-8.05342e-53
-10.5874
0
-1.1709e-50
-697.071
0
2.37446e-55
0.0189002
0
2.52284e-30
14407.8
-2.17761e-06
1.56977e-51
-40.8549
0
1.7498e-50
-320.426
0
6.87233e-53
-26.2436
0
-6.32728e-56
0.049967
0
3.93337e-57
-0.00151653
0
5.91236e-56
-0.0019709
0
9.78641e-51
-214.069
0
1.90761e-49
-8121.94
0
2.54784e-49
-10996
0
-2.25152e-52
64.8149
0
-6.54323e-53
10.5557
0
-3.00431e-55
0.165658
0
5.44044e-52
-84.8206
0
6.52913e-51
-216.157
0
1.00214e-52
-3.3158
0
1.75948e-53
-0.830309
0
1.23618e-52
-5.9059
0
-1.52292e-52
14.1388
0
6.8113e-45
3601.16
0
-2.07394e-54
0.487878
0
-4.71734e-55
0.0715625
0
-1.36838e-55
0.0128918
0
7.44109e-53
-5.86647
0
-3.11845e-53
35.1836
0
-2.05582e-51
341.756
0
-1.05904e-50
402.27
0
5.15892e-49
-19005
0
1.93045e-43
-188781
-3.01435e-05
-8.26674e-49
55074.3
0
1.04221e-48
-51166.6
0
7.64126e-52
-67.1708
0
-5.38665e-55
0.206541
0
-5.82373e-56
0.00963891
0
1.4501e-54
-0.230335
0
1.66248e-47
-575060
0
-1.19219e-50
1019.16
0
-1.07742e-53
1.20455
0
9.14287e-49
-35131.7
0
2.84997e-49
-12497.6
0
-5.01449e-30
-72072.4
7.47096e-07
1.28093e-53
7.26846
0
-4.40824e-54
-2.73452
0
3.92275e-58
0.00129872
0
2.32967e-54
0.203356
0
-5.04282e-56
-0.00426514
0
3.33404e-53
5.50211
0
1.76858e-50
673.622
0
-4.73733e-48
-156710
0
-8.40711e-49
-155970
0
6.17901e-48
728659
0
-1.63728e-51
-824.418
0
-7.43083e-54
-1.12228
0
-6.91371e-55
-0.0963465
0
-1.43343e-50
-551.837
0
2.10146e-50
830.602
0
-8.60389e-49
-31417.2
0
2.36185e-47
608739
0
-1.01658e-51
-402.834
0
-2.14452e-49
-8813.37
0
-3.42397e-48
-43745.7
0
-7.76216e-36
-4508.44
0
4.85611e-33
-377180
0
-2.72832e-52
28.1381
0
1.68958e-53
-1.45911
0
-4.55407e-53
4.09859
0
-8.50275e-55
0.177202
0
-1.65454e-55
0.0607646
0
-1.52886e-54
0.299876
0
1.80459e-54
-0.402887
0
2.53327e-50
-24984.6
0
-4.15587e-50
15110
0
4.74644e-54
-2.71836
0
4.38817e-56
-0.109334
0
9.97945e-52
-764.634
0
2.30425e-51
-732.214
0
7.58955e-54
-2.25871
0
2.03274e-52
-33.7772
0
-3.20376e-51
262.872
0
-1.54368e-48
112462
0
1.2026e-48
-91566.7
0
3.06608e-52
-23.8617
0
5.93889e-51
-547.096
0
-2.89334e-49
21533.3
0
-3.48961e-49
14393.8
0
-7.90387e-37
-5235.77
0
1.86585e-51
213.317
0
-5.30372e-53
-4.40125
0
2.44416e-56
0.0137369
0
-1.94412e-54
-0.321425
0
8.17336e-53
84.7087
0
1.58645e-51
904.045
0
-7.08962e-53
-48.3297
0
-5.65159e-49
-201507
0
-4.02355e-52
-93.3225
0
-3.12729e-53
-9.88229
0
-2.47788e-51
-203.292
0
7.46642e-50
6248.51
0
3.52053e-51
275.727
0
-2.49221e-51
-277.321
0
-1.57164e-49
-12710.5
0
-8.67247e-49
-65710.9
0
-7.22196e-36
-2185.65
0
-2.50629e-51
80.7395
0
1.62611e-51
-53.5052
0
-7.76417e-54
0.359208
0
-6.82358e-56
0.00178351
0
3.18376e-56
-0.00121686
0
-6.66168e-51
337.797
0
5.13657e-50
-2274.31
0
2.02632e-49
-6139.93
0
2.09013e-44
-724107
0
-4.43316e-47
650968
0
4.39465e-49
-10382.6
0
-2.85384e-50
955.559
0
2.03411e-48
-44268.8
0
5.09228e-50
-13280.4
0
-1.09698e-28
-56899.2
3.99185e-05
-1.52107e-34
-60922.9
0
1.7826e-52
-15.1337
0
1.12942e-53
-1.41083
0
2.58757e-54
-0.0609211
0
8.48319e-55
-0.0513792
0
4.49612e-53
-7.28426
0
-5.61464e-52
161.654
0
1.48625e-51
-99.3967
0
1.76327e-48
-73881.5
0
2.3147e-52
-12.0755
0
-2.66894e-47
-704951
-2.83091e-06
3.15825e-51
-698.011
0
-9.68104e-52
29.301
0
2.94368e-51
-105.459
0
1.10131e-51
-27.219
0
1.22695e-50
-688.38
0
-3.20184e-32
702447
0
-2.59001e-50
-1015.34
0
9.29867e-52
78.7986
0
-1.73758e-52
14.7204
0
3.04214e-54
0.163615
0
2.18898e-55
-0.00846467
0
-7.84859e-51
-533.178
0
-1.72168e-50
-1743.72
0
-2.01262e-47
-168498
0
4.62518e-52
-116.788
0
1.99247e-48
-388525
0
-2.65988e-50
4142.34
0
2.39616e-53
-68.1835
0
3.81459e-53
2.26669
0
-2.63349e-52
-251.033
0
-4.93323e-54
0.236194
0
-2.48003e-50
-2247.8
0
-9.71655e-52
-30.2573
0
-6.84966e-51
-335.082
0
6.08173e-57
-0.0794511
0
1.30276e-55
0.00791226
0
-9.51152e-52
-415.512
0
-8.16907e-53
-647.846
0
-8.75328e-50
-9959.4
0
-2.58414e-48
-91681.1
0
-2.74101e-47
-171961
0
2.38327e-50
2178.99
0
-8.07925e-53
-6.67025
0
3.74836e-52
209.544
0
4.53557e-53
-5.92796
0
6.10729e-51
-4817.12
0
-4.46955e-51
-291.791
0
-1.89681e-53
-4.2476
0
-4.8112e-52
-50.995
0
1.07069e-51
398.133
0
4.91907e-52
155.879
0
-1.66748e-33
-4881.07
5.12205e-09
-8.85156e-53
-29.3528
0
1.6834e-54
0.112355
0
-1.99221e-54
-0.0306412
0
-2.80298e-55
-0.0049812
0
4.95891e-53
7.85555
0
-3.82205e-48
-55666.6
0
8.92151e-48
97869.1
0
-5.11918e-50
-952.855
0
-1.38068e-51
-28.0272
0
4.95321e-52
28.9851
0
-1.90361e-51
-502.036
0
6.88071e-53
1.26316
0
-2.32493e-50
2193.88
0
-3.72464e-49
30415.1
0
2.93631e-52
-220.286
0
5.95619e-55
-0.948122
0
1.16031e-53
-4.85615
0
4.99908e-55
-0.105735
0
6.87176e-57
-0.00908785
0
2.69711e-55
-0.0208604
0
9.50882e-56
-0.00976232
0
-6.19152e-48
300608
0
1.67267e-51
-211.852
0
-2.68298e-49
19234.9
0
-3.50117e-50
2669.16
0
2.49822e-52
-19.0317
0
1.31922e-50
-1006.93
0
2.82065e-52
-25.2095
0
1.1793e-51
-190.119
0
1.44998e-50
-1163.18
0
-6.10099e-44
-8578.97
0
-1.73736e-50
-1512.75
0
-1.35956e-53
-3.80329
0
-7.85535e-55
-0.227816
0
-1.06356e-55
-0.00824145
0
1.60547e-54
0.124122
0
1.10648e-55
0.00967631
0
-4.95472e-54
-0.594028
0
7.4558e-52
64.4044
0
-8.03743e-50
-7558.13
0
-1.11961e-47
-146796
0
-1.09103e-47
-202333
0
7.26099e-50
5420.54
0
-5.12933e-50
-3812.78
0
-1.61835e-48
-73388.9
0
-1.69125e-49
-12561.4
0
-4.32441e-51
-329.195
0
-7.02434e-53
-5.35203
0
-2.70407e-53
-2.11712
0
1.9569e-52
14.9617
0
-3.3442e-52
-56.6257
0
-1.50425e-51
-132.895
0
-8.47474e-54
-0.530998
0
-3.09886e-52
-23.8087
0
5.06455e-52
22.8422
0
1.65703e-36
-123.626
0
-2.57002e-44
-4704.32
0
9.05478e-49
-20969.7
-4.27889e-07
1.39291e-52
-4.5364
0
-1.31919e-55
0.00717096
0
5.36582e-55
-0.0378989
0
-2.25987e-52
17.2311
0
4.14467e-51
-739.986
0
-2.25565e-52
36.9121
0
7.1191e-48
-65891.6
0
-2.28186e-49
90531.4
0
8.08266e-53
-52.839
0
2.9504e-52
-5.32725
0
4.93639e-52
-19.3424
0
1.32761e-49
-2912.34
0
-2.35347e-53
7.54463
0
1.01035e-51
-37.058
0
6.63874e-45
-1138.3
0
1.43408e-50
2022.4
0
9.41374e-52
-518.613
0
1.89499e-54
-0.502818
0
3.60537e-55
-0.0602287
0
-6.70866e-55
-0.0924731
0
9.97774e-52
177.797
0
5.80312e-50
15990.9
0
1.96016e-53
-16.2474
0
-1.81638e-51
4623.14
0
-6.4189e-50
1604.12
0
4.0824e-51
-213.7
0
9.66595e-52
-24.6646
0
2.5541e-50
-987.917
0
-2.17323e-50
831.53
0
2.05561e-51
-1378.1
0
-2.27941e-55
0.0518013
0
-2.33288e-53
8.53591
0
9.69102e-53
-25.6214
0
-1.20852e-31
-14258.4
2.08449e-08
-2.70501e-51
369.281
0
-1.0151e-53
-0.41507
0
-2.33679e-55
-0.0108482
0
4.10492e-57
0.00158684
0
-2.99875e-56
-0.0574639
0
-1.26419e-51
391.822
0
3.19413e-51
-587.869
0
-1.1196e-50
2626.96
0
-1.88978e-49
14598.7
0
-8.03928e-52
1330.82
0
-9.93745e-52
337.377
0
-2.43906e-54
1.28546
0
9.93021e-52
-578.548
0
1.36992e-51
-56.2232
0
3.05288e-52
-10.4345
0
2.38853e-54
0.613906
0
3.11786e-52
77.528
0
-8.40585e-53
-7.54355
0
-1.82788e-54
-0.914397
0
6.08938e-51
302.557
0
-3.52145e-53
-3.42102
0
2.70905e-51
-56.3594
0
2.77401e-57
-0.000388613
0
-6.05719e-54
0.151165
0
-8.41468e-53
13.1989
0
1.09718e-51
-140.639
0
2.66109e-50
-635.599
0
4.93818e-51
-136.571
0
2.73123e-52
-10.3516
0
1.21404e-52
-3.90658
0
-1.20225e-52
-4.92022
0
5.07325e-53
-6.99218
0
-5.55517e-55
0.0715675
0
6.28287e-54
-2.63276
0
-1.69888e-53
3.59921
0
5.59037e-41
-101.008
0
-2.59649e-53
9.90364
0
-5.8705e-51
1011.89
0
-1.52314e-50
-239.913
0
3.74113e-53
-1.66249
0
8.06279e-55
-0.0675256
0
-3.94891e-57
-0.00890751
0
2.18568e-53
16.7341
0
-3.99656e-50
-1791.72
0
-4.47869e-49
-16064.9
0
-7.599e-53
-18.6993
0
9.26069e-54
1.79746
0
1.00686e-51
-47.7097
0
-1.40163e-50
-689.063
0
-3.51563e-51
-193.946
0
-5.7167e-54
-0.633429
0
-4.01324e-54
-0.6542
0
1.85238e-54
0.812294
0
3.05703e-51
595.525
0
-2.51919e-51
224.437
0
4.96009e-54
-0.20247
0
1.39771e-52
-5.88878
0
-2.45377e-40
-0.0483592
0
-6.54662e-32
-138.216
3.28617e-09
-9.65869e-52
-65.187
0
-2.74808e-51
-369.41
0
-4.32115e-51
-386.559
0
1.28127e-54
-0.636546
0
1.40611e-57
0.000976213
0
-3.42021e-57
-0.000691613
0
-5.19403e-50
-8360.99
-4.47174e-08
-1.81891e-51
-300.529
0
-2.46703e-52
-69.6166
0
-7.18513e-54
-3.91759
0
-9.71781e-53
-20.0828
0
-1.0908e-50
-399.659
0
-1.39479e-50
-387.433
0
-2.54569e-52
-7.03173
0
1.47077e-54
-0.19903
0
1.11912e-52
-11.7261
0
-1.88302e-51
-89.3155
0
4.71982e-54
-1.74956
0
2.85629e-55
-1.13123
0
-1.11294e-54
0.500199
0
3.26753e-56
0.0223448
0
-1.79406e-55
-0.0584849
0
-2.23331e-54
-0.531791
0
-4.07649e-49
13.943
0
2.91835e-50
1437.25
0
-4.00928e-51
-148.867
0
-7.80804e-51
-553.418
0
-3.89671e-55
-0.0248431
0
-1.39427e-56
-0.00127756
0
3.39299e-54
0.237865
0
7.12788e-53
3.76376
0
2.17716e-51
209.816
0
3.57589e-53
2.63548
0
-8.07714e-52
-17.9963
0
-8.69459e-54
-0.172153
0
-6.62939e-54
-0.352787
0
-1.29223e-50
-276.657
0
5.81658e-52
23.9161
0
5.20277e-53
1.60855
0
-1.06755e-53
-0.395631
0
-2.66235e-40
-0.0498514
0
-2.72054e-45
-0.336031
0
-2.77047e-52
14.8497
0
3.24801e-53
-2.34376
0
2.86682e-54
-0.16251
0
3.59896e-56
-0.00194846
0
-2.19198e-56
0.00136831
0
8.26258e-53
-6.26732
0
-1.80473e-49
10935.8
0
2.96678e-52
-14.1547
0
9.69448e-51
-452.391
0
7.46329e-52
-51.1452
0
-6.89278e-51
-285.25
0
-6.7059e-53
-2.69489
0
-5.04468e-53
-2.09196
0
-3.68037e-53
5.26135
0
5.02711e-54
-1.3613
0
1.93528e-53
-3.05546
0
-1.47247e-55
0.0158829
0
-8.636e-57
0.00121204
0
-2.92686e-30
-677.692
5.43925e-07
3.5831e-45
-181.896
0
1.05673e-49
1652.44
0
-4.24191e-50
-909.94
0
-1.99583e-50
-552.244
0
1.198e-52
3.62455
0
-2.46379e-54
-0.0732412
0
-6.9216e-56
-0.00245861
0
3.02375e-54
0.0840479
0
3.73291e-51
144.589
0
-1.62745e-53
-3.77297
0
3.21401e-56
0.0555188
0
7.50567e-54
0.876778
0
-1.82635e-53
-1.2837
0
-2.83194e-53
-5.29857
0
-1.67243e-53
-10.0471
0
-3.51775e-54
-0.547083
0
-1.24079e-55
-0.00579221
0
-2.74149e-54
-0.13786
0
-4.32801e-55
-0.0418004
0
-9.19058e-53
-9.86947
0
1.01433e-50
335.914
0
-5.04114e-54
-0.142075
0
-3.52094e-55
-0.0473589
0
5.85107e-55
0.0489389
0
-3.29291e-41
-0.0204885
0
-4.07356e-53
23.2326
0
-4.65457e-54
2.89105
0
-9.56772e-54
0.792271
0
-2.14693e-55
0.0356958
0
-1.46824e-55
0.0273593
0
-6.69091e-54
0.584568
0
2.209e-49
-7774.59
0
2.34575e-49
-24978.9
0
-8.92274e-51
968.665
0
1.28766e-50
-495.899
0
-2.07135e-50
818.484
0
8.77791e-49
-109292
0
6.88382e-52
-28.0074
0
5.14232e-49
-21169.6
0
2.9895e-53
7.02708
0
1.18881e-54
0.100814
0
4.3279e-55
0.0495648
0
8.4058e-54
0.79851
0
-2.12498e-53
-1.67353
0
1.24176e-52
22.7471
0
-5.68265e-48
-603932
-2.47506e-06
9.70522e-54
3.71976
0
1.8352e-51
265.943
0
-6.17971e-54
-0.98125
0
-2.92099e-54
-7.64785
0
-1.60917e-49
-6152.71
0
-2.32217e-47
-800515
0
8.53048e-49
84294.9
0
2.83853e-50
2422.68
0
-1.06051e-50
-1484.16
0
-1.9205e-50
-819.957
0
5.642e-48
201293
0
-4.61539e-50
-1903
0
-1.10922e-51
126.866
0
1.11455e-51
-89.894
0
-7.39098e-56
0.0169562
0
-8.19486e-48
407190
0
-3.89877e-49
164147
0
-1.7368e-49
138248
0
4.4978e-55
-0.221405
0
3.52041e-51
-289.373
0
-7.80158e-50
6527.24
0
-1.90323e-47
1.00682e+06
0
5.62364e-50
-4572.81
0
-2.49992e-50
2205.66
0
5.6175e-49
-37715.5
0
-4.54368e-51
-392.37
0
-5.20899e-52
-42.5114
0
3.78848e-55
0.0806572
0
-2.5669e-56
-0.00543594
0
2.54911e-52
55.1367
0
-6.03879e-54
-82.8606
0
-7.30544e-48
-142351
0
-4.60722e-51
-2168.78
0
-1.22356e-53
-30.4521
0
-2.05334e-50
-6510.33
0
-4.22786e-52
-80.6656
0
-2.35443e-52
-46.2031
0
-3.83435e-51
-387.546
0
4.68472e-50
3889.16
0
7.10208e-48
493759
0
8.25061e-48
471771
0
-2.74082e-52
-21.2857
0
-1.28497e-50
-1137.69
0
2.34677e-52
22.5159
0
-4.02607e-51
-370.813
0
-1.68311e-28
-73426.8
4.17438e-06
-1.90085e-51
58.0759
0
1.80114e-52
-7.38827
0
1.79047e-53
-0.878086
0
-2.33037e-55
0.00766032
0
1.70115e-53
-0.724069
0
4.31783e-52
-18.157
0
1.42536e-50
-625.446
0
3.41708e-49
-11034.3
0
2.9608e-49
-7502.85
0
1.99909e-47
-382778
0
-1.07353e-49
2717.72
0
1.39485e-47
-298480
0
6.26825e-51
-134.02
0
7.23776e-50
-4316.63
0
8.80742e-50
-8197.07
0
8.23466e-52
-40.0087
0
-2.16497e-54
0.412187
0
1.05508e-50
-2372.81
0
7.13545e-47
-399657
0
-1.31798e-51
164.361
0
1.41353e-51
-96.7335
0
3.02722e-53
11.3585
0
-4.36872e-50
-3939.89
0
7.07062e-48
-491574
0
4.87149e-51
-1732.56
0
-7.63263e-49
18020.5
0
-9.64213e-50
2301.7
0
-3.79346e-53
1.13151
0
1.67355e-29
15505.6
-1.01163e-06
-2.36013e-47
348.684
0
-1.10184e-51
-94.4233
0
-9.70095e-52
-234.89
0
2.24657e-54
0.148081
0
2.407e-54
-0.0749213
0
3.61719e-55
-0.0110649
0
1.01018e-56
-0.000960013
0
-2.71583e-49
-12688.9
0
-2.45448e-47
367284
0
2.039e-51
-642.326
0
2.29706e-53
-7.08781
0
-9.54443e-51
-10810.3
0
-5.86859e-49
-165056
0
4.30813e-53
-50.0403
0
1.1377e-52
-5.15168
0
-1.53556e-50
789.747
0
-6.98802e-51
366.78
0
-2.85576e-39
-40852.1
0
-3.77467e-51
-158.706
0
4.2183e-52
55.2327
0
-2.68295e-56
-0.0437433
0
6.22529e-57
0.235258
0
-4.45277e-55
-0.0306483
0
-4.39121e-56
-0.00298108
0
1.5755e-52
66.082
0
-6.8039e-49
-49822.6
0
1.85783e-47
526066
0
8.03049e-51
704.924
0
2.07923e-48
125795
0
-1.48594e-52
-22.2699
0
3.73932e-53
-4.94124
0
-3.75835e-52
-311.556
0
1.9418e-49
83900.4
0
-4.38337e-53
-8.96082
0
-9.5249e-50
-3864.18
0
4.57499e-52
101.007
0
-5.19391e-51
-406.514
0
-3.14538e-54
-0.250618
0
-5.88795e-55
-0.00913611
0
-1.05243e-55
-0.0167404
0
7.35064e-55
0.492857
0
-2.92867e-52
-41.1886
0
-4.98923e-49
-8525.65
0
1.32326e-48
30029.2
0
-5.87048e-51
-103.875
0
-1.40923e-51
-30.1914
0
-7.75344e-50
-4897.97
0
-2.18723e-51
-255.4
0
-1.45275e-49
-1651.45
0
4.84408e-53
0.87685
0
-1.89812e-50
-514.631
0
8.42645e-42
-8602.85
0
2.93155e-50
-2604.82
0
9.80384e-56
-0.00759754
0
6.21286e-55
-0.0483051
0
-5.40708e-54
0.646766
0
3.25754e-50
-3070.79
0
3.50917e-47
-388384
0
1.85441e-47
-286171
0
6.38067e-50
-4747.81
0
8.02065e-49
-41246.1
0
2.15532e-49
-16324.7
0
4.81906e-52
-36.7635
0
6.83969e-52
-52.0256
0
-2.85096e-52
21.9417
0
-4.2568e-52
32.4615
0
7.91896e-52
-134.044
0
-5.27435e-52
23.6895
0
-4.18765e-39
-3557.21
0
-7.62873e-51
-1736.09
0
-1.78946e-50
-1502.38
0
-7.12436e-50
-16283.4
0
-2.02351e-53
-32.1981
0
-6.97538e-54
-1.47261
0
-5.62655e-55
-0.0995876
0
-3.07625e-54
-0.288626
0
1.72314e-52
14.3114
0
5.97516e-50
6183.08
0
-6.10743e-48
-26887.6
0
-1.57555e-48
-115716
0
-9.63196e-52
-121.716
0
2.67994e-50
1535.9
0
-1.02563e-50
-778.202
0
-1.45737e-52
-11.1094
0
-2.3335e-52
-17.8294
0
7.59463e-51
575.257
0
-3.43709e-52
-112.545
0
-1.19155e-52
-10.2434
0
-1.25647e-51
-95.7136
0
3.07983e-39
1.48081
0
2.7216e-50
-1055.99
0
-1.74746e-49
10407.4
0
4.64301e-52
-16.5557
0
4.55943e-53
-1.52277
0
2.58583e-55
-0.00924568
0
1.09985e-53
-0.547179
0
3.317e-49
-57491.3
0
-1.07611e-48
97123.4
0
-3.3167e-49
61186.1
0
5.35149e-52
-126.461
0
1.63837e-51
-28.658
0
4.9907e-53
-1.30139
0
2.04648e-51
-34.9065
0
2.55212e-52
-7.81434
0
5.24301e-50
-1179.15
0
1.6606e-51
-70.9557
0
-1.2237e-52
4.80543
0
-1.7755e-51
71.6117
0
-2.5607e-33
1419.45
0
1.90958e-51
272.543
0
-1.79959e-55
-0.0210171
0
7.61615e-55
0.0892988
0
-4.76013e-55
-0.0422658
0
2.32437e-52
18.9443
0
1.80309e-50
-15421.5
0
1.04477e-50
-4741.95
0
-4.40268e-50
72871.7
0
1.95557e-52
-5.41795
0
2.64129e-54
-0.218778
0
-1.44891e-52
19.4265
0
-4.07666e-49
15819.9
0
-8.94955e-52
432.89
0
1.0363e-54
-11.0151
0
1.2338e-50
-1490.74
0
2.28061e-50
-1856.07
0
-1.22282e-54
-0.0621482
0
-6.70402e-56
-0.0232858
0
4.42228e-51
-288.729
0
-1.5139e-53
20.645
0
-2.55114e-52
63.8351
0
6.18826e-52
-262.28
0
7.90483e-55
0.282969
0
-4.1954e-50
770.222
0
4.54665e-52
-13.2042
0
-1.02226e-53
-7.06018
0
6.30612e-50
-3232.34
0
-2.37513e-53
9.17021
0
6.41339e-52
82.6981
0
-6.72731e-52
-45.3157
0
-6.91086e-52
-36.8081
0
-2.3829e-51
-160.279
0
2.3767e-52
18.5298
0
8.80164e-41
-164.861
0
-1.48239e-51
28.3757
0
-2.14422e-52
38.6729
0
3.06654e-55
-0.0950024
0
-7.99174e-53
1.96947
0
-3.70679e-51
111.774
0
6.05356e-52
-107.069
0
-1.36193e-54
0.483276
0
2.5732e-50
-994.927
0
2.47755e-53
-0.704594
0
2.90351e-53
-0.712987
0
3.6675e-52
14.0834
0
2.9855e-52
-36.7466
0
3.65615e-54
-0.281818
0
-4.20718e-57
0.00123313
0
-8.47436e-54
1.88823
0
1.60165e-53
-6.29189
0
-7.20744e-41
-0.125169
0
-3.27456e-53
-59.9602
0
1.67765e-51
-1786.56
0
3.31266e-54
-0.207599
0
-1.84707e-56
0.00121583
0
6.48549e-57
-0.000879489
0
-1.57396e-55
0.029217
0
-4.14282e-55
0.237482
0
-5.35818e-54
7.43056
0
1.35636e-51
60.9424
0
-1.51148e-50
-765.083
0
2.93047e-49
11694.7
0
-9.86614e-52
-228.607
0
2.74774e-52
32.5756
0
1.11208e-52
-5.09112
0
-2.05518e-53
1.11627
0
-6.38243e-51
-959.531
0
-6.89874e-51
-330.53
0
-6.40824e-54
-0.39399
0
9.02597e-55
0.203633
0
-4.22589e-54
-1.21262
0
-3.3204e-51
835.889
0
-7.07544e-53
2.65846
0
-1.20235e-53
0.469014
0
5.95921e-55
-0.0489226
0
-4.50452e-38
16.9679
0
-5.40247e-52
-27.7075
0
-1.71088e-50
-1715.79
0
-1.63569e-51
-150.261
0
2.05532e-53
-4.30746
0
2.82945e-55
-0.193151
0
2.88285e-56
-0.0232382
0
4.22442e-58
0.000216995
0
5.3451e-56
0.177585
0
2.87564e-53
3.93586
0
-7.55416e-51
-1088.74
0
3.62754e-51
798.306
0
-1.67542e-50
-2642.55
0
3.28909e-56
0.0627532
0
-8.18495e-53
-35.7128
0
-1.18197e-52
-3.1113
0
-4.79077e-53
7.9501
0
2.99291e-50
1045.63
0
2.80608e-51
207.146
0
1.4254e-53
1.99191
0
-8.84684e-55
-0.387862
0
-1.47602e-40
-0.0264888
0
-3.34445e-29
-20041.2
1.44823e-05
-9.13625e-40
24.6405
0
-7.25235e-51
-648.054
0
1.94821e-51
79.8788
0
-3.93517e-52
-34.9465
0
-1.41441e-55
-0.00927217
0
1.39781e-53
0.665778
0
-9.75773e-53
-6.50212
0
-6.89946e-52
-59.3937
0
-1.60337e-50
-295.137
0
-3.87628e-51
-81.34
0
-1.25145e-52
-2.29921
0
-3.38182e-54
-0.184179
0
-6.58007e-52
-41.1975
0
-4.10563e-53
-1.39856
0
-1.70152e-52
-6.86868
0
-3.22542e-55
-0.0105627
0
2.83095e-53
0.895512
0
-1.01203e-36
-903.39
0
-2.8095e-50
2576.78
0
1.01279e-52
-60.6953
0
2.29509e-51
-1330.18
0
8.665e-51
-665.643
0
3.99358e-55
-0.0284274
0
-1.25692e-54
0.078686
0
2.53563e-51
-116.812
0
-5.31021e-53
3.64427
0
-2.54052e-56
-3.40379
0
2.75562e-53
-37.3083
0
-2.13611e-54
-0.100446
0
-1.05539e-53
-0.530716
0
5.95385e-52
552.989
0
3.29299e-54
-0.451047
0
-1.26335e-53
1.98874
0
9.26856e-55
-0.174478
0
-1.12987e-40
-0.0697797
0
-6.13367e-36
66.5944
0
-5.20504e-50
-1294.82
0
1.29739e-50
278.268
0
-6.12748e-53
-1.62819
0
-5.46199e-54
-0.161317
0
-8.72744e-56
-0.00277265
0
1.1738e-55
0.00332058
0
1.06036e-53
0.292605
0
-2.47432e-49
-6269.71
0
9.0094e-52
85.0312
0
-4.86295e-53
-4.48955
0
3.03507e-53
3.11307
0
9.23109e-55
0.122574
0
-1.59668e-51
-105.62
0
-2.44393e-54
-0.126276
0
3.54583e-55
0.0192835
0
-7.52479e-54
-0.518275
0
-5.57022e-55
-0.0455024
0
-1.97873e-54
-0.150809
0
-1.9973e-51
-95.1922
0
5.61132e-51
151.278
0
7.97747e-53
3.22166
0
-2.62037e-55
-0.00935548
0
4.76329e-56
0.0045198
0
-9.76621e-56
-0.0166235
0
-5.17587e-56
-0.00421423
0
2.87872e-56
-0.0754028
0
-4.40439e-50
1707.14
0
1.96832e-51
-275.553
0
6.33533e-55
0.105296
0
2.98069e-52
49.506
0
-6.80242e-49
-23899.3
0
7.31795e-50
7907.85
0
-1.01389e-53
-0.821041
0
1.35702e-52
27.1812
0
-1.45704e-50
-2232.07
0
8.13156e-54
2.74318
0
-1.25149e-53
-3.41545
0
-4.18971e-51
-5702.54
0
4.56093e-51
377.088
0
2.52676e-51
-213.678
0
-7.91462e-56
0.0251597
0
-2.01369e-53
3.64437
0
1.18365e-51
-15629.9
0
7.19323e-49
-99028
0
3.96285e-53
-7.77945
0
-1.13823e-50
958.729
0
-1.45472e-52
13.9605
0
2.10678e-50
-1735.26
0
1.6074e-51
142.363
0
-3.70934e-53
-3.20499
0
-2.67689e-56
-0.00942255
0
3.37683e-55
0.0661959
0
1.6087e-49
28893.6
0
-9.28896e-51
-3742.02
0
-7.88303e-49
-229497
0
-2.65523e-50
-20270.7
0
-1.6876e-52
-40.6335
0
1.39612e-47
762200
0
1.46778e-51
123.428
0
-4.83894e-49
-39772.7
0
-5.2778e-51
248.163
0
-1.51853e-55
0.00487811
0
1.68228e-46
-442712
0
-1.34836e-49
2973.71
0
6.08688e-51
-193.155
0
9.06737e-49
-32211.8
0
1.49736e-51
-56.3821
0
1.93263e-50
-818.319
0
1.10899e-50
-306.015
0
1.02976e-49
-9000.84
0
-1.63023e-51
128.996
0
2.90461e-51
-260.19
0
4.06245e-56
-0.00136574
0
-1.5328e-55
0.00590011
0
2.32907e-50
-7052.17
0
-6.42905e-53
57.2826
0
2.13809e-51
-103.629
0
-1.58725e-48
-131464
0
-5.14934e-47
-1.76157e+06
0
1.31177e-48
-106100
0
1.89484e-52
-5.25938
0
4.98367e-51
-319.017
0
3.6952e-36
-60323.7
0
3.69515e-54
0.202234
0
-3.60178e-50
-2268.23
0
-2.06606e-45
339866
0
-5.96046e-52
93.0304
0
-1.06049e-50
2131.86
0
-1.46877e-48
222962
0
7.37111e-53
-17.3855
0
-3.77418e-50
-1978.68
0
-4.12909e-51
-25057.8
0
9.32552e-48
439045
0
3.67291e-50
1528.3
0
1.14073e-51
-60.481
0
1.42739e-52
-145.52
0
-7.81769e-53
-8.82548
0
6.02455e-56
0.0635531
0
1.92194e-52
21.1636
0
-5.58889e-50
-10566.5
0
4.37561e-52
-40.4921
0
-4.11049e-48
-317480
0
1.87369e-50
-2180.37
0
-1.33389e-50
1466.71
0
6.68302e-49
256685
0
-6.39454e-50
-28335.7
0
-8.7914e-51
-552.561
0
-1.88796e-53
-1.17494
0
2.61015e-54
0.0563302
0
-2.92832e-54
-0.202858
0
-1.27558e-51
-225.083
0
-3.60157e-46
-498392
0
-2.90804e-49
-5887.62
0
1.05731e-47
151401
0
-1.4735e-50
-313.026
0
-7.75297e-53
-12.7075
0
-2.15871e-49
-2994.9
0
1.59385e-50
266.688
0
4.12056e-53
0.697794
0
-1.34189e-51
-26.9073
0
4.36431e-37
-9124.36
0
-2.63091e-51
283.653
0
5.63884e-52
-145.423
0
1.27823e-54
-0.256009
0
6.95729e-56
-0.0123321
0
2.23652e-54
-0.209865
0
-8.85343e-54
1.24143
0
2.60666e-50
-2162.85
0
2.97003e-49
-22546.4
0
6.84756e-49
-81886.9
0
2.46277e-49
-18335.6
0
-2.57186e-51
225.891
0
-3.53062e-51
271.354
0
-1.15754e-49
6980.64
0
1.4775e-51
-112.821
0
1.48848e-52
-11.3632
0
2.15867e-52
-16.5275
0
9.87045e-53
-7.5431
0
3.16786e-52
-27.4409
0
3.60853e-51
-276.46
0
1.31903e-51
-104.69
0
3.55044e-39
1.69514
0
-6.36421e-33
-5203.72
7.53688e-09
7.64595e-50
6372.59
0
9.44556e-51
10250.7
0
7.08341e-53
22.4177
0
5.96141e-53
27.8563
0
-7.57109e-55
-0.0589538
0
-1.10333e-54
-0.089544
0
5.76021e-48
205369
0
-5.83217e-52
-48.8554
0
-3.6181e-52
-27.6205
0
8.54227e-52
64.4624
0
-4.3872e-50
-3356.01
0
-1.43971e-51
-230.003
0
3.57997e-53
2.73948
0
1.9261e-50
-993.274
0
3.07838e-49
-20351.9
0
-1.82344e-49
11654.3
0
2.99391e-50
-1179.98
0
6.84294e-51
-220.425
0
1.33146e-53
-0.405399
0
3.62462e-55
-0.0224416
0
-1.61051e-54
0.101028
0
-2.66787e-53
1.56276
0
4.66198e-50
-21103.1
0
1.55929e-48
-139212
0
2.401e-49
-26254.7
0
1.84057e-50
-486.133
0
3.2563e-52
-6.52189
0
1.19434e-51
-19.9785
0
3.55474e-53
-1.89145
0
7.99364e-51
-336.647
0
-3.43851e-50
1031.16
0
1.82374e-52
-18.7582
0
-1.78257e-50
718.245
0
-3.429e-51
231.695
0
3.21025e-39
0.802387
0
-8.7499e-30
-2707.87
3.02288e-06
-1.01049e-49
-16357.9
0
1.089e-49
-2618.35
0
1.24706e-52
-22.9494
0
3.41575e-56
-0.0101917
0
5.27652e-55
0.0596731
0
-2.27004e-54
-0.282665
0
-5.38403e-53
48.1083
0
6.01736e-50
-110950
0
8.40387e-52
-2970.86
0
-2.20255e-53
163.667
0
2.0186e-51
-4116.87
0
3.43603e-53
-1.4583
0
-2.47765e-52
18.8113
0
3.31032e-52
-68.8806
0
1.57205e-52
-51.592
0
-7.05933e-53
28.5455
0
-4.26472e-43
786.002
0
5.04497e-51
234.225
0
4.55579e-51
216.852
0
-1.76578e-56
-0.00482807
0
-4.17744e-56
0.0147776
0
2.05642e-54
-0.456485
0
-6.25027e-52
114.906
0
7.172e-51
-1313.47
0
9.46678e-50
-3087.24
0
1.11023e-52
-3.74626
0
5.0868e-53
-2.02111
0
-1.42572e-51
-254.36
0
1.25839e-50
-957.839
0
2.75645e-52
14.2846
0
-1.26394e-51
-78.7976
0
-7.36044e-53
-15.4982
0
-2.44247e-39
-0.995808
0
3.70435e-36
-609.235
0
9.73044e-51
-241.923
0
-2.02773e-49
3772.57
0
1.72994e-51
91.3143
0
-3.80563e-54
6.07836
0
4.75757e-54
-1.12072
0
3.6028e-56
-0.00331006
0
-7.85199e-55
0.0242317
0
-5.31488e-52
18.3744
0
6.26261e-50
-1698
0
1.06699e-50
-343.323
0
-5.05364e-49
18706.6
0
1.76915e-53
-4.94102
0
-2.40152e-51
235.254
0
1.84738e-50
-1480.01
0
3.57921e-51
-148.867
0
1.17981e-49
-5387.74
0
1.8632e-53
-2.11176
0
5.65743e-52
-104.639
0
-5.94723e-53
8.79089
0
2.27637e-52
-32.5474
0
-3.44153e-52
-35.4824
0
-4.21062e-51
1144.59
0
4.20474e-55
-0.0239826
0
-5.07913e-57
0.00031374
0
-1.60254e-56
-0.00257903
0
-8.89232e-55
0.104001
0
-5.50256e-54
2.8991
0
-7.09472e-51
-2831.15
0
7.77976e-53
-3.575
0
-5.6797e-53
-3.21638
0
-1.38238e-53
-1.13772
0
8.40978e-53
17.5365
0
-8.69113e-52
-357.055
0
7.9647e-53
-2.70133
0
-3.10642e-53
0.980158
0
1.41683e-54
-0.0623364
0
9.32067e-54
-0.392844
0
-1.30828e-53
0.835206
0
3.18341e-41
102.434
0
-2.8464e-51
-345.437
0
4.8458e-53
-28.4536
0
-1.37789e-55
-0.0511653
0
-7.00097e-57
-0.0042203
0
3.44894e-54
0.406239
0
2.83236e-54
-4.65977
0
-1.1641e-51
-912.658
0
-6.44394e-52
-174.29
0
1.32452e-53
3.14416
0
-4.59019e-55
-0.283774
0
-1.19664e-50
-320.381
0
-3.33606e-51
-112.366
0
-1.31617e-53
-0.532344
0
-1.01009e-52
-2.90253
0
1.44728e-54
-0.170621
0
1.06209e-54
26.1593
0
-1.27487e-53
-9.832
0
-1.36951e-55
-0.020071
0
2.00713e-55
0.0310036
0
9.42113e-35
-636.075
0
-1.44273e-51
-41.2178
0
7.19062e-53
5.08965
0
-2.18082e-54
-0.257948
0
9.17949e-55
0.0576437
0
-2.79677e-51
-159.015
0
-1.81446e-51
-298.031
0
-9.76245e-52
-273.692
0
-8.70035e-52
-33.6473
0
-2.22272e-50
-398.829
0
-3.13581e-53
-0.661393
0
2.09244e-52
11.2616
0
4.82906e-50
992.423
0
-1.92723e-53
-0.653697
0
5.02499e-55
0.0214123
0
1.37062e-38
-10.5579
2.41707e-15
2.58724e-51
-721.735
0
-1.26757e-51
381.09
0
9.81909e-52
-60.824
0
-4.47408e-54
0.284917
0
1.12826e-49
-8911.8
0
-1.3127e-51
62.2561
0
-7.78638e-51
498.241
0
-1.59188e-52
9.5974
0
-7.63276e-53
-40.3984
0
-1.04286e-51
-57.3215
0
1.448e-54
0.0666286
0
1.0097e-54
-0.125044
0
6.41192e-52
-62.4538
0
1.02676e-51
-364.253
0
-4.60948e-52
169.308
0
1.7847e-55
-0.0271387
0
-1.63396e-54
0.219863
0
8.42518e-33
-4603.56
0
-1.31596e-51
-33.7141
0
-9.46647e-54
-0.296201
0
-3.61552e-55
-0.0123102
0
-2.71329e-56
-0.000850393
0
-9.68492e-56
-0.00297373
0
3.67949e-53
0.85683
0
-1.90801e-51
-77.4222
0
-9.48476e-55
-0.105167
0
2.21989e-56
0.063682
0
-1.55718e-54
-0.278859
0
-3.06086e-54
-0.275893
0
-2.20081e-54
-1.28172
0
-2.90509e-53
-0.830116
0
-2.72931e-55
-0.0367169
0
3.60245e-54
-0.291805
0
-2.46227e-51
377.32
0
-6.04141e-55
0.203886
0
2.16461e-54
-0.312486
0
-1.74639e-52
238.845
0
1.37949e-51
173.768
0
-2.54292e-49
-215670
0
-2.70659e-54
-0.421938
0
5.53316e-55
0.0915483
0
-1.63806e-51
-305.177
0
5.72751e-53
6.40129
0
-1.48928e-51
131.863
0
-1.56906e-55
0.0986734
0
7.447e-50
-23224.3
0
7.21798e-50
-25746.6
0
8.57163e-53
-19.8887
0
1.30183e-49
-9987.64
0
1.53956e-50
-1252.55
0
-2.20769e-51
245.592
0
-5.83529e-52
-925.545
0
-4.55291e-50
-14950.3
0
6.49796e-55
-0.0173202
0
1.31979e-50
-288.038
0
-1.70845e-47
363348
0
-1.7e-51
63.6179
0
1.9553e-51
-46.6072
0
6.31874e-52
-14.6049
0
2.65756e-48
-161246
0
-6.88285e-49
34232.2
0
3.77413e-50
-673.85
0
-1.01175e-49
2005.3
0
7.23258e-52
-65.9387
0
-3.49951e-51
798.802
0
-6.71815e-50
3034.24
0
2.6882e-50
-1920.59
0
1.00552e-50
-2895.74
0
5.58577e-51
-177.57
0
-9.34126e-51
-2102.62
0
3.15387e-56
-0.00289033
0
-7.35751e-50
-4228.26
0
9.15418e-52
-165.409
0
-5.26989e-48
703425
0
3.37596e-52
-72.1697
0
-1.95774e-48
-126178
0
7.26488e-51
334.26
0
-1.19981e-51
98.7705
0
-1.97414e-38
-30.3107
0
-2.86237e-51
-190.328
0
2.68164e-56
-0.0976615
0
-4.54538e-55
-0.847439
0
3.83512e-50
12083.2
0
-4.1884e-51
-826.063
0
2.09903e-51
-373.572
0
7.51607e-52
-685.045
0
4.49654e-52
2237
0
-3.53596e-52
-84.8474
0
-6.63574e-52
-147.612
0
-6.90435e-55
-0.0110481
0
-1.86783e-55
-0.00327
0
-1.52688e-50
-1659.33
0
-1.60321e-50
-1817.15
0
1.00034e-47
122475
0
1.52695e-50
271.072
0
2.79696e-49
4732.24
0
-8.20017e-47
-896555
0
1.19801e-52
7.73812
0
-4.81079e-53
-5.89906
0
2.18001e-51
176.946
0
-1.92641e-49
-2342.82
0
-8.36152e-52
-14.5786
0
-2.33615e-51
-53.0893
0
1.72456e-50
-1454.28
0
-5.22386e-54
2.44223
0
1.761e-54
-0.147604
0
5.35122e-51
-517.99
0
5.90175e-49
-43459.3
0
-4.96648e-51
400.921
0
4.31623e-51
-329.463
0
7.628e-53
-5.82206
0
-3.81271e-54
0.181361
0
5.26081e-50
-3963.77
0
5.30398e-51
-848.214
0
-1.63618e-53
1.27307
0
-2.40488e-52
18.0802
0
-1.47157e-52
-61.5613
0
-9.86416e-54
-1.97392
0
-2.67481e-50
-2218.4
0
-3.5151e-49
-26533.3
0
-4.52235e-50
-4339.79
0
-1.47142e-51
-112.207
0
-6.4097e-52
-48.7745
0
-1.09175e-51
-84.3982
0
-1.09122e-50
-832.157
0
-2.06263e-51
-162.953
0
2.94401e-51
-220.922
0
-3.31053e-50
2453.99
0
1.76494e-54
-0.0570286
0
-1.91629e-51
281.168
0
1.77112e-49
-38824
0
-3.72571e-50
718.907
0
1.04813e-52
-3.79714
0
-2.94966e-51
109.051
0
-1.99265e-35
9488.37
0
1.68729e-51
433.354
0
-1.114e-49
-19461.2
0
4.64852e-56
0.00877548
0
-2.60129e-54
-0.466734
0
7.06933e-52
-1022.66
0
-9.10043e-51
-6424.02
0
-1.11153e-50
11633.7
0
1.78877e-50
-346.074
0
5.8095e-52
-14.0984
0
-1.04469e-50
859.43
0
-8.88956e-54
-74.869
0
3.38847e-46
115.333
0
-1.89256e-51
810.97
0
-5.34189e-52
-26.2469
0
-9.44724e-53
-4.67358
0
1.53605e-57
-0.00126884
0
-4.91757e-51
663.842
0
-2.71251e-51
1396.73
0
8.09349e-50
-8919.85
0
2.27797e-53
-0.944716
0
-1.35998e-50
-940.044
0
5.45945e-54
0.558588
0
2.43545e-52
17.1937
0
1.28759e-54
-0.380626
0
2.97734e-55
-0.00905559
0
-5.0997e-55
0.0293704
0
4.87319e-50
-1659.51
0
-1.43964e-49
4929.15
0
-4.67005e-52
91.2667
0
2.30157e-51
155.726
0
3.75286e-50
-1274.17
0
-6.41877e-51
282.114
0
1.99529e-52
-47.4458
0
6.63128e-54
-0.673364
0
-2.75348e-52
23.0865
0
2.56745e-36
-452.643
0
2.85336e-50
-42.2933
0
-2.83064e-51
-295.711
0
2.27356e-51
-433.106
0
-2.18102e-56
-0.00522778
0
3.15307e-57
-0.00165863
0
-1.38446e-50
6309.79
0
-2.85051e-51
-1161.82
0
6.2065e-53
11.9711
0
1.37034e-55
-0.219941
0
-1.01591e-52
-4.33904
0
6.7699e-53
-2.12154
0
5.18718e-55
-0.0271003
0
9.13595e-54
-0.378222
0
1.93574e-53
-0.847021
0
-2.47825e-50
-3064.29
0
-2.01169e-50
-929.402
0
-2.14016e-53
4.41658
0
7.19833e-53
19.9481
0
-1.14762e-53
-3.25367
0
-6.44905e-51
-170.246
0
-6.48955e-52
-22.4888
0
7.90835e-54
-0.842833
0
2.46667e-54
-0.338064
0
-1.56171e-50
-579.017
0
-2.32489e-54
3.54172
0
-2.43881e-56
0.0161987
0
6.1001e-54
0.755056
0
-3.54325e-51
-109.817
0
-6.42728e-50
-2404.71
0
-5.94879e-54
-0.387394
0
-7.28292e-55
-0.0563379
0
-5.26767e-56
-0.00965546
0
-1.7438e-50
-719.848
0
-1.20987e-50
-2730.28
0
-2.84379e-52
-48.4305
0
-8.09625e-53
-43.9677
0
-1.53854e-53
-1.32902
0
-1.60553e-51
-55.1747
0
2.87674e-51
57.4479
0
-2.19683e-53
-0.458923
0
-6.30082e-50
-1326.19
0
6.35186e-51
189.596
0
3.01468e-54
0.141991
0
-3.89947e-54
-0.122208
0
1.75577e-54
0.0628329
0
-4.64666e-53
24.4004
0
-4.11379e-53
2.73098
0
5.77436e-54
-0.294395
0
2.3261e-51
-195.669
0
-3.48967e-52
29.6813
0
9.93486e-54
-0.804821
0
-9.15339e-51
-341.42
0
-2.95439e-52
-17.4853
0
1.52265e-54
-0.158037
0
1.29002e-51
576.306
0
-1.24789e-52
22.1072
0
2.40443e-54
-0.349355
0
-3.59484e-55
0.031367
0
5.65185e-55
-0.0930228
0
-2.55453e-50
-731.118
0
9.72833e-50
2607.26
0
-2.55707e-51
-75.5549
0
-1.55045e-53
-0.410776
0
-1.09312e-54
-0.0291067
0
-2.98336e-56
-0.000976001
0
1.74264e-52
4.31599
0
2.4216e-50
828.749
0
1.98169e-51
74.9405
0
4.93269e-53
7.78285
0
-1.10354e-52
-10.693
0
3.31203e-53
1.00912
0
-1.83157e-55
-0.020044
0
4.43783e-55
-0.0692067
0
7.5546e-53
-38.0546
0
1.32592e-55
-0.0184837
0
-1.00879e-51
218.384
0
-1.88398e-50
5644.51
0
1.95259e-53
-5.56561
0
-2.55946e-50
1970.4
0
5.20759e-56
0.0327369
0
7.98625e-49
101370
0
-6.39124e-50
-24730.5
0
-1.09014e-48
-86318.2
0
4.51234e-55
-0.0234263
0
4.72818e-51
-183.24
0
-1.1766e-51
33.3508
0
6.56224e-51
-163.925
0
1.35894e-47
-447155
0
-7.28776e-51
252.763
0
-4.26138e-49
8924.91
0
2.04726e-52
-19.1707
0
6.94385e-50
-16120.2
0
-4.5899e-50
2730.32
0
1.57041e-49
-48526.2
0
-1.02518e-37
-121.439
0
-2.65143e-53
-2.11577
0
1.59968e-52
-7.00579
0
2.98927e-48
169185
0
-7.08673e-49
-18095.4
0
-3.09574e-49
-6577.25
0
2.05939e-52
18.9341
0
6.15847e-51
3354.39
0
-8.82953e-50
-1434.95
0
5.70038e-51
110.619
0
2.01586e-51
49.6463
0
5.27802e-54
-0.433261
0
-7.34458e-53
6.35344
0
-1.09646e-50
1048.33
0
6.37971e-47
-1.24832e+06
0
2.91368e-49
-22157.9
0
-1.23842e-49
12405.1
0
-1.42259e-53
1.11152
0
1.5799e-51
-120.204
0
-7.58391e-51
-733.828
0
-1.20783e-48
-83740.9
0
-2.06274e-50
-1812.34
0
-1.25555e-48
-60521.6
0
4.99309e-50
3780.18
0
1.71472e-53
1.33617
0
7.49435e-51
-1553.2
0
6.03945e-50
-8248.68
0
-7.36477e-48
1.59792e+06
0
4.83085e-49
-54567.1
0
4.62255e-51
-92.7613
0
3.14542e-51
-166.836
0
-9.80777e-50
-13341.6
0
2.5651e-53
-4.44284
0
-7.04395e-52
-495.113
0
6.07308e-52
398.668
0
-1.29638e-50
26818
0
-1.27578e-52
91.7056
0
6.34145e-50
-1635.37
0
1.48165e-52
-5.25655
0
7.23237e-53
-6.66401
0
-8.00769e-53
23.0421
0
4.78783e-51
-1051.28
0
1.94581e-53
-3.58961
0
6.85661e-52
-87.7387
0
1.27934e-50
-1750.74
0
6.22395e-53
2.90244
0
-4.23226e-53
44.6644
0
1.04436e-50
-272.063
0
8.22523e-50
-69.3286
0
2.41208e-53
-5.42237
0
-2.27891e-56
-0.0179717
0
1.95443e-56
-0.00177604
0
-3.76766e-49
8340.31
0
-4.18237e-50
1734.14
0
-3.64263e-51
-208.007
0
1.39979e-50
-638.517
0
-1.29265e-51
198.236
0
4.81503e-30
26146.5
-1.47656e-06
-3.29362e-51
-1067.37
0
2.98077e-53
-1.17292
0
1.49017e-49
6670.26
0
-5.61078e-49
-19601.8
0
1.76555e-52
-7.02159
0
-6.95645e-52
-34.6053
0
-8.34444e-54
-1.5444
0
-4.67492e-52
25.0079
0
-3.06809e-55
0.0112428
0
2.68104e-54
-0.100985
0
4.82891e-52
31.4565
0
1.85649e-50
4680.23
0
-1.75472e-57
-0.00177309
0
-5.90821e-50
-3614.17
0
-2.18897e-50
-3503.3
0
-1.26338e-54
-0.837709
0
-6.21169e-55
0.396283
0
-4.94934e-50
-1907.94
0
-4.10502e-53
-3.12209
0
-2.53806e-54
-0.16582
0
5.67097e-57
0.000431403
0
-1.7347e-49
-9238.41
0
-5.51181e-51
-1025.37
0
1.35729e-51
98.0067
0
-1.57766e-52
-6.8107
0
-1.63634e-52
-2.94726
0
-1.06181e-53
-0.205489
0
-1.52586e-53
-0.959507
0
-2.93364e-54
-0.175472
0
9.04073e-53
3.84465
0
1.61236e-54
0.0577909
0
-1.04494e-53
-0.382907
0
2.5463e-53
0.77738
0
1.57823e-47
36.1096
0
9.6879e-52
-289.053
0
9.77889e-51
-563.101
0
4.66698e-54
-0.357987
0
1.27802e-54
-0.0708949
0
2.72194e-55
-0.0121378
0
2.01626e-56
-0.000960068
0
-4.53014e-53
4.03292
0
-3.69621e-50
2791.43
0
1.84143e-53
-1.27316
0
2.10436e-51
93.9721
0
-1.72418e-52
-5.93414
0
-8.75827e-54
-0.430085
0
3.8858e-54
-0.520348
0
1.99619e-54
-0.22701
0
4.39216e-55
-0.0869149
0
-8.76837e-56
0.0107024
0
5.18308e-52
17.4125
0
7.08479e-49
19449.3
0
-6.18294e-51
-231.371
0
-1.28493e-55
-0.0975409
0
-1.39147e-51
-57.9004
0
-8.84359e-53
-5.06748
0
1.40488e-50
406.699
0
3.38807e-52
14.261
0
-4.08298e-53
-1.76666
0
-5.5356e-54
-0.206988
0
4.23015e-55
0.0176067
0
-1.67335e-52
29.0205
0
-5.92393e-53
-33.9114
0
-2.50605e-48
-184452
0
3.88441e-55
-0.0202987
0
2.85234e-51
-86.5356
0
-8.32076e-38
-400.506
0
2.83824e-51
-189.567
0
-2.91898e-53
-1.4621
0
5.62925e-53
4.20256
0
-3.57995e-47
-751281
0
-7.34967e-49
-62802.6
0
-7.81362e-50
-3899.97
0
-4.22296e-51
-57.1192
0
-5.79315e-50
4413.64
0
-3.32603e-49
-25347.8
0
6.4503e-50
6463.29
0
-5.37398e-49
9695.16
0
4.30014e-56
0.0278834
0
-5.33427e-54
0.446741
0
8.75498e-54
-1.60443
0
1.03766e-51
-24.8268
0
1.96758e-52
-13.4644
0
7.45311e-50
-9925.78
0
-6.23788e-53
25.1639
0
5.69859e-53
-2.05767
0
-3.25348e-53
-4.98854
0
4.111e-50
-900.169
0
-1.31263e-53
3.13264
0
9.75426e-52
-39.5054
0
2.54473e-51
-157.627
0
1.99067e-53
-0.974141
0
-4.27047e-50
-7193.62
0
-1.40447e-51
-129.569
0
-1.58041e-52
-8.56878
0
-9.92671e-54
-1.36678
0
-5.00675e-53
3.04586
0
-9.5714e-55
-0.192662
0
-3.25821e-56
-0.00170928
0
-6.95121e-56
-0.0091373
0
-3.09217e-52
-56.253
0
-6.84867e-51
-959.918
0
-7.88841e-50
-10871.2
0
-3.89464e-53
-19.6133
0
1.10807e-53
-7.58314
0
-1.0934e-53
-0.355589
0
-3.96845e-55
-0.212242
0
1.62132e-50
987.982
0
-8.76317e-57
-0.00080373
0
-3.0586e-49
-23961.6
0
9.50822e-53
10.0318
0
-6.87099e-53
-2.49525
0
-3.62641e-52
-6.32013
0
6.29969e-53
2.18695
0
1.78242e-56
-0.000910075
0
5.10552e-56
-0.00212361
0
-7.83892e-54
0.855864
0
5.69503e-51
-248.866
0
4.10364e-54
-0.242682
0
-5.10294e-54
-2.44728
0
-3.46005e-51
-146.006
0
1.06748e-53
-1.02397
0
-3.28822e-55
0.0861522
0
-6.12298e-42
7026.39
0
-4.78709e-50
-5720.32
0
-6.89728e-51
-172.051
0
-6.16357e-52
-25.9176
0
-2.07349e-54
-0.326297
0
-4.45129e-53
-1.77687
0
7.91846e-57
0.00181246
0
3.10158e-54
-0.146341
0
2.94221e-49
-44515.4
0
1.6929e-51
-444.684
0
-8.40135e-50
-2162.19
0
2.55413e-50
2096.68
0
-2.86847e-52
12.6416
0
-9.9812e-54
0.794788
0
1.41368e-52
-3.57758
0
3.64918e-53
-2.30244
0
3.73932e-50
-3890.63
0
-3.28786e-53
-1.68519
0
-6.80206e-50
1310.49
0
-8.00907e-53
-5.38814
0
3.46635e-54
-0.241729
0
-1.2801e-51
-198.346
0
2.21573e-55
0.0374676
0
-1.11026e-53
-0.401049
0
-2.32028e-57
-0.000178235
0
-1.22496e-54
-0.141672
0
-7.52545e-53
-2.62974
0
-7.59505e-51
-139.23
0
-4.27153e-54
-0.172829
0
4.40449e-56
-0.00228311
0
6.93026e-52
-28.4186
0
-3.19552e-54
1.88329
0
1.17493e-50
428.663
0
-3.43935e-53
-2.24556
0
1.6681e-56
0.0032599
0
-2.14124e-48
309007
0
7.37766e-52
-190.203
0
2.17697e-51
236.468
0
1.69518e-50
1370.3
0
2.75381e-49
-5915.49
0
2.82179e-53
2.07936
0
-1.73405e-53
-0.715293
0
6.09289e-57
-0.00923169
0
-1.55e-56
-0.00168519
0
7.56744e-54
0.580378
0
2.36511e-53
-5.95864
0
4.65088e-53
4.07389
0
-6.6078e-54
0.505055
0
