-0.000652892
-5.65965e-37
1.64569e-05
6.30066e-10
2.69886e-57
0
8.36309e-10
2.88088e-56
0
-3.1657e-11
-9.01153e-58
0
5.36533e-13
2.02095e-59
0
5.27449e-12
1.30062e-58
0
3.3191e-10
9.87828e-57
0
3.8273e-10
1.0447e-56
0
-4.77692e-09
-1.78226e-56
0
4.71203e-08
1.03371e-54
0
3.67785e-07
5.74048e-55
0
2.80129e-07
8.41318e-55
0
-1.19391e-05
-1.77302e-52
0
1.35281e-13
1.93594e-60
0
-3.70412e-09
-7.21575e-56
0
2.76194e-12
4.85575e-59
0
8.34708e-15
1.51684e-62
0
-9.21188e-07
-6.74512e-53
0
-4.33511e-06
-3.22187e-52
0
-0.000174482
-1.42445e-50
0
-1.40454e-06
-3.89392e-53
0
-3.53146e-10
-1.17924e-56
0
-5.52781e-09
-1.13648e-55
0
-5.10735e-07
-3.22132e-53
0
-0.000121456
-4.57041e-52
0
6.98963e-07
3.98028e-47
0
-2.94378e-05
8.20947e-44
0
3.71699e-08
-5.73327e-55
0
2.50968e-10
-2.44585e-58
0
1.3792e-10
-7.80025e-58
0
-6.57086e-14
-1.37206e-61
0
5.59699e-11
1.32414e-57
0
-3.68885e-11
-2.57042e-58
0
1.33785e-05
9.15196e-52
0
-0.000740645
-4.84654e-50
0
1.31456e-05
1.09417e-52
0
5.89964e-10
3.98107e-57
0
7.18185e-09
-3.20018e-58
0
-1.53061e-11
6.4602e-59
0
1.9239e-08
-4.48532e-56
0
5.25427e-06
3.95054e-52
0
-0.000321098
7.38109e-53
0
-1.44803e-08
3.20118e-57
0
4.11469e-08
2.8324e-54
0
-4.11898e-06
-1.68636e-51
0
1.53983e-06
9.44144e-46
0
-4.01625e-11
-1.14041e-58
0
1.51137e-11
3.61746e-59
0
-4.43247e-12
-4.93091e-59
0
1.24727e-06
1.58573e-55
0
0.00014148
2.38659e-51
0
-5.03462e-07
-3.3404e-54
0
-6.2649e-07
-3.04608e-54
0
-7.18394e-09
-4.56988e-56
0
1.12201e-10
5.58803e-58
0
-5.88518e-10
-8.74852e-57
0
2.03248e-11
1.79652e-58
0
-3.17876e-07
-1.43508e-54
0
-8.56967e-06
-1.54362e-52
0
0.000241997
-8.37936e-51
0
-1.08269e-07
3.17757e-54
0
2.04392e-07
7.45486e-54
0
6.71541e-05
2.43612e-51
0
-7.26918e-06
1.33771e-46
0
6.05793e-05
6.29874e-37
-2.37087e-08
1.2978e-08
1.23349e-54
0
-5.78264e-13
4.48903e-60
0
-2.04315e-13
-1.36605e-60
0
4.98179e-12
3.50392e-59
0
1.76143e-13
1.2631e-61
0
-6.94414e-11
-5.27033e-58
0
7.07372e-08
1.77491e-54
0
6.24422e-06
-1.55668e-53
0
-5.48746e-06
1.72973e-60
0
2.37228e-07
-1.44677e-56
0
-8.48569e-06
1.76736e-54
0
2.78703e-08
5.97433e-57
0
-1.06721e-07
-4.2427e-54
0
2.84918e-05
1.13966e-51
0
-2.2639e-08
4.70445e-53
0
-8.30064e-09
2.45352e-57
0
-2.27159e-07
-2.28414e-53
0
-0.000109979
-4.24408e-51
0
-0.00121551
-3.04038e-33
0
-1.8437e-05
-1.08466e-47
0
1.54514e-07
1.51733e-53
0
5.53613e-09
3.15664e-54
0
1.38398e-09
1.07187e-55
0
1.1136e-10
6.01684e-57
0
3.32127e-12
8.42056e-59
0
-1.06587e-09
-5.78018e-56
0
-8.33335e-07
-6.00298e-53
0
-1.72687e-05
-2.33693e-51
0
8.75153e-06
1.15612e-51
0
5.15155e-08
5.72158e-54
0
2.37903e-09
1.69245e-55
0
-2.0272e-07
-2.41217e-53
0
-5.32107e-07
-3.06261e-53
0
4.28326e-05
3.54541e-51
0
0.000115995
5.49798e-51
0
0.0226423
3.00111e-48
1.49828e-06
-6.4476e-07
-2.12365e-52
0
-3.82713e-09
7.94206e-56
0
-9.24265e-09
-9.57024e-56
0
-4.97375e-07
-8.25509e-54
0
5.51809e-07
-8.07475e-48
0
6.43357e-08
2.83157e-54
0
4.72624e-07
2.75756e-53
0
-6.7725e-11
-2.27335e-57
0
-5.1939e-13
-4.59584e-59
0
2.11301e-12
1.57113e-58
0
-1.56658e-09
-3.69141e-56
0
9.86276e-08
1.21825e-53
0
1.39016e-06
1.41703e-52
0
-2.05771e-05
-3.39073e-51
0
1.58637e-05
8.93533e-49
0
3.39334e-05
2.39303e-50
0
-5.47862e-07
-6.06876e-53
0
0.000167183
3.30898e-50
0
-1.03224e-08
-1.26793e-54
0
-0.000145773
-5.57654e-51
0
-0.00951
-5.86495e-49
0
-0.00827186
-2.85027e-49
0
3.50431e-05
3.07144e-51
0
-2.26888e-07
-2.29719e-53
0
-4.9177e-09
1.5622e-54
0
-1.65811e-09
1.42058e-56
0
-1.84033e-11
-7.5248e-59
0
-8.11705e-14
-1.90211e-59
0
1.36661e-08
-3.59831e-56
0
-3.72673e-06
-3.87318e-53
0
-2.09203e-05
-1.07429e-51
0
0.00074882
-1.10399e-50
0
1.0131e-06
2.97077e-53
0
-8.16062e-08
2.11141e-52
0
5.25513e-10
9.32725e-58
0
1.30872e-08
1.10467e-55
0
0.00582402
2.35697e-59
0
1.70447e-06
8.71281e-52
0
-1.03664e-06
-2.90089e-50
0
4.38928e-06
-3.1129e-51
0
-9.25335e-07
-2.08129e-53
0
-0.000138011
-1.81975e-35
0
-4.98694e-08
-3.56084e-66
0
-7.25408e-10
1.11276e-67
0
-1.08192e-11
-1.23592e-57
0
-4.83682e-12
-2.36183e-58
0
-5.65494e-12
-1.79843e-58
0
2.14271e-12
-8.6029e-71
0
-6.21291e-10
-2.18785e-68
0
1.31476e-08
2.96736e-66
0
-8.03632e-08
2.33235e-62
0
1.95782e-07
7.20714e-63
0
6.05438e-05
7.12327e-52
0
-3.84175e-05
-8.47551e-52
0
-1.18006e-08
-8.81746e-56
0
-3.47484e-08
-2.20715e-55
0
1.0884e-09
-2.98221e-56
0
-5.96032e-08
2.36933e-63
0
-7.43993e-10
-1.15632e-55
0
3.72205e-10
8.20701e-49
0
5.94755e-07
1.7266e-45
0
-1.84423e-08
-7.19211e-55
0
2.11691e-08
3.50814e-62
0
-2.19182e-09
-8.16025e-67
0
5.44905e-11
5.79563e-70
0
-4.01981e-09
1.45683e-63
0
-1.52486e-05
-6.27823e-51
0
-2.72703e-05
-4.95256e-48
0
0.00843902
-1.44091e-51
0
-3.08517e-06
7.40595e-59
0
1.14939e-05
2.75863e-58
0
1.0414e-09
6.41793e-57
0
-3.03612e-10
-1.21004e-60
0
-0.000165368
2.67167e-39
-1.8641e-09
0.000213128
-2.08305e-43
0
1.676e-07
7.58965e-54
0
2.91167e-10
4.78931e-57
0
6.79635e-12
2.08223e-58
0
1.45861e-10
3.33825e-57
0
-3.38729e-09
-2.19979e-56
0
-1.08464e-08
-1.92367e-55
0
4.01364e-06
2.97556e-52
0
-1.7806e-06
-1.33198e-52
0
-8.24976e-05
-3.97555e-51
0
7.46092e-06
2.94964e-52
0
1.12085e-05
3.32927e-52
0
1.09276e-09
3.29678e-56
0
-2.64124e-10
-3.72241e-57
0
4.46065e-09
4.00446e-56
0
-1.13241e-11
-1.17132e-58
0
1.37135e-12
2.56326e-59
0
4.44574e-09
1.48688e-55
0
-6.442e-05
-4.95366e-51
0
-0.0018845
-1.98784e-49
0
-2.2696e-07
-3.42299e-54
0
-1.48785e-08
-5.08097e-55
0
1.39531e-09
9.93971e-57
0
-1.03441e-08
-1.74207e-55
0
-8.03757e-08
-5.3131e-54
0
-0.000119864
-1.69574e-51
3.46969e-06
9.06175e-05
6.22586e-51
0
0.000491186
-1.51371e-36
0
7.04611e-07
-1.07041e-46
0
6.97372e-10
9.07459e-57
0
2.86357e-09
-1.0947e-56
0
-9.90939e-11
-1.43209e-57
0
-1.67377e-11
2.39255e-59
0
9.45975e-13
-4.15428e-60
0
-3.98756e-11
-9.83799e-59
0
5.71727e-06
4.0934e-52
0
-9.34741e-06
-3.17244e-52
0
-0.000542449
4.51267e-48
0
7.96213e-05
-1.38635e-52
0
-2.66876e-05
5.22821e-52
0
-1.34807e-08
1.54873e-55
0
1.4769e-11
-3.24262e-61
0
-6.21339e-10
-7.87429e-60
0
5.33569e-13
-2.85714e-64
0
-1.0547e-07
2.07117e-53
0
-0.000518276
-2.54616e-50
0
-2.34291e-09
3.91674e-57
0
4.40782e-07
2.15506e-56
0
1.41429e-06
1.12161e-52
0
-1.01099e-05
-2.07224e-52
0
0.000176849
5.04899e-38
-3.93016e-10
-0.000212705
-3.74972e-43
0
2.23168e-07
9.32097e-54
0
2.19269e-08
7.62761e-55
0
3.89196e-09
1.35722e-55
0
4.77806e-11
2.25628e-58
0
5.56667e-11
1.62182e-59
0
-2.05818e-11
-4.487e-59
0
-6.39163e-11
2.12691e-58
0
1.22029e-06
1.74882e-55
0
6.94332e-06
-1.01037e-54
0
3.92696e-06
3.97124e-53
0
3.73378e-09
1.80489e-56
0
-2.1626e-10
-8.84342e-58
0
1.76886e-07
1.12127e-54
0
-9.10233e-06
-7.73804e-53
0
1.2657e-08
8.07826e-56
0
-5.31055e-11
-6.3466e-58
0
4.06363e-05
5.91436e-52
0
-0.000446657
-3.94238e-50
0
-7.74026e-06
-2.74313e-52
0
1.89211e-08
-1.28704e-54
0
0.000345925
1.51728e-50
0
-0.00140775
-3.3392e-34
0
-1.13175e-05
8.76937e-47
0
3.73839e-09
2.44343e-56
0
2.70822e-09
1.1191e-54
0
3.17662e-09
-9.64756e-57
0
1.03215e-10
1.84917e-58
0
3.93122e-12
4.37909e-59
0
-3.2877e-10
2.52428e-57
0
9.67069e-08
-1.37265e-57
0
8.57537e-06
-1.0207e-52
0
1.04193e-05
-1.01287e-54
0
3.62439e-09
-7.80791e-59
0
2.65512e-09
6.1594e-59
0
-1.72185e-08
-2.03975e-57
0
4.10093e-09
2.94619e-59
0
-5.6087e-08
2.33272e-57
0
9.24155e-06
-4.16179e-56
0
0.00649173
-2.19007e-50
0
-1.1475e-05
-4.1181e-52
0
1.70788e-05
4.15702e-52
0
-0.000417892
-1.51844e-50
0
-0.000145958
-1.02611e-50
0
2.55185e-05
-1.52508e-35
0
1.26062e-07
-9.90277e-50
0
2.60599e-09
8.18108e-56
0
-1.0508e-10
-7.26704e-57
0
1.63056e-11
1.80335e-57
0
-3.28374e-09
-1.88892e-55
0
1.31222e-08
6.9215e-55
0
-2.1764e-06
-1.07356e-52
0
-1.72538e-05
-3.44679e-51
0
-0.00369363
-4.08917e-48
0
-0.00190952
-2.24038e-49
0
0.000167501
6.63614e-51
0
0.0131141
8.07999e-49
0
-3.58759e-05
2.95641e-51
0
2.57392e-08
2.54938e-55
0
-1.14252e-07
-8.39105e-56
0
0.000650798
1.34547e-33
0
3.76133e-06
-3.42493e-46
0
6.95031e-07
2.10732e-53
0
-2.0071e-07
-6.53715e-54
0
-1.56719e-08
-9.14951e-55
0
7.54823e-11
-6.32728e-58
0
-3.88212e-11
-6.26804e-58
0
5.46619e-14
1.96562e-60
0
2.21955e-14
4.88337e-60
0
6.76267e-10
4.12224e-56
0
9.51172e-08
1.34719e-54
0
2.54529e-07
6.1053e-54
0
1.01769e-07
1.21322e-52
0
-1.20847e-06
1.05448e-51
0
3.4166e-05
1.24391e-44
0.000209274
0.00271979
3.28583e-49
0
2.4173e-05
2.60453e-51
0
-9.56489e-08
-3.48162e-54
0
-1.55595e-05
-5.43145e-52
0
-0.000266841
-5.0214e-50
0
-8.76676e-08
-8.13371e-54
0
1.66869e-09
1.67122e-55
0
1.04996e-07
8.01595e-54
0
8.04415e-07
3.26957e-53
0
-3.82714e-05
-4.1332e-51
0
-9.71558e-09
-8.1663e-55
0
-1.45763e-06
-1.27706e-52
0
7.81446e-08
2.63954e-54
0
-4.14233e-07
-4.80884e-53
0
3.6334e-10
-8.57552e-56
0
-1.8377e-09
2.13567e-56
0
4.56199e-12
3.9627e-58
0
7.88577e-08
1.76769e-55
0
7.07728e-07
1.17163e-53
0
-7.06138e-07
2.3797e-52
0
-8.37188e-06
-3.91141e-51
0
3.0317e-06
7.14534e-53
0
-3.01167e-05
-3.06647e-52
0
-6.26335e-08
-4.62188e-54
0
-1.06418e-07
4.55639e-64
0
1.25359e-06
-3.09688e-56
0
-1.80834e-05
-5.22622e-51
0
-3.13833e-07
-1.21832e-53
0
2.83477e-09
5.8633e-56
0
-8.64087e-06
3.08226e-39
-1.64471e-10
-1.01867e-08
1.89911e-65
0
2.10006e-07
-5.93473e-66
0
3.22726e-12
2.7795e-58
0
9.53634e-11
3.92208e-57
0
-1.27664e-06
7.39135e-61
0
-7.62731e-07
1.01506e-60
0
0.000137259
-1.9045e-48
0
1.95183e-06
-8.0139e-55
0
8.9097e-06
1.97132e-52
0
-2.16435e-05
2.77237e-51
0
-3.34409e-09
1.32691e-56
0
-2.09057e-09
-1.73629e-57
0
-1.22317e-10
-7.23802e-60
0
3.2188e-05
2.15044e-52
0
6.21296e-10
3.96552e-56
0
4.31976e-06
1.99405e-52
0
-8.15148e-09
-3.18181e-55
0
-4.28071e-05
-3.95914e-38
0
-3.81501e-07
1.6039e-61
0
-2.66518e-08
1.18695e-66
0
-3.53623e-11
1.52204e-60
0
-2.9517e-11
-9.48606e-59
0
-3.35045e-12
8.69345e-70
0
-1.35277e-09
-6.95476e-68
0
1.02648e-08
3.70921e-68
0
-3.94814e-08
-2.96736e-67
0
-3.04722e-05
1.42481e-52
0
0.000168882
-1.1935e-49
0
1.56257e-05
4.65175e-58
0
-3.35233e-06
-9.30131e-53
0
-1.03697e-06
2.3743e-53
0
1.20051e-09
-1.16692e-62
0
-1.45111e-07
1.16582e-62
0
1.01322e-08
2.91447e-63
0
-1.05663e-07
6.46575e-56
0
3.20223e-07
4.09449e-62
0
-1.21802e-07
3.49888e-62
0
-1.66873e-09
-8.20684e-49
0
-4.19851e-07
2.04436e-41
-9.36316e-10
1.04717e-06
1.62792e-47
0
-4.83466e-06
-1.64313e-52
0
-4.61494e-08
-1.18368e-55
0
-1.79247e-09
-8.80974e-57
0
2.71239e-11
3.57699e-58
0
2.85877e-12
6.56415e-60
0
3.98197e-11
-2.83924e-59
0
1.91522e-09
2.79652e-56
0
0.000100938
8.08075e-51
0
-0.000395359
4.80127e-49
0
-2.78949e-06
-1.05671e-52
0
0.000893381
7.22212e-50
0
-1.46902e-06
-5.62429e-53
0
-1.29218e-08
-4.81946e-55
0
1.05036e-07
5.78179e-54
0
-3.61888e-07
-2.56731e-53
0
4.67744e-06
-3.71609e-53
0
-1.30525e-06
6.274e-54
0
7.36035e-08
2.36189e-54
0
-1.48698e-06
-4.89045e-53
0
-1.08614e-08
3.69218e-54
0
6.42509e-07
3.9385e-54
0
-8.11286e-06
-4.65557e-52
0
-1.49232e-07
2.61875e-56
0
1.58759e-14
-3.21551e-63
0
-5.3866e-12
-1.32824e-58
0
-1.10032e-11
-1.02856e-59
0
-9.10266e-10
8.37355e-58
0
-0.000186519
-2.9522e-51
0
-2.93442e-06
-1.2137e-52
0
0.0130916
2.04679e-48
8.22233e-06
-0.00043045
-1.7415e-50
0
1.06822e-08
3.79368e-55
0
6.6728e-08
2.49246e-54
0
1.24544e-08
5.58684e-55
0
-3.06669e-05
-1.26683e-51
0
7.89949e-09
1.38021e-55
0
8.77251e-09
3.04902e-55
0
1.78134e-06
6.64912e-53
0
-2.69564e-06
4.71722e-38
-2.70103e-10
-2.06106e-06
-3.87654e-41
0
6.19839e-06
3.29709e-52
0
6.14492e-07
1.01544e-52
0
1.32021e-07
8.88852e-54
0
-1.06909e-09
-6.3695e-56
0
-5.24782e-11
-1.26203e-57
0
6.55656e-11
2.19262e-57
0
-4.90325e-11
-2.1551e-57
0
1.6859e-07
3.21035e-54
0
-4.36279e-08
1.2471e-56
0
4.11208e-06
1.73827e-52
0
5.81512e-05
2.71667e-52
0
-3.85223e-06
-2.17347e-53
0
1.55001e-06
2.47405e-55
0
1.22092e-05
9.17611e-53
0
-8.51098e-09
-3.67313e-55
0
-6.28327e-11
-2.74127e-58
0
2.64538e-08
1.94337e-54
0
-1.16074e-06
-3.09647e-52
0
-1.5609e-10
5.53621e-59
0
-1.9263e-07
1.44304e-53
0
-7.07833e-09
2.95882e-55
0
8.00828e-09
-3.8745e-55
0
2.19795e-07
3.0456e-44
0
-8.85688e-07
5.64196e-52
0
1.85134e-06
5.88049e-53
0
-2.22658e-06
-1.40497e-53
0
-7.14395e-07
-6.46075e-55
0
-3.56242e-11
-6.11189e-58
0
-3.22159e-09
-1.49847e-55
0
-1.53841e-08
-1.73717e-55
0
9.00111e-08
1.84879e-55
0
-1.21185e-06
-7.11553e-55
0
1.67865e-07
9.82757e-55
0
5.49657e-10
2.79348e-58
0
1.051e-06
3.09938e-53
0
-2.34038e-09
-2.65371e-55
0
-1.47376e-09
-1.08027e-55
0
9.5753e-08
9.70911e-55
0
-7.46859e-09
-2.80067e-55
0
-5.16815e-10
-8.85356e-56
0
-3.245e-10
-1.02314e-56
0
-8.472e-09
-5.39578e-55
0
-6.83075e-10
-8.20722e-49
0
-6.17292e-08
-8.80346e-37
0
-2.32019e-08
-1.78619e-54
0
3.16113e-06
1.62707e-53
0
8.15081e-13
-6.72744e-61
0
-1.47873e-11
-5.28178e-59
0
-1.19911e-11
-1.6896e-59
0
-2.14138e-07
-7.82784e-54
0
-1.01386e-07
-6.13961e-54
0
-3.19906e-06
-1.46916e-52
0
-3.21897e-08
-3.53e-55
0
3.4421e-07
3.92747e-53
0
1.57333e-09
1.07311e-55
0
6.79166e-10
7.09401e-56
0
-5.01168e-10
1.762e-58
0
-8.23464e-06
-5.96192e-52
0
5.58957e-10
1.63592e-56
0
4.32538e-07
5.63403e-54
0
-1.44596e-12
-4.9432e-59
0
-3.23132e-05
9.13788e-39
-2.47509e-09
-2.65226e-08
5.60878e-55
0
4.15578e-07
5.92659e-53
0
-1.3761e-08
-2.92066e-56
0
-4.72486e-11
1.17341e-60
0
2.23731e-14
9.12229e-62
0
-1.05817e-12
-6.69726e-59
0
7.65381e-07
1.47304e-52
0
2.65216e-05
1.74189e-51
0
7.74859e-05
5.07023e-51
0
-5.66853e-08
-1.02241e-55
0
8.64268e-10
5.95238e-57
0
5.02074e-11
2.60313e-60
0
3.2646e-09
1.83002e-56
0
-2.7553e-07
-2.31426e-53
0
-5.86451e-10
-5.01094e-56
0
6.53459e-10
4.12373e-56
0
-1.41926e-09
-7.42632e-56
0
-1.86362e-09
2.204e-57
0
4.61181e-07
7.65586e-49
0
2.4981e-10
1.15208e-56
0
-2.95691e-11
-5.51731e-58
0
3.07604e-12
6.75077e-59
0
-1.15162e-08
-4.15447e-55
0
1.77866e-09
1.09312e-56
0
1.53521e-07
2.61227e-54
0
-4.54114e-06
-3.37703e-52
0
-3.98164e-05
-3.05232e-51
0
9.68434e-06
3.11589e-44
0.000101732
2.36252e-05
1.00137e-51
0
-2.22934e-05
-1.28085e-51
0
-2.43657e-08
-7.82744e-55
0
-8.41223e-12
-5.94878e-59
0
-2.5059e-12
-4.27533e-59
0
-2.26334e-11
-4.021e-58
0
0.000671502
5.48182e-50
0
8.78385e-08
2.90158e-54
0
-7.77145e-11
-1.96298e-57
0
-3.55668e-05
-2.0889e-51
0
-2.34015e-05
-1.50721e-51
0
1.68977e-05
1.27378e-42
-1.69712e-10
3.24163e-10
1.31371e-57
0
1.38641e-10
-2.84527e-59
0
1.40853e-13
2.02862e-62
0
1.03877e-11
3.84048e-58
0
2.69366e-10
9.28083e-57
0
-1.34061e-09
-2.31791e-56
0
-4.22061e-06
-2.60013e-52
0
-1.20193e-05
-8.09665e-55
0
0.000138979
-2.72966e-53
0
0.000714803
6.62323e-54
0
7.33335e-10
6.42411e-58
0
-4.80861e-11
-4.19866e-60
0
1.91476e-11
1.41299e-60
0
-8.75792e-07
-4.96561e-53
0
-2.04805e-07
-2.17543e-53
0
2.58841e-05
-4.02779e-51
0
0.00100432
2.408e-49
0
4.9467e-08
-5.77778e-58
0
8.43208e-06
6.54498e-52
0
6.15017e-05
-5.35619e-52
0
-4.57785e-06
4.5143e-47
0
3.55049e-05
3.83476e-36
0
1.287e-08
3.5195e-55
0
2.1493e-09
6.97483e-56
0
4.03468e-09
1.32312e-55
0
-2.32724e-10
-3.40836e-57
0
4.92615e-12
3.71525e-59
0
1.32658e-10
5.90526e-58
0
2.91635e-11
1.79846e-58
0
4.69045e-06
1.34543e-53
0
8.8422e-06
6.98588e-53
0
-3.75089e-11
-1.68233e-58
0
1.06521e-10
1.20698e-58
0
8.13025e-08
3.16277e-55
0
8.23151e-08
7.38887e-55
0
-1.45648e-12
-1.37379e-59
0
-5.84584e-11
-1.07801e-57
0
3.72614e-07
3.37641e-54
0
-0.000178514
-1.04889e-50
0
5.4986e-05
2.75152e-51
0
1.10386e-08
3.03467e-55
0
-1.47201e-07
-4.9147e-54
0
0.0001878
6.77309e-51
0
0.00023123
1.42622e-50
0
0.000116487
-2.51761e-37
0
1.33467e-07
1.69848e-56
0
-2.90957e-10
-1.23903e-55
0
4.79524e-13
2.44074e-60
0
-1.44661e-10
-3.50989e-57
0
1.30637e-08
3.28013e-63
0
4.93266e-08
-1.42322e-57
0
-3.35657e-09
4.92972e-59
0
-1.51505e-06
1.57896e-54
0
-9.0484e-10
-3.1096e-57
0
4.05607e-10
-2.47393e-59
0
-5.77596e-08
3.23537e-55
0
1.31402e-06
-2.05354e-54
0
1.22315e-06
-3.70239e-53
0
1.2509e-07
-4.41327e-55
0
-1.43848e-06
-2.47325e-53
0
-2.683e-05
6.48491e-56
0
-5.37355e-06
1.65786e-46
0
5.22846e-08
4.47853e-54
0
8.47812e-09
-3.13022e-55
0
2.12087e-10
1.29442e-56
0
-1.54047e-13
-9.26024e-59
0
5.27321e-12
6.69038e-60
0
3.48636e-07
1.94695e-53
0
-5.24269e-07
-3.34374e-53
0
-6.87738e-06
-6.40201e-52
0
-0.00159341
2.1328e-46
0
0.000218535
4.19901e-50
0
1.96476e-06
2.4274e-52
0
6.05834e-06
5.60333e-52
0
2.76127e-05
3.8563e-50
0
8.18587e-08
8.90737e-55
0
-0.000590491
1.47638e-37
-1.15267e-08
-0.000175335
-3.78718e-34
0
-2.25122e-08
-7.43006e-55
0
6.41646e-10
2.1577e-56
0
-1.1653e-12
-1.22648e-58
0
1.11722e-11
4.75346e-58
0
-9.81632e-09
-3.47572e-55
0
2.16102e-07
1.83895e-54
0
-3.6683e-08
-3.27164e-54
0
0.000120377
2.42074e-50
0
5.25631e-09
5.27622e-55
0
0.000142301
-2.77914e-50
9.42888e-06
-7.29685e-05
-8.97873e-52
0
-5.0133e-06
-5.46978e-52
0
-3.8575e-07
-3.07393e-53
0
-2.56581e-08
-3.01051e-54
0
2.62223e-07
1.38079e-53
0
0.0024988
5.0249e-33
0
-1.75293e-06
-6.69373e-50
0
-3.00045e-07
-1.4651e-53
0
-3.87426e-08
-1.24291e-54
0
-1.08267e-10
-3.53648e-57
0
-5.4367e-12
-3.38248e-58
0
-1.03349e-06
6.01998e-55
0
1.1991e-05
4.02204e-52
0
0.00026022
-5.40159e-50
0
-3.31037e-08
-2.22194e-55
0
-0.00192955
-8.98448e-50
0
-2.09031e-06
-2.8845e-53
0
3.13485e-10
-1.89704e-55
0
-5.15006e-09
-4.0123e-57
0
6.82416e-08
2.22326e-61
0
9.01108e-11
9.06637e-58
0
-5.57388e-06
-2.46588e-48
0
1.28466e-07
7.58714e-62
0
-3.49821e-07
2.33045e-62
0
-5.31056e-11
-1.41963e-59
0
3.00021e-10
7.47273e-57
0
-1.15516e-07
4.37419e-63
0
-8.99301e-08
1.13854e-64
0
-6.51351e-06
1.7092e-63
0
-0.000138451
8.3299e-57
0
-0.000208168
-2.34576e-49
0
-1.22839e-06
1.5641e-53
0
2.62455e-09
6.24595e-57
0
8.86046e-09
-6.43761e-62
0
9.26923e-11
1.89494e-57
0
4.42991e-07
1.58622e-54
0
-1.41752e-07
-7.6476e-53
0
3.65605e-08
1.50773e-54
0
-5.31216e-07
-2.1351e-53
0
-4.74868e-07
-3.52016e-53
0
-5.35021e-07
-2.61625e-53
0
-2.19155e-06
1.13192e-42
-1.71947e-11
-9.83026e-09
-7.28785e-64
0
1.29009e-10
-3.70921e-68
0
3.97893e-12
-7.53432e-69
0
-2.6972e-13
-1.16629e-62
0
1.50567e-10
1.45787e-63
0
0.000219389
-2.26567e-51
0
0.00117994
2.00542e-56
0
-2.58251e-06
2.18098e-60
0
8.57277e-10
1.16603e-62
0
-1.33896e-06
2.93168e-62
0
1.43212e-08
5.1009e-63
0
3.50112e-09
1.1663e-62
0
6.54099e-07
1.94823e-53
0
4.07664e-05
1.40999e-51
0
-8.55061e-08
-3.0397e-55
0
2.11192e-11
3.57674e-59
0
5.10279e-10
3.53099e-57
0
-2.98252e-12
2.86755e-59
0
-1.84046e-12
8.83828e-63
0
-8.50131e-12
-3.32695e-58
0
-6.22996e-12
-2.28987e-58
0
0.00073319
4.26405e-50
0
-1.07995e-07
-2.40793e-54
0
0.000529015
2.35869e-50
0
-3.90902e-05
-1.66619e-51
0
-6.67719e-08
-2.54689e-54
0
-1.00291e-05
-3.78179e-52
0
-1.21302e-05
-6.02929e-52
0
2.00998e-07
-4.32709e-56
0
1.62571e-05
-2.06681e-53
0
-1.06482e-05
-2.38873e-43
0
-2.63397e-07
-1.36183e-53
0
3.74977e-10
-1.47409e-58
0
2.78055e-12
1.08076e-60
0
-1.234e-13
-2.05555e-59
0
2.69045e-10
9.71243e-57
0
1.59944e-10
3.14711e-59
0
-8.32253e-10
-1.30098e-57
0
2.87449e-07
1.79872e-54
0
1.50389e-07
-1.77775e-53
0
0.000275789
8.13868e-50
0
-0.000264167
2.27956e-52
0
3.50576e-05
1.22945e-51
0
3.4278e-05
1.38651e-51
0
-0.00124317
-1.39548e-49
0
0.00011418
5.13637e-51
0
-1.41368e-07
-4.35958e-54
0
3.04675e-08
9.31261e-55
0
-1.9276e-08
-5.99374e-55
0
-3.12692e-08
-1.52877e-54
0
-5.53449e-09
1.37047e-61
0
-3.75996e-07
-1.21995e-53
0
-3.41244e-07
-1.70903e-53
0
1.0451e-06
3.50742e-53
0
1.72994e-08
2.09539e-54
0
-1.56912e-06
-8.40247e-36
0
-7.41916e-06
-1.1063e-43
0
-1.87275e-05
1.50749e-53
1.452e-06
-2.29337e-09
-1.99221e-55
0
6.1135e-12
-1.14129e-58
0
1.88065e-10
6.84741e-57
0
1.59878e-09
1.12639e-55
0
-3.6818e-07
3.13016e-55
0
-1.70412e-05
-2.94202e-52
0
-0.000110672
8.42771e-50
0
0.000246605
1.74753e-51
0
2.27612e-08
2.73699e-57
0
1.71497e-08
2.79756e-57
0
1.10103e-08
3.04294e-56
0
6.93529e-06
-8.90527e-52
0
3.68903e-09
2.71431e-59
0
6.80736e-08
3.54022e-54
0
-1.45972e-06
3.54328e-45
0
-8.29955e-07
-3.33598e-52
0
-4.37051e-06
-2.991e-53
0
-1.16914e-08
-8.82047e-56
0
6.16782e-12
4.94171e-58
0
-8.67467e-11
-4.2142e-57
0
3.38944e-07
1.85483e-53
0
-3.24732e-06
-3.54836e-55
0
8.06987e-10
2.7417e-57
0
2.22153e-06
2.62284e-54
0
-1.85235e-06
-2.36844e-52
0
-6.7255e-09
-1.55579e-54
0
-1.34908e-10
2.80471e-56
0
-6.74101e-07
-1.05479e-52
0
4.16242e-06
6.55406e-52
0
-2.38876e-06
-1.45306e-52
0
-1.26781e-10
-1.61851e-57
0
-1.77093e-10
1.59995e-55
0
-1.05168e-09
-3.36529e-54
0
-9.08694e-06
1.82818e-40
-2.39386e-11
1.53552e-07
3.17642e-54
0
2.1597e-11
1.64117e-58
0
1.09918e-12
9.81127e-60
0
-3.47759e-13
7.28932e-64
0
-1.78614e-13
1.78629e-63
0
-7.55974e-08
-6.34653e-55
0
-1.26782e-07
-1.98614e-54
0
1.47351e-06
1.07097e-52
0
8.74851e-06
5.69115e-52
0
-3.25172e-07
-6.37233e-55
0
3.24813e-07
1.91165e-54
0
3.52329e-10
3.45671e-58
0
3.5743e-08
7.06274e-55
0
-5.10846e-09
-4.12653e-55
0
-5.04727e-09
-4.36556e-55
0
1.18055e-10
1.68449e-56
0
1.73407e-08
5.72442e-55
0
-2.1011e-08
-2.0125e-55
0
2.09055e-10
1.21877e-56
0
-1.63858e-07
-1.09735e-54
0
-5.98955e-09
-1.07715e-55
0
3.26143e-08
4.50986e-54
0
9.92419e-15
9.97862e-62
0
-7.27136e-11
-5.93449e-57
0
-4.41661e-08
-9.25192e-55
0
-5.50843e-08
-6.02716e-55
0
5.17993e-07
4.31405e-53
0
-7.34942e-08
-7.30406e-54
0
2.31874e-09
1.92165e-55
0
2.83879e-10
3.85092e-56
0
-1.25087e-09
-7.08304e-57
0
8.62397e-10
-9.76327e-59
0
-2.05379e-11
1.48313e-59
0
1.79764e-10
-1.75881e-59
0
-1.88153e-10
-2.64881e-58
0
1.74731e-08
2.51984e-40
0
2.3435e-07
3.43309e-53
0
-3.08534e-06
-7.02227e-52
0
-1.84001e-06
-1.41518e-55
0
-2.73704e-10
2.90342e-56
0
3.44451e-12
9.38171e-59
0
-2.45226e-12
-9.59596e-59
0
3.19685e-08
-1.40464e-55
0
-2.22471e-06
-1.89411e-52
0
-5.32456e-05
-3.51633e-51
0
1.56645e-10
2.7446e-57
0
-8.69651e-12
2.93065e-59
0
-1.32936e-08
-9.87355e-55
0
3.93713e-07
3.1361e-53
0
5.22663e-08
1.78956e-53
0
-9.12817e-11
-9.93565e-57
0
5.77976e-10
1.17223e-56
0
-8.97989e-12
-1.15913e-69
0
-1.16403e-06
5.93541e-53
0
9.30951e-07
3.06867e-53
0
-3.63723e-09
-2.50143e-55
0
1.93548e-08
1.48764e-54
0
-7.71101e-11
1.64141e-48
0
2.27182e-06
3.37686e-38
-4.16786e-10
3.97317e-08
-2.91306e-63
0
-1.09637e-08
-2.91692e-63
0
4.28215e-07
-7.06269e-54
0
2.91361e-11
5.62281e-57
0
3.64377e-13
8.01165e-60
0
-3.59282e-14
-6.5217e-61
0
4.05077e-06
8.60868e-62
1.51801e-07
-4.80483e-08
2.9187e-63
0
1.80456e-09
7.28933e-64
0
-1.1296e-08
8.3323e-56
0
1.14915e-09
-2.39676e-54
0
1.20559e-07
8.13913e-62
0
-2.62124e-07
1.51772e-61
0
1.6762e-09
-1.26113e-66
0
-7.78657e-11
-1.56727e-57
0
8.28678e-08
2.77161e-54
0
6.14787e-07
-2.4816e-53
0
-1.01238e-09
4.06664e-56
0
8.99241e-09
1.08186e-54
0
-3.78769e-09
-4.49478e-55
0
-6.37812e-11
3.68228e-57
0
-8.48232e-11
1.30431e-57
0
7.29421e-09
4.9518e-55
0
-1.94071e-08
3.3502e-53
0
-4.05808e-06
-1.22323e-52
0
-4.36588e-07
5.93473e-66
0
2.76222e-07
5.82553e-63
0
-6.69273e-13
1.07911e-60
0
-1.46337e-13
-2.91573e-63
0
2.86409e-11
-2.91574e-63
0
3.41517e-10
-5.83134e-63
0
-1.16846e-06
2.92404e-63
0
3.60297e-08
2.91603e-63
0
4.22414e-09
1.16612e-62
0
6.457e-10
-2.33275e-62
0
4.46583e-10
1.12307e-57
0
6.64802e-07
1.63291e-61
0
-9.06836e-09
5.83102e-63
0
-3.21508e-09
3.70921e-68
0
-1.96156e-10
-5.83146e-63
0
-2.12825e-10
1.63133e-55
0
-1.1777e-10
1.31876e-45
0
-1.59861e-06
2.32692e-53
0
-4.02038e-10
-3.36828e-56
0
-4.9865e-11
-2.39949e-57
0
1.13385e-12
4.67151e-59
0
-2.96914e-11
-1.1972e-57
0
2.22851e-08
4.13105e-56
0
-0.000116149
-6.07806e-51
0
9.85829e-08
2.10882e-55
0
4.50115e-07
-1.64825e-53
0
5.03933e-08
-2.43868e-55
0
-7.27893e-08
5.78992e-63
0
-1.4954e-10
5.83236e-63
0
-9.22513e-11
8.36478e-59
0
-9.8717e-09
1.27961e-56
0
-3.43761e-10
-3.54004e-58
0
1.52179e-09
-4.3647e-57
0
-5.42626e-12
4.10813e-59
0
1.11138e-12
2.92787e-60
0
5.50217e-07
4.8735e-37
-1.33611e-08
3.13159e-07
-4.25695e-45
0
-5.69815e-06
1.86607e-61
0
1.19544e-06
5.8098e-54
0
1.94811e-07
7.24938e-54
0
6.16113e-09
2.23308e-55
0
-2.48882e-11
-1.12372e-57
0
-7.97763e-12
-5.34506e-58
0
9.46126e-11
4.19367e-57
0
-2.7472e-07
-2.0961e-53
0
-2.26777e-09
-7.48294e-56
0
1.85205e-11
6.37254e-58
0
-2.76794e-11
-1.14067e-57
0
-8.32778e-11
2.9154e-63
0
-2.1494e-10
-4.46544e-58
0
-3.54088e-10
3.64787e-64
0
4.89291e-12
-1.45785e-63
0
1.08604e-11
5.83141e-63
0
1.14292e-11
5.83136e-63
0
8.96145e-13
2.41801e-59
0
1.77124e-09
5.29846e-56
0
4.35199e-09
2.91585e-62
0
7.5664e-11
1.86583e-57
0
-6.14812e-12
-8.88874e-59
0
-3.27601e-12
-6.48878e-59
0
-1.46575e-12
2.54895e-55
0
-5.5911e-09
-3.00573e-55
0
1.29694e-09
1.26929e-56
0
3.54295e-10
1.2058e-56
0
3.91423e-12
6.64997e-59
0
5.3254e-12
8.07204e-59
0
2.55337e-10
8.25838e-57
0
0.00113652
9.11849e-50
0
1.11651e-07
2.95924e-54
0
-3.54233e-07
-9.21445e-54
0
3.1308e-07
2.29573e-53
0
1.38038e-07
9.74076e-54
0
-4.70869e-05
-1.06804e-51
0
-2.08542e-08
-1.44735e-54
0
-3.42517e-05
-2.34856e-51
0
-1.74022e-09
1.57319e-58
0
2.36408e-11
3.52083e-59
0
8.36061e-12
2.07774e-58
0
3.30742e-10
9.77017e-57
0
-1.86543e-12
-2.09003e-59
0
1.34126e-09
2.08408e-56
0
-0.000878674
-2.45049e-51
8.26611e-06
2.14991e-10
3.92697e-60
0
1.55699e-07
1.13277e-56
0
-1.25964e-10
6.56373e-59
0
4.71058e-11
-4.4373e-64
0
4.96717e-06
2.11754e-51
0
-0.00273525
-9.16356e-50
0
0.000246682
1.15864e-53
0
1.6228e-06
-9.52571e-55
0
-1.60709e-08
6.79545e-56
0
-5.32323e-07
-1.3973e-54
0
0.000463881
1.48461e-50
0
6.16528e-06
7.57466e-53
0
2.24179e-08
6.91129e-55
0
-1.50143e-07
-5.2569e-54
0
6.10087e-13
5.16287e-60
0
0.00156675
8.91247e-50
0
6.48899e-05
4.35232e-52
0
-1.6609e-06
1.28363e-54
0
1.60013e-12
1.91128e-59
0
-3.30185e-07
-9.40482e-54
0
1.29249e-05
-1.61286e-53
0
0.00118622
7.93382e-51
0
1.28225e-06
2.50744e-52
0
3.19473e-06
9.46575e-53
0
1.58967e-05
1.86487e-52
0
-1.95258e-07
-1.03531e-53
0
-3.43077e-08
-9.17229e-55
0
1.50214e-11
2.0015e-58
0
-6.17339e-12
-1.32859e-58
0
4.22524e-10
1.22716e-56
0
-6.15171e-09
2.27722e-65
0
8.17424e-06
-1.04136e-49
0
1.49463e-06
2.06831e-57
0
8.95118e-09
-2.19563e-60
0
7.27551e-07
-1.07588e-55
0
-1.5425e-08
2.24589e-57
0
3.64346e-09
-4.66926e-58
0
-2.20175e-07
-4.69247e-54
0
3.3898e-05
-3.12204e-52
0
0.000298309
3.32349e-51
0
0.0019712
3.57809e-50
0
8.40728e-08
-3.32407e-56
0
-6.22345e-06
-9.5142e-54
0
4.27758e-08
-5.04001e-56
0
-6.01706e-08
3.69828e-54
0
-0.000349543
1.64299e-37
-9.3135e-10
2.02693e-09
-8.3645e-54
0
3.31041e-10
2.60257e-56
0
-1.22815e-11
-1.00376e-57
0
4.71295e-12
4.61967e-60
0
9.9196e-11
7.68033e-57
0
-1.72822e-08
-1.1903e-54
0
-3.56381e-07
-2.29144e-53
0
1.2706e-05
1.11449e-51
0
-1.21887e-06
-1.36965e-52
0
-0.00147917
-2.17651e-49
0
2.13021e-06
2.39374e-52
0
-0.000876166
-1.1564e-49
0
-1.6941e-06
-2.33511e-52
0
-5.04288e-07
-2.3878e-53
0
1.801e-06
5.26904e-53
0
-7.26274e-08
-4.11804e-54
0
7.29076e-10
9.07632e-57
0
-8.40318e-07
5.789e-54
0
-0.000612113
1.11232e-48
0
1.10239e-06
4.0311e-53
0
1.03059e-07
1.16551e-53
0
-2.03902e-08
-5.45442e-54
0
7.6205e-06
4.13339e-53
0
-0.00764745
-1.69613e-49
0
-9.77526e-05
-9.69492e-52
0
0.00124506
1.48812e-49
0
0.00014389
1.71707e-50
0
2.68948e-09
2.40033e-55
0
0.000380742
6.28186e-38
-1.06803e-09
3.36721e-05
4.57187e-46
0
-7.55339e-07
-2.28309e-53
0
4.9605e-08
3.03466e-54
0
3.10316e-10
-1.62975e-57
0
-1.72937e-11
2.54424e-57
0
-2.05412e-12
-1.6587e-58
0
-1.87044e-10
-3.09893e-57
0
2.73983e-05
4.43904e-52
0
0.00590206
7.43186e-48
0
8.02695e-08
7.42805e-55
0
6.98007e-09
3.89927e-55
0
1.13506e-06
-3.30349e-55
0
1.76558e-05
-6.23717e-56
0
8.10209e-06
-8.97727e-52
0
-9.29166e-08
-5.79481e-54
0
1.65219e-06
9.08022e-53
0
1.29039e-06
6.56316e-53
0
3.22512e-05
-6.46077e-39
0
-2.56706e-07
5.83503e-63
0
1.7751e-07
1.1943e-54
0
4.74947e-10
2.46247e-62
0
9.87543e-11
0
0
-6.83642e-12
-2.00231e-58
0
1.03185e-12
6.21985e-59
0
2.73799e-08
-7.29007e-64
0
-2.70909e-05
1.07175e-59
0
0.000663578
-5.19285e-51
0
4.84872e-06
-3.24599e-54
0
-3.47433e-05
-2.65765e-51
0
1.06154e-09
5.09728e-57
0
4.16241e-09
6.81764e-56
0
5.56264e-08
4.62481e-60
0
-1.9203e-05
4.34365e-61
0
-9.19154e-08
-3.04946e-54
0
-1.60412e-06
3.67788e-53
0
-1.18302e-08
-1.83856e-55
0
-1.54561e-07
1.45555e-62
0
-7.39624e-11
6.1398e-62
0
-6.14377e-12
-2.33258e-62
0
1.3783e-12
1.45786e-63
0
-2.88919e-11
-3.64468e-64
0
3.46319e-10
-7.41841e-67
0
0.000109102
-3.29707e-53
0
0.000129345
1.3435e-51
0
2.78143e-09
9.32358e-62
0
-7.5665e-09
-1.16683e-62
0
5.24447e-06
1.9597e-61
0
-2.60261e-07
4.66594e-62
0
7.9529e-07
4.89895e-61
0
-3.49777e-09
-1.1663e-62
0
-8.81855e-07
1.17365e-62
0
-2.92987e-06
1.67598e-41
0
-1.65562e-06
-7.10956e-55
0
2.13726e-12
1.07772e-58
0
-3.90795e-11
-1.60097e-57
0
5.65479e-12
-6.51027e-57
0
2.03787e-06
6.13152e-53
0
-0.00127046
-1.30848e-49
0
7.34627e-06
7.87318e-51
0
9.2283e-06
-1.78725e-51
0
0.000449432
4.38343e-50
0
-0.000287253
-7.7743e-51
0
-3.85956e-09
-2.32296e-55
0
-3.25332e-08
-1.23153e-54
0
1.10033e-07
4.19077e-54
0
-5.52531e-07
-2.66875e-53
0
-1.89642e-07
1.76395e-57
0
5.59657e-08
3.11819e-54
0
-5.76746e-07
-1.59541e-38
0
5.77567e-07
5.12381e-50
0
-8.66564e-07
-1.07336e-53
0
-5.03024e-06
-1.68697e-54
0
1.38857e-09
-9.98559e-61
0
-2.34594e-10
-6.18109e-60
0
-3.97673e-14
1.46492e-61
0
-1.45508e-10
-1.09055e-58
0
1.38781e-09
3.55278e-55
0
-2.43392e-05
3.48376e-52
0
0.000464513
-1.42066e-49
0
-0.00030641
4.81344e-52
0
-2.34038e-07
-7.62219e-56
0
-0.000191761
-9.36043e-51
0
-1.76952e-06
-5.16065e-53
0
2.0474e-08
6.37856e-55
0
-4.68606e-08
-1.48758e-54
0
1.62198e-05
6.58081e-52
0
-5.23674e-08
-2.18717e-63
0
6.78947e-09
2.55853e-55
0
2.93034e-07
3.92267e-54
0
-2.21574e-09
-1.30506e-54
0
-3.65086e-07
-4.09774e-52
0
2.04981e-05
1.10123e-51
0
1.23283e-08
9.8409e-55
0
4.8507e-11
4.13368e-57
0
-1.58323e-12
6.83525e-59
0
-8.50545e-10
-5.93168e-56
0
9.15183e-06
1.53488e-52
0
-0.000181729
-5.70343e-51
0
0.000122261
1.87753e-51
0
-9.241e-08
-1.1078e-54
0
2.22793e-09
-5.82719e-56
0
4.24079e-09
1.58448e-56
0
1.16103e-09
5.0465e-55
0
-1.81531e-08
-2.46528e-55
0
-8.67672e-06
2.08187e-52
0
5.27602e-09
8.65559e-55
0
-1.56851e-09
-7.72005e-55
0
3.55068e-07
2.04301e-53
0
-2.04078e-07
3.55532e-36
0
-1.21694e-06
-1.93759e-52
0
-7.74754e-13
-3.47773e-59
0
2.89639e-12
1.47186e-58
0
-1.4091e-11
-5.88318e-58
0
5.28121e-09
2.1468e-55
0
4.50212e-07
1.10431e-54
0
5.30941e-07
3.33405e-54
0
-8.42455e-06
-1.31666e-53
0
7.56466e-10
8.97875e-56
0
-2.03595e-09
-5.54391e-56
0
1.13354e-08
-8.42383e-55
0
6.54715e-05
8.06648e-51
0
-1.46516e-07
-2.15558e-53
0
-2.34548e-09
8.35782e-57
0
4.15566e-07
-2.02448e-54
0
7.91694e-06
1.18249e-51
0
3.54903e-11
5.5629e-58
0
-3.47967e-14
7.28932e-64
0
1.13098e-07
4.91442e-54
0
8.71361e-09
1.84401e-56
0
2.74625e-08
3.06846e-55
0
-2.36513e-08
-2.1641e-55
0
1.0688e-09
3.70929e-57
0
3.427e-06
5.25862e-52
0
-5.60547e-10
5.5612e-58
0
-5.04129e-09
-1.54492e-55
0
-5.00518e-06
-3.67668e-52
0
-4.92858e-07
-1.75444e-53
0
1.25093e-07
4.58265e-54
0
1.26775e-08
2.72863e-55
0
1.3339e-08
1.13699e-55
0
-2.13047e-07
-2.20808e-54
0
-1.90258e-09
-1.37117e-56
0
-3.05624e-07
3.44763e-40
0
1.76163e-07
2.59763e-53
0
-5.10942e-09
5.60483e-57
0
1.03799e-12
2.91332e-61
0
-6.04935e-10
-6.85082e-56
0
1.60007e-07
1.50821e-53
0
1.75982e-07
2.76076e-54
0
2.87441e-11
1.36763e-58
0
7.59818e-07
8.01687e-53
0
1.23261e-10
8.68509e-57
0
2.04713e-09
2.39032e-55
0
5.78689e-11
2.22552e-67
0
-1.95632e-08
1.60596e-57
0
-1.52289e-11
-7.14548e-57
0
-3.33283e-13
9.38424e-61
0
-1.03608e-10
1.44432e-59
0
1.40454e-10
1.62872e-59
0
-1.10815e-11
-1.02588e-49
0
2.83129e-08
-1.00482e-53
0
4.15172e-06
7.73276e-52
0
4.76253e-12
3.47005e-58
0
7.46035e-13
3.15787e-59
0
-5.02293e-14
-1.41217e-60
0
2.42141e-12
8.62562e-59
0
-6.43678e-11
-2.23654e-58
0
2.16724e-09
-2.13418e-56
0
-2.6768e-06
-2.00682e-52
0
-3.30482e-06
-2.76622e-52
0
-5.24591e-05
-4.08048e-51
0
-8.29028e-08
-1.73183e-54
0
3.68526e-09
5.45598e-56
0
-3.12134e-08
-1.72148e-54
0
3.14756e-07
1.63328e-53
0
-6.33598e-06
-4.66579e-52
0
-9.70608e-07
-1.40639e-53
0
1.09447e-09
4.33052e-56
0
-4.84972e-11
7.82411e-69
0
8.56616e-09
-7.29055e-64
0
1.52427e-05
1.55963e-52
0
-2.03794e-08
-1.60567e-54
0
1.12802e-09
-3.41593e-57
0
-4.55357e-10
-8.93834e-57
0
4.24406e-07
8.24923e-38
0
1.26193e-08
5.93473e-67
0
-4.74015e-06
1.16748e-62
0
-3.83896e-07
9.03568e-54
0
-8.19525e-09
-5.28324e-55
0
-3.65092e-13
8.41174e-59
0
-2.83528e-12
5.59457e-60
0
1.61968e-13
4.18194e-60
0
3.83708e-11
1.73168e-58
0
2.37696e-09
-2.62835e-57
0
7.34791e-07
-1.15456e-53
0
-2.05655e-07
5.93473e-66
0
3.97903e-07
7.37331e-63
0
-3.97488e-12
5.88619e-70
0
4.12733e-08
3.57539e-54
0
-5.23576e-10
-1.16614e-62
0
-4.6866e-09
-6.50678e-57
0
6.11273e-06
3.26678e-59
0
-2.61689e-08
-6.93827e-54
0
1.20346e-09
-7.77264e-56
0
1.02916e-10
-3.65231e-56
0
1.50813e-10
2.93639e-54
0
-7.72459e-05
1.72103e-37
-1.1873e-08
-4.19266e-08
5.7444e-39
0
-8.43833e-07
-3.21676e-53
0
-3.91693e-07
4.08238e-62
0
1.60558e-07
-3.57301e-56
0
-1.53896e-11
-5.83146e-63
0
-6.37927e-11
5.83154e-63
0
-1.98362e-09
8.26867e-57
0
-1.15513e-07
2.96736e-67
0
-3.69332e-08
2.31929e-62
0
-8.49978e-10
3.49615e-62
0
-2.90459e-10
3.70921e-68
0
-4.58902e-11
1.70985e-57
0
-1.85109e-07
-6.91383e-54
0
1.28595e-09
1.21297e-56
0
7.5183e-09
-5.83147e-63
0
3.78726e-11
-5.83146e-63
0
5.1179e-09
1.16629e-62
0
2.51233e-07
9.27988e-37
0
2.09629e-05
8.50088e-53
0
5.2532e-07
-6.96163e-55
0
4.21342e-06
-5.50446e-54
0
-1.3973e-06
-7.36278e-54
0
-5.24837e-12
-2.93457e-58
0
-7.02584e-11
-3.39292e-57
0
-1.34586e-08
-3.88715e-54
0
-1.69749e-09
2.38286e-57
0
-5.22886e-09
-1.57547e-58
0
-3.60407e-08
-8.63179e-57
0
3.14285e-10
1.33879e-67
0
1.24046e-09
1.1663e-62
0
6.65313e-07
-2.27791e-61
0
-1.5506e-10
5.77492e-58
0
-1.03251e-09
3.17386e-57
0
-1.59168e-10
8.8738e-60
0
-2.67277e-11
4.0783e-56
0
-7.2863e-07
4.02928e-36
0
-8.05706e-06
-2.46162e-52
0
-4.2373e-07
-5.08535e-54
0
3.82725e-09
1.0554e-55
0
1.04726e-11
1.21432e-57
0
1.18052e-12
5.37243e-59
0
1.13595e-11
-1.07967e-58
0
1.37992e-10
5.78275e-57
0
4.37168e-05
1.63097e-51
0
-3.09741e-08
-1.35865e-54
0
4.74152e-09
1.96017e-55
0
4.87452e-11
2.29707e-57
0
3.14317e-12
1.27447e-58
0
-1.34612e-08
8.76738e-63
0
1.91496e-12
-5.83146e-63
0
1.90997e-13
3.86859e-68
0
-1.86027e-11
-2.91573e-63
0
-2.14506e-12
-4.95675e-59
0
8.86904e-12
1.86487e-58
0
2.66492e-08
2.15754e-55
0
2.17427e-08
1.63509e-55
0
3.16378e-09
5.64878e-56
0
-1.67083e-11
-6.62016e-58
0
1.82635e-12
3.65245e-59
0
-2.60868e-12
-1.70374e-60
0
-2.78019e-12
2.91573e-63
0
-3.74074e-14
-4.03522e-62
0
-7.55625e-06
-5.50529e-52
0
-3.14981e-10
-6.4399e-57
0
-2.12449e-11
-6.81559e-60
0
5.54132e-11
-4.61479e-59
0
-0.00117053
-9.19341e-50
0
-1.09706e-07
1.63892e-54
0
-2.2803e-10
-1.22385e-58
0
8.36725e-11
3.68209e-58
0
1.71033e-07
-8.01439e-56
0
6.5099e-11
1.84045e-59
0
-1.6223e-10
1.0328e-59
0
3.0354e-06
3.73729e-58
0
2.84676e-07
1.87787e-55
0
-2.33738e-07
-7.77815e-54
0
3.47638e-12
3.55605e-59
0
-5.74495e-11
-9.67151e-58
0
8.62889e-06
9.08005e-55
0
0.000747595
1.53649e-50
0
1.47771e-09
2.11499e-56
0
-1.2234e-06
-1.86972e-54
0
2.8151e-10
1.8737e-56
0
3.24355e-05
1.12519e-52
0
1.54939e-07
-1.80203e-54
0
7.74316e-12
2.29345e-57
0
-2.12678e-11
-1.63477e-58
0
-1.74676e-13
-1.98652e-60
0
1.48719e-05
-7.29202e-53
0
1.69571e-07
1.32669e-60
0
-3.9507e-07
-1.1374e-54
0
-4.76877e-09
-1.97368e-56
0
-2.37996e-09
1.32045e-58
0
0.00132732
4.79374e-50
0
-3.34665e-07
2.06329e-53
0
-0.000514013
-1.6092e-50
0
2.13058e-07
1.04869e-53
0
6.17897e-13
5.3217e-59
0
-0.00025258
-3.85418e-49
0
7.70769e-07
9.87467e-53
0
-1.23571e-06
-1.09775e-52
0
5.82894e-05
4.6514e-51
0
-1.40359e-07
-1.02639e-53
0
8.49119e-06
-1.44645e-51
0
-4.0082e-07
-4.07625e-53
0
-4.84045e-06
-1.5921e-52
0
5.77151e-07
2.36078e-53
0
-2.14184e-07
-1.1881e-53
0
2.18499e-13
1.83149e-59
0
5.40719e-12
-7.38942e-59
0
-7.0733e-06
-1.74812e-52
0
2.17592e-07
-9.1372e-54
0
1.68644e-06
2.18207e-52
0
0.00105193
8.99905e-50
0
-0.0312954
-3.8956e-48
0
0.000697323
2.4623e-50
0
-3.61838e-09
-1.86158e-55
0
5.53593e-09
2.47447e-55
0
-0.000112523
-1.01787e-38
0
1.21652e-09
-9.5731e-57
0
-6.63554e-07
8.94104e-54
0
0.00186962
4.66087e-45
0
-9.60717e-07
-6.12832e-53
0
5.39106e-06
7.77628e-53
0
0.000937321
6.05505e-50
0
-2.76525e-10
-5.48916e-57
0
1.79812e-06
1.73834e-53
0
-9.34562e-06
3.18102e-64
0
0.0104136
3.42776e-49
0
0.00022185
1.68989e-51
0
1.79393e-07
1.07263e-53
0
-3.40536e-09
-9.42963e-57
0
-1.09703e-08
-2.61604e-56
0
3.72506e-15
3.69498e-64
0
3.34629e-09
3.70921e-67
0
-9.00226e-05
1.88241e-53
0
2.34601e-06
7.53717e-53
0
0.00054171
-6.30796e-51
0
-9.13642e-06
-2.21022e-52
0
8.92865e-07
2.29306e-53
0
0.000178164
-4.05191e-58
0
3.10955e-06
3.35383e-62
0
-6.73324e-08
-2.25768e-54
0
-3.28465e-10
-5.83145e-63
0
1.23453e-10
1.1663e-62
0
-3.43084e-11
2.91572e-63
0
1.60355e-07
8.45631e-62
0
-0.00286695
-4.18011e-49
0
-0.000133924
-7.38452e-52
0
0.00197583
1.33715e-56
0
-7.57554e-09
7.77169e-56
0
-1.03057e-07
8.45755e-56
0
2.06932e-05
2.42593e-60
0
3.49259e-06
4.6647e-62
0
6.34758e-08
-2.33261e-62
0
1.70292e-09
1.16626e-62
0
-3.52794e-07
-2.3223e-42
0
4.31488e-07
8.87636e-54
0
5.08252e-08
2.80266e-55
0
5.45647e-11
-1.79863e-58
0
2.84177e-13
1.65735e-60
0
-7.53321e-12
1.25862e-59
0
-4.2367e-10
-8.57558e-57
0
-5.25087e-07
-1.74083e-53
0
4.97101e-06
1.85701e-52
0
-4.41803e-05
-1.04335e-51
0
-4.88286e-05
-1.85206e-51
0
1.06456e-05
3.42271e-52
0
7.48259e-06
3.74162e-52
0
0.000334064
1.60413e-50
0
-4.88833e-08
-1.97883e-54
0
-1.12446e-08
-5.06647e-55
0
1.66865e-08
7.28525e-55
0
-3.86918e-08
-1.44124e-54
0
-2.44442e-07
-8.68717e-54
0
-2.21614e-06
-8.05089e-53
0
2.45002e-06
8.87236e-53
0
4.57051e-09
4.1035e-49
0
-1.83509e-06
7.33164e-42
-2.37339e-11
3.17833e-06
6.75159e-53
0
5.07741e-06
5.02575e-57
0
1.64638e-07
2.07379e-57
0
2.68045e-08
-1.45598e-58
0
-3.89508e-11
2.70864e-57
0
4.73028e-10
-4.51581e-57
0
0.000708922
1.29983e-50
0
6.24002e-07
8.19699e-55
0
1.64914e-09
3.16448e-55
0
1.50279e-06
5.51366e-53
0
3.11284e-05
1.5047e-51
0
-1.96281e-09
8.78972e-56
0
2.28061e-08
8.72115e-55
0
-2.11713e-06
-1.09744e-52
0
-2.42023e-05
1.4961e-52
0
1.61799e-05
7.15913e-52
0
-1.75699e-06
-1.25911e-52
0
-9.57431e-07
-8.41009e-53
0
-7.4417e-11
-6.9069e-57
0
-1.44026e-11
-9.02449e-59
0
-1.19166e-11
-3.64133e-58
0
2.92233e-09
8.44793e-56
0
3.35683e-06
2.45282e-54
0
-1.35785e-06
-4.07378e-53
0
-6.08068e-05
-1.56734e-51
0
-8.46704e-08
-9.05326e-54
0
2.9993e-09
-5.92615e-57
0
-2.52654e-08
-1.15112e-55
0
-6.15661e-09
-2.71113e-57
0
1.95264e-07
2.39545e-53
0
1.7494e-06
-1.16467e-52
0
-5.74051e-09
-1.43134e-55
0
-4.65917e-08
2.31614e-53
0
2.52141e-07
4.87145e-55
0
-5.05506e-09
8.20689e-49
0
-5.14061e-06
3.07417e-37
-1.84343e-08
-2.73834e-05
-5.13643e-52
0
-3.4777e-05
-4.03665e-51
0
-2.18598e-08
-6.04653e-55
0
-6.34103e-13
-2.04973e-59
0
6.05133e-11
2.7323e-57
0
-7.70609e-11
-2.82158e-57
0
9.47667e-08
1.73585e-56
0
-4.12415e-05
-8.77625e-53
0
-8.06221e-07
-6.44052e-55
0
1.10893e-07
4.21537e-56
0
2.02254e-07
5.49589e-55
0
1.59247e-10
8.27883e-57
0
3.59891e-08
2.66549e-54
0
-6.85285e-08
-1.72508e-54
0
-5.75945e-08
-2.7251e-54
0
2.59965e-08
2.83091e-54
0
-1.78826e-07
-7.64268e-45
0
5.90786e-06
6.81595e-53
0
2.18979e-06
3.17606e-53
0
-1.42529e-13
7.28932e-64
0
2.28113e-13
-2.88634e-60
0
-4.01634e-10
-2.84998e-57
0
2.32723e-08
3.56996e-55
0
-4.99719e-07
-7.72047e-54
0
-1.31432e-05
-1.13818e-51
0
8.01272e-10
9.26676e-56
0
1.47459e-09
1.05866e-55
0
-9.06879e-08
-3.78426e-54
0
-4.33498e-06
-3.04472e-52
0
1.60505e-08
1.2126e-55
0
-9.05905e-08
-1.29024e-54
0
9.10271e-09
1.4579e-63
0
-1.6977e-09
-1.82709e-53
0
-9.9693e-07
2.04365e-38
0
2.15986e-07
2.44357e-53
0
1.42232e-05
2.15894e-51
0
2.26615e-05
7.91489e-52
0
5.02158e-09
-9.26936e-59
0
-2.3153e-11
3.57785e-59
0
-1.63997e-14
-5.11406e-61
0
4.75499e-12
4.29464e-58
0
8.45224e-09
6.90544e-55
0
2.97044e-06
3.11663e-52
0
8.59395e-07
7.52424e-53
0
9.62254e-05
6.89228e-51
0
1.32409e-08
8.62208e-56
0
-3.68409e-08
-1.06207e-54
0
3.12374e-07
7.98041e-54
0
2.54206e-06
1.95369e-52
0
-1.6312e-05
-4.73636e-52
0
1.25406e-10
6.0856e-59
0
9.61655e-09
-6.09879e-57
0
1.99719e-09
-8.54552e-58
0
-1.06865e-12
3.51759e-58
0
8.69259e-09
-6.03702e-54
0
2.6175e-06
-3.79286e-52
0
2.73483e-13
1.33753e-59
0
2.28174e-13
1.04397e-59
0
-1.87314e-12
-1.14169e-58
0
-6.08043e-12
-7.83465e-59
0
8.441e-10
4.41362e-56
0
-3.87729e-06
-2.00812e-51
0
4.36227e-09
2.55912e-55
0
-3.7952e-10
5.1645e-56
0
1.09886e-08
9.45747e-55
0
-3.30127e-09
-1.45794e-63
0
2.88388e-06
-1.57067e-53
0
-4.37434e-08
-3.41643e-54
0
1.80694e-08
1.58986e-54
0
-2.94023e-10
-1.99547e-56
0
3.2813e-11
-4.38322e-57
0
-1.22529e-09
-5.11465e-56
0
2.7883e-07
5.76e-41
0
-7.9525e-07
1.82348e-54
0
9.20821e-08
-1.61991e-54
0
4.36271e-12
1.52559e-58
0
3.45769e-14
3.64466e-64
0
-4.33711e-11
8.69704e-60
0
-3.71898e-09
-7.03914e-57
0
-2.23857e-08
3.64986e-64
0
4.77932e-08
-7.29527e-64
0
-4.40315e-11
-2.31825e-68
0
-3.13246e-12
2.64936e-60
0
1.43434e-06
1.12143e-62
0
-3.96672e-08
2.91573e-62
0
-3.12411e-10
-5.83138e-63
0
3.77415e-10
4.94817e-59
0
-3.8998e-11
9.80508e-58
0
4.4514e-10
-9.86998e-57
0
-6.49089e-08
-3.74748e-54
0
2.22879e-10
1.49619e-56
0
-3.74441e-10
3.2612e-57
0
1.02591e-06
2.63116e-37
0
-2.28133e-08
-2.12939e-52
0
8.32891e-09
-2.64492e-56
0
-1.10354e-11
3.60943e-59
0
4.3931e-12
-1.15913e-69
0
-4.23647e-08
2.96736e-66
0
-1.15192e-07
1.60339e-62
0
-4.27491e-07
-7.28785e-64
0
1.3249e-08
-1.21662e-65
0
-3.59257e-07
3.14935e-61
0
-4.32919e-10
-1.16631e-62
0
2.65875e-08
1.51319e-55
0
3.84013e-07
1.86626e-61
0
-8.52279e-09
-7.77695e-56
0
4.4764e-11
1.79669e-58
0
3.72147e-10
4.10379e-49
-2.69013e-14
9.60812e-07
-7.86984e-54
0
3.79784e-06
5.95145e-54
0
-6.35087e-08
4.87605e-54
0
-7.04885e-11
-6.37693e-57
0
-5.8301e-05
-2.23391e-51
0
-1.70421e-05
-1.16012e-51
0
1.81531e-06
3.2134e-54
0
2.49241e-09
3.02679e-56
0
4.05453e-08
3.64522e-64
0
5.51588e-08
1.16724e-62
0
2.60536e-09
-5.83188e-63
0
6.33843e-10
1.78047e-58
0
-1.0324e-07
-3.98118e-56
0
7.72687e-08
-1.2759e-55
0
3.80785e-08
-1.27289e-55
0
2.23753e-13
-1.11661e-60
0
-4.22224e-15
7.8821e-60
0
-6.30639e-06
-3.2072e-35
0
1.11006e-08
7.81463e-56
0
-1.09294e-10
-4.61028e-57
0
1.19283e-13
1.56492e-59
0
1.60016e-12
8.57428e-59
0
-1.11864e-11
-5.87977e-58
0
-1.23524e-10
-4.31963e-57
0
1.6313e-08
1.29976e-54
0
-1.26804e-11
-6.07027e-58
0
-1.21562e-10
9.11175e-65
0
-1.26676e-11
5.79563e-70
0
1.29144e-11
3.80886e-58
0
-4.15186e-10
-8.29239e-57
0
-6.3259e-10
-1.30425e-56
0
-6.59216e-12
-2.82243e-59
0
-1.76746e-12
-6.03251e-59
0
2.36113e-07
4.35102e-54
0
-3.88334e-13
-3.25013e-60
0
-2.57867e-11
-5.04434e-58
0
8.9425e-08
1.84646e-55
0
2.362e-08
5.11966e-55
0
-0.00120913
-1.43955e-50
0
-3.59343e-11
-1.36181e-59
0
1.81402e-11
-7.50413e-61
0
3.94844e-06
4.3889e-55
0
-5.07742e-10
1.49564e-57
0
3.58547e-08
1.13827e-54
0
9.90109e-12
4.03049e-59
0
-7.14386e-08
-5.19926e-55
0
-4.13686e-08
-1.48222e-55
0
-3.02272e-10
-3.98482e-57
0
-4.84545e-05
-1.68594e-51
0
-3.62711e-06
-1.25311e-52
0
2.89865e-07
7.20397e-54
0
-8.45305e-09
1.20178e-65
0
-2.09429e-06
8.63309e-61
0
1.04155e-14
1.20877e-60
0
-5.99633e-07
-7.77037e-53
0
0.00158544
2.0995e-49
0
2.61691e-07
1.87233e-53
0
1.33146e-08
1.36885e-54
0
2.70251e-09
3.58799e-55
0
-0.00214232
-1.00984e-49
0
7.22129e-05
4.70177e-51
0
-4.87309e-07
-6.33885e-53
0
1.38064e-05
1.61831e-51
0
3.23724e-10
3.63325e-57
0
1.02181e-05
9.12972e-52
0
2.10118e-06
9.39116e-53
0
-8.89372e-06
-3.39146e-52
0
-6.72917e-05
-4.50048e-51
0
1.55303e-07
1.37629e-53
0
-1.05689e-06
4.86738e-55
0
3.33677e-12
9.53995e-59
0
1.07741e-06
2.78397e-53
0
-5.73029e-07
-8.65572e-54
0
0.00328824
1.19579e-49
0
-1.76156e-08
-6.30939e-55
0
-0.00150317
-5.23245e-50
0
7.27138e-05
7.3535e-52
0
1.34406e-06
9.10205e-53
0
-9.09187e-10
-5.22017e-54
0
-1.19051e-07
-2.91217e-63
0
-1.94381e-11
-9.6161e-60
0
-1.40368e-10
1.82236e-64
0
8.85549e-05
5.72793e-53
0
-3.753e-08
5.98274e-56
0
1.46234e-09
2.33379e-56
0
2.20235e-07
6.8283e-55
0
6.76741e-07
2.28042e-64
0
-3.17254e-07
3.13871e-54
0
3.36836e-09
-1.65834e-55
0
6.55963e-12
2.38312e-59
0
5.04262e-11
-2.59355e-68
0
-2.29942e-07
3.61548e-61
0
3.82057e-07
6.53143e-61
0
-0.00167078
8.35782e-52
0
4.19536e-06
9.48072e-59
0
-7.23708e-06
2.14634e-57
0
-0.000123691
9.2839e-57
0
8.75539e-10
-4.45105e-66
0
-6.99688e-11
2.00102e-57
0
2.17744e-07
3.60279e-56
0
5.18321e-06
1.49052e-59
0
9.30181e-09
2.33259e-62
0
-2.14174e-07
1.16481e-62
0
-5.68787e-07
6.18642e-55
0
3.76637e-11
6.57699e-59
0
-2.06982e-10
-2.44978e-59
0
-4.00104e-08
-8.06235e-55
0
-2.11661e-06
-1.00655e-51
0
7.25534e-07
8.10345e-53
0
-1.15369e-07
-4.90677e-54
0
-1.75557e-08
-6.88329e-55
0
6.47217e-08
-7.93053e-55
0
-3.62895e-05
-1.67161e-52
0
-7.0491e-07
-1.05958e-53
0
1.54761e-08
4.8562e-55
0
8.02343e-07
1.69966e-53
0
-1.18995e-10
-3.67484e-58
0
-7.19296e-10
2.24313e-59
0
8.63698e-07
1.08683e-53
0
-4.35164e-06
-1.85583e-52
0
1.91037e-06
1.51206e-53
0
2.92486e-08
1.48376e-54
0
5.28754e-08
1.20238e-54
0
-6.20322e-07
-1.87446e-53
0
4.1385e-06
2.75408e-52
0
-2.75332e-06
-1.05048e-52
0
1.16677e-06
1.5924e-53
0
6.83497e-07
1.97103e-53
0
2.79175e-12
2.43889e-58
0
1.05778e-06
4.11538e-55
0
2.85431e-05
3.69148e-52
0
-7.86821e-07
-1.15159e-52
0
3.06925e-09
-1.5021e-57
0
-1.28756e-07
2.81919e-53
0
2.38611e-05
-9.98272e-36
0
1.94057e-06
4.38262e-62
0
-2.23394e-05
-8.63457e-53
0
3.7614e-12
1.87149e-58
0
2.55173e-10
4.33524e-56
0
2.6447e-07
5.16301e-55
0
2.71756e-06
1.50087e-55
0
6.987e-08
1.37092e-55
0
6.56305e-08
9.76722e-54
0
3.67474e-10
5.80619e-56
0
6.71793e-07
6.74484e-53
0
4.69712e-08
2.74407e-54
0
5.22663e-08
7.41082e-46
0
1.95846e-07
8.99602e-55
0
-1.03769e-07
-1.58678e-54
0
-1.08021e-08
-1.73663e-55
0
5.52308e-14
2.0088e-62
0
-2.26707e-07
-4.74265e-54
0
1.24012e-06
6.95646e-54
0
-4.92444e-06
-1.26008e-52
0
-2.54432e-11
-1.71008e-57
0
1.48686e-09
-2.61553e-56
0
1.97929e-11
1.05402e-58
0
3.82432e-08
5.86021e-55
0
3.67605e-12
1.41183e-59
0
-3.69588e-12
-4.46508e-58
0
-1.26337e-12
-7.11221e-59
0
-1.65086e-06
-1.41854e-52
0
-6.27107e-06
-5.17026e-52
0
-1.64746e-09
-2.02193e-56
0
9.81076e-08
2.91573e-63
0
-2.7514e-06
-2.25687e-52
0
1.83945e-06
1.1653e-52
0
-2.98139e-08
-7.37648e-59
0
9.6149e-11
2.49327e-58
0
1.35083e-08
-2.2862e-57
0
-6.69232e-07
-1.40284e-38
0
5.88888e-08
2.21128e-52
0
-3.07821e-07
-2.68944e-53
0
-1.15604e-06
-1.22344e-52
0
3.54934e-14
1.83875e-63
0
-3.28791e-13
-3.86029e-60
0
5.71367e-06
-5.35653e-52
0
5.48612e-07
2.49737e-54
0
4.37771e-09
3.63411e-56
0
2.18705e-11
1.87398e-58
0
3.90481e-09
1.96686e-55
0
-1.17667e-08
-1.05204e-54
0
-2.86695e-10
-1.40379e-56
0
-6.2067e-09
-4.32181e-55
0
-1.04405e-08
-6.71049e-55
0
-1.25706e-05
-2.48844e-52
0
-5.73956e-07
-3.29491e-57
0
9.12364e-09
-1.4372e-55
0
5.53573e-09
-9.27302e-68
0
-4.3589e-10
4.23556e-55
0
1.90064e-08
5.82909e-62
0
8.83801e-09
5.83933e-63
0
4.50305e-10
1.21823e-56
0
-5.02115e-10
3.54878e-58
0
-5.51263e-06
1.16582e-61
0
3.34181e-08
2.83522e-54
0
8.20836e-11
8.08061e-57
0
-6.52632e-10
-2.53058e-56
0
-1.47857e-07
3.90559e-56
0
-9.08505e-06
-1.89911e-65
0
2.83252e-10
2.70464e-57
0
-1.83695e-12
2.91573e-63
0
5.40785e-14
-1.81114e-71
0
4.43562e-07
4.08167e-62
0
-4.53338e-06
1.45797e-61
0
-1.65942e-07
1.45764e-63
0
-2.20729e-09
3.64652e-64
0
-7.8754e-10
-2.31825e-68
0
-2.05183e-07
-5.8374e-63
0
2.7843e-06
1.86302e-61
0
1.82881e-10
-1.16621e-62
0
-1.03639e-05
2.68231e-61
0
2.59789e-08
1.16701e-62
0
-1.83627e-10
-1.42566e-57
0
-7.0172e-10
2.33258e-62
0
2.01231e-10
-4.63938e-59
0
7.46468e-09
-6.91288e-53
0
-4.17389e-09
3.20728e-55
0
-1.43739e-10
-8.3071e-57
0
-7.39161e-07
-2.99053e-53
0
-2.64918e-07
2.53775e-55
0
-2.28124e-08
2.90472e-55
0
9.6238e-08
1.2246e-61
0
-7.0005e-10
5.82709e-63
0
4.6729e-11
8.21417e-59
0
5.37347e-09
-5.0442e-61
0
4.44561e-09
8.24051e-58
0
5.12156e-11
1.10881e-57
0
1.90202e-11
1.71356e-59
0
-1.00211e-11
4.3772e-60
0
-3.43217e-06
-7.37133e-53
0
4.11273e-06
4.13777e-53
0
-6.78195e-08
-3.7706e-54
0
-3.74607e-10
-1.23182e-56
0
-3.65424e-12
2.19603e-58
0
-1.47598e-13
2.94551e-60
0
5.18556e-09
1.63008e-55
0
1.37263e-05
9.93495e-52
0
1.59138e-07
9.32515e-54
0
4.12013e-09
-1.4579e-63
0
-2.40808e-10
2.91562e-63
0
-2.45384e-10
-1.17958e-57
0
-4.38429e-12
9.40167e-60
0
1.09373e-13
1.98051e-60
0
1.45428e-11
8.15207e-59
0
-1.173e-14
-2.38869e-61
0
5.34654e-08
6.99381e-55
0
7.11283e-06
6.80459e-53
0
-4.56152e-09
-4.53341e-56
0
-8.61088e-06
-2.70883e-52
0
4.70036e-14
-5.0755e-63
0
5.02299e-06
2.43244e-52
0
2.01715e-06
-3.00987e-54
0
3.20257e-05
1.4843e-51
0
-8.77151e-13
-3.90392e-59
0
-3.50461e-08
-2.54759e-54
0
5.99396e-06
5.97293e-52
0
3.74171e-08
3.7806e-54
0
-0.000922579
-8.15141e-50
0
-2.27997e-06
-1.00307e-51
0
2.269e-06
3.70062e-54
0
-5.86544e-09
-9.91873e-58
0
-7.69682e-05
-4.25904e-51
0
8.31181e-06
3.15167e-52
0
-0.000114971
-7.73739e-51
0
-5.4906e-09
6.26429e-53
0
-2.52057e-09
-5.42956e-57
0
5.16598e-08
4.01603e-54
0
0.00227183
-6.84612e-51
0
-0.00129394
-5.63137e-51
0
0.000123517
4.45028e-51
0
6.12106e-09
1.14368e-55
0
-1.8468e-06
1.03105e-57
0
-6.75048e-06
1.23043e-59
0
-8.73622e-07
2.33247e-62
0
8.04964e-08
-1.19375e-54
0
1.12636e-10
2.06565e-57
0
-5.92155e-08
-1.93209e-54
0
2.74305e-06
3.47947e-53
0
-0.0245891
-3.29789e-48
0
-1.24068e-05
3.21871e-51
0
6.89424e-05
1.25183e-53
0
8.65285e-11
2.5833e-55
0
-6.8274e-07
-3.11578e-54
0
1.65733e-07
3.5831e-55
0
-0.000241751
-1.51331e-52
0
-2.01456e-06
7.47761e-53
0
-0.000767346
-1.1007e-49
0
7.45758e-05
2.48494e-51
0
1.04429e-09
2.2098e-56
0
-2.77979e-08
-8.10934e-56
0
-1.34694e-05
-4.15504e-54
0
0.00688925
8.96499e-50
0
-7.86587e-05
-1.96982e-51
0
-4.40496e-09
-6.85699e-55
0
-1.52481e-07
-1.8465e-54
0
1.54538e-05
-6.12177e-54
0
5.25776e-09
2.38598e-55
0
-1.0017e-08
4.3739e-63
0
4.97606e-06
2.39515e-56
0
8.55619e-06
1.18224e-53
0
1.15062e-08
4.51951e-56
0
-5.90179e-06
-8.09167e-52
0
-1.88603e-10
-1.14706e-56
0
-6.8587e-10
5.39241e-56
0
-4.08969e-09
-1.01191e-54
0
-3.19196e-06
-2.13339e-52
0
3.10093e-08
4.26688e-54
0
1.14502e-07
2.44189e-52
0
-8.80137e-07
-2.07202e-53
0
2.82572e-08
3.03689e-55
0
-9.09439e-12
-5.85798e-59
0
-3.00073e-08
9.66578e-54
0
-1.99137e-07
-6.74039e-52
0
-9.48418e-11
-5.43609e-58
0
-2.144e-15
1.39704e-63
0
-7.52718e-13
-8.62183e-60
0
1.70954e-05
1.93208e-51
0
6.85293e-06
4.69343e-52
0
-2.86841e-08
5.83147e-63
0
-8.51384e-07
5.9487e-54
0
1.52464e-07
3.10691e-56
0
9.66001e-05
9.40815e-39
-9.24531e-10
-6.20383e-07
-8.36781e-53
0
-1.03165e-09
-7.39015e-56
0
1.95254e-05
1.62329e-51
0
-0.000106408
-6.76625e-51
0
-1.64781e-10
-1.00886e-56
0
-5.2456e-09
-4.11888e-55
0
-2.51874e-10
-6.49111e-68
0
8.79288e-09
2.78099e-55
0
-9.38552e-11
-7.26466e-57
0
-5.34121e-10
-3.10719e-56
0
1.36399e-07
2.37051e-52
0
1.35321e-05
4.56025e-53
0
-5.09039e-13
-1.33948e-60
0
9.66273e-07
7.2869e-62
0
-1.50337e-06
7.22613e-63
0
9.80994e-11
-9.5628e-69
0
7.7653e-10
-1.22082e-57
0
-6.50665e-06
6.40761e-62
0
-4.04046e-09
-2.78719e-57
0
-2.89204e-11
-4.17286e-68
0
1.70765e-12
-2.91573e-63
0
-1.09817e-05
2.27362e-61
0
-1.49071e-06
1.18695e-66
0
3.02364e-07
2.91188e-63
0
-1.10196e-09
1.5156e-57
0
-8.38535e-10
2.33277e-62
0
5.5186e-10
5.79563e-68
0
1.7228e-10
-1.44618e-56
0
-5.76318e-11
-9.282e-58
0
6.12901e-09
8.2008e-57
0
4.26477e-10
-2.31825e-69
0
-2.01234e-09
5.83136e-63
0
4.29018e-10
-3.20374e-60
0
-7.13089e-09
-1.97487e-47
0
6.67163e-08
-1.27047e-57
0
1.9797e-06
9.71105e-53
0
4.50895e-10
1.02951e-56
0
-4.45961e-12
-2.88846e-58
0
-3.81805e-12
-2.41991e-58
0
-7.53729e-14
-4.29879e-60
0
8.74434e-10
1.56237e-55
0
3.63903e-06
5.88229e-53
0
6.10201e-10
-1.58484e-57
0
2.35843e-07
-5.50002e-57
0
1.23837e-09
-4.52523e-66
0
2.29146e-10
3.61648e-67
0
-1.74619e-09
-2.80687e-56
0
-1.02511e-09
-1.43813e-57
0
-1.21343e-11
-4.12694e-60
0
-1.66432e-12
-3.70936e-59
0
2.99175e-08
1.13365e-54
0
0.000225272
1.04074e-50
0
-1.75737e-08
-1.13316e-54
0
-7.43305e-12
3.73094e-69
0
-2.23793e-09
1.09793e-65
0
4.02572e-12
-5.8323e-63
0
2.20025e-08
-4.74778e-66
0
7.4685e-10
3.37825e-57
0
-1.67273e-09
-2.98553e-56
0
-3.24286e-12
-1.31434e-58
0
-2.46336e-13
-7.32458e-60
0
-1.12968e-09
-1.82545e-56
0
-1.86208e-11
1.29483e-60
0
-0.00020698
-7.14423e-51
0
7.67867e-13
4.68883e-59
0
1.04194e-07
8.49312e-54
0
-2.91418e-09
3.07744e-49
0
-5.98794e-08
-6.28196e-54
0
-2.02985e-09
2.69598e-56
0
3.61461e-09
-2.50268e-55
0
-0.0134253
-2.57972e-49
0
-0.000663841
1.38208e-52
0
-7.50099e-05
-7.44574e-52
0
1.00735e-07
2.7734e-59
0
6.90277e-05
2.48958e-51
0
-0.000118237
-3.03939e-51
0
7.01593e-07
2.95929e-54
0
4.62658e-05
7.04693e-51
0
-5.33651e-09
-1.09584e-54
0
-3.41095e-12
-1.18733e-58
0
2.15743e-11
-1.04847e-56
0
-1.0289e-08
-1.63221e-54
0
-1.64393e-08
-6.78291e-55
0
-2.71954e-06
-6.30614e-53
0
5.22574e-11
8.37191e-58
0
6.33976e-10
5.03994e-56
0
1.27167e-09
1.69656e-56
0
5.59248e-07
7.21281e-53
0
-1.50477e-10
-1.80325e-57
0
2.5391e-08
1.77058e-54
0
-1.44121e-07
-6.09291e-54
0
-4.26749e-10
-2.45738e-56
0
-1.63054e-05
-1.49808e-51
0
-6.59474e-08
-3.26094e-54
0
2.01696e-09
-1.7469e-55
0
-1.85581e-11
-4.63651e-69
0
5.3436e-09
1.22008e-55
0
-3.60883e-11
-1.58348e-57
0
1.90918e-13
5.83146e-63
0
-2.81403e-12
1.45787e-63
0
6.94304e-08
-1.42913e-60
0
-2.15591e-07
2.18588e-62
0
-7.55432e-06
2.49544e-62
0
1.0565e-09
3.64457e-64
0
-1.09131e-08
-7.33031e-56
0
-7.92566e-10
-3.50056e-67
0
6.94931e-09
4.20552e-55
0
6.0147e-06
8.16951e-62
0
-1.6222e-13
-1.58474e-71
0
-9.97772e-05
1.77529e-61
0
7.60646e-09
-7.41841e-68
0
1.91421e-08
5.82922e-63
0
6.43045e-10
-1.16594e-62
0
2.90317e-08
1.06769e-55
0
-1.23206e-12
-7.18032e-59
0
6.34127e-12
4.44476e-58
0
9.06831e-11
1.09895e-56
0
9.33743e-08
1.70657e-54
0
-4.04307e-10
-4.76418e-58
0
2.22285e-09
8.92528e-68
0
-7.19534e-08
2.91455e-62
0
-1.07449e-09
-2.99913e-58
0
-2.4309e-13
-2.61923e-60
0
9.16399e-06
7.40609e-42
0
-1.01684e-05
-1.25142e-50
0
4.06844e-07
2.68613e-53
0
-5.28508e-09
-2.12947e-55
0
-2.42006e-11
-9.81623e-58
0
-7.06868e-10
-7.36676e-57
0
9.40402e-13
1.14992e-59
0
1.83891e-10
9.65183e-57
0
-8.6536e-06
-3.68897e-52
0
-1.54766e-09
-1.01676e-55
0
-0.000163119
-2.02414e-52
0
9.98001e-06
2.92757e-52
0
2.33118e-08
3.16686e-55
0
1.45065e-10
-7.01981e-57
0
4.38364e-11
5.2591e-57
0
-1.57934e-09
-6.7355e-56
0
2.54732e-07
3.13643e-53
0
-8.26902e-10
-2.5267e-57
0
2.55078e-06
3.73948e-52
0
-4.65303e-10
-2.91501e-63
0
-4.42341e-11
-5.62645e-58
0
-8.62272e-08
-9.16787e-55
0
2.0675e-12
3.62691e-59
0
1.76892e-10
-1.16635e-62
0
1.97825e-13
-6.79176e-72
0
3.25751e-10
1.73869e-68
0
5.3768e-09
4.00594e-66
0
9.78289e-08
8.17236e-62
0
-6.7267e-10
2.53849e-67
0
7.0502e-12
4.51131e-58
0
5.92439e-08
9.823e-55
0
3.47047e-10
5.58809e-58
0
2.00196e-06
1.20441e-52
0
-4.46877e-11
-4.85799e-58
0
-3.38955e-12
3.00341e-61
0
0.00193035
1.15132e-49
0
-4.53716e-08
-8.71022e-55
0
9.61803e-07
2.67683e-53
0
7.48734e-06
2.52851e-52
0
-1.42664e-05
-1.87564e-51
0
1.42624e-09
-2.91592e-63
0
-8.76261e-10
5.83133e-63
0
6.67891e-09
3.80255e-55
0
8.0538e-13
-2.91573e-63
0
3.59775e-10
-2.91572e-63
0
1.27581e-09
-4.94874e-57
0
2.05662e-09
-4.63651e-68
0
-8.54984e-10
-1.19408e-56
0
