0.00278105
1.67769e-36
-0.00420059
-2.86715e-09
-1.52768e-56
0
2.99951e-09
1.01853e-55
0
7.66173e-11
2.47584e-57
0
-4.71339e-12
-1.34384e-58
0
-4.88703e-11
-1.18681e-57
0
-4.8101e-10
-1.44501e-56
0
2.96955e-09
1.01184e-55
0
-5.2906e-08
-8.94168e-55
0
-4.69673e-07
-9.84154e-54
0
-5.65934e-07
-8.83324e-55
0
5.86785e-07
1.76231e-54
0
1.8641e-05
2.76826e-52
0
-1.97679e-11
-2.85324e-58
0
-1.20405e-09
-2.34537e-56
0
3.56318e-11
6.25345e-58
0
-1.08677e-13
-1.98584e-61
0
-1.06285e-06
-7.78068e-53
0
5.66548e-05
4.20509e-51
0
0.000154103
1.2568e-50
0
-2.93941e-06
-8.15021e-53
0
-1.9798e-09
-6.45565e-56
0
-3.70999e-09
-7.62749e-56
0
1.80846e-07
1.14458e-53
0
5.98409e-05
2.03243e-51
0
6.87463e-07
-1.00303e-46
0
4.2943e-05
-1.35219e-43
0
-2.83735e-07
-7.8027e-54
0
-1.88436e-10
2.16365e-58
0
-2.04996e-10
1.05127e-58
0
-2.40997e-12
-2.23884e-59
0
-8.49884e-11
-1.31484e-57
0
5.75273e-11
3.88856e-58
0
-6.31932e-05
-4.34818e-51
0
0.000302668
2.0394e-50
0
8.48741e-05
-1.62412e-52
0
-3.16702e-09
-2.17531e-56
0
-1.04024e-09
-6.78508e-58
0
6.70288e-11
-6.0154e-59
0
4.85367e-07
1.96636e-55
0
-2.50176e-05
-1.00029e-51
0
0.000125861
-9.97448e-53
0
-9.72672e-09
2.15279e-57
0
-6.46386e-08
-4.65479e-54
0
-2.03131e-05
-1.29649e-52
0
-1.83902e-06
-1.55004e-45
0
-5.55562e-10
-5.18097e-57
0
-2.26068e-10
-1.0302e-57
0
1.61113e-11
2.09856e-58
0
-1.10302e-05
-8.94525e-55
0
-0.000404572
-6.75268e-51
0
5.18429e-06
3.43969e-53
0
7.60663e-06
3.71524e-53
0
4.49598e-08
2.66538e-55
0
-5.20906e-09
-2.15508e-56
0
4.62818e-10
6.33024e-57
0
-6.10467e-11
-5.28823e-58
0
1.82079e-06
3.74459e-54
0
3.86436e-05
2.18861e-52
0
-0.000129078
2.03827e-51
0
-2.39124e-06
-8.36435e-53
0
1.37921e-07
5.02706e-54
0
-9.97283e-05
-3.61779e-51
0
3.32292e-05
-3.37116e-46
0
9.47512e-06
-1.58737e-36
5.97492e-08
1.22063e-07
3.65641e-54
0
-4.40939e-14
-2.27628e-59
0
-3.32916e-12
-2.55805e-59
0
-1.34863e-11
-9.20075e-59
0
2.15464e-13
5.86209e-61
0
4.16978e-10
-2.24587e-57
0
-2.40449e-07
-5.21679e-55
0
5.99609e-06
2.80927e-53
0
3.87276e-06
-4.35917e-60
0
-5.73308e-08
-1.59758e-56
0
-2.03859e-06
7.39997e-55
0
-1.47444e-07
-2.58355e-56
0
-2.06951e-06
-1.67127e-53
0
1.65862e-05
4.08721e-52
0
-2.47187e-08
3.18385e-53
0
2.18046e-08
-8.56775e-56
0
-9.14105e-07
-1.83841e-53
0
0.000158109
5.69696e-51
0
0.00073289
1.89236e-33
0
4.5548e-05
2.65318e-47
0
-3.9741e-07
-3.45798e-53
0
-2.30727e-08
-4.02796e-54
0
9.91126e-10
2.28995e-55
0
-4.47012e-10
-2.30907e-56
0
6.18702e-12
1.87344e-58
0
-6.06815e-08
-3.74001e-54
0
-8.99039e-06
-6.53053e-52
0
7.76655e-05
1.03697e-50
0
4.11384e-05
5.40915e-51
0
-1.52577e-06
-1.69223e-52
0
-3.07286e-08
-2.06893e-54
0
1.7165e-06
1.92677e-52
0
-5.96906e-06
-3.75008e-52
0
4.54437e-05
4.02529e-51
0
-0.000329292
-1.52144e-50
0
0.000108641
3.85592e-51
-0.000382429
-4.27809e-07
-1.4206e-52
0
-2.60154e-09
4.29695e-56
0
3.20096e-06
4.26454e-53
0
1.53702e-07
-1.35108e-54
0
4.86334e-06
1.76928e-47
0
-3.75831e-07
-1.60586e-53
0
-1.48432e-06
-8.61694e-53
0
-1.42644e-10
-4.63075e-58
0
-9.81532e-12
-8.53741e-58
0
-1.27547e-11
-8.80046e-58
0
6.46706e-09
2.35632e-55
0
7.14267e-07
4.44939e-54
0
9.63728e-06
7.88363e-52
0
0.000158909
2.32173e-50
0
0.000269682
-3.68291e-50
0
0.000102928
2.03779e-50
0
1.58556e-07
5.11631e-53
0
0.000260865
3.6112e-50
0
-2.81988e-08
-3.11764e-54
0
9.57621e-05
3.74425e-51
0
0.000821659
4.98088e-50
0
0.00216342
7.48478e-50
0
2.34231e-05
2.05247e-51
0
4.62926e-07
3.93228e-53
0
-3.85112e-08
-1.5659e-54
0
1.81546e-08
5.86309e-55
0
-2.87398e-11
2.09581e-58
0
-6.82666e-11
-2.49655e-57
0
-1.90956e-07
-2.14214e-54
0
2.30273e-06
-5.02196e-53
0
8.63967e-05
4.748e-51
0
5.00689e-05
2.6661e-50
0
-1.04618e-05
-3.9565e-52
0
-4.47636e-06
-1.16936e-52
0
2.14279e-09
-9.05681e-58
0
-1.15165e-06
-1.22487e-53
0
-0.00231294
-5.93733e-59
0
-1.06275e-05
-2.75144e-52
0
-2.08033e-06
-1.96212e-50
0
3.13502e-06
-2.08194e-51
0
-4.64467e-07
-4.31062e-53
0
0.000107649
1.4276e-35
0
5.33057e-08
9.49557e-66
0
3.17414e-09
-1.48368e-67
0
6.30129e-11
1.79573e-57
0
3.68386e-12
-8.07754e-59
0
-1.26038e-10
-5.62355e-57
0
6.28015e-11
2.58087e-70
0
1.50048e-10
4.63651e-68
0
8.88367e-09
-7.12168e-66
0
3.21257e-07
-5.87811e-62
0
-2.52176e-08
-1.81508e-62
0
-1.82521e-05
-2.12558e-52
0
1.61738e-05
3.42875e-52
0
5.6814e-08
4.45216e-55
0
1.60566e-07
6.12586e-55
0
-1.29674e-08
2.46641e-56
0
8.73619e-08
-5.97104e-63
0
-4.43715e-09
2.27484e-55
0
2.19483e-10
-2.06828e-48
0
-8.35407e-07
-2.05188e-45
0
6.7099e-08
9.18232e-55
0
-1.41353e-07
-8.84322e-62
0
6.11384e-09
2.37389e-66
0
-4.56842e-11
9.27302e-69
0
4.70031e-08
-3.6736e-63
0
-0.000139966
-1.31396e-51
0
1.84444e-05
1.19251e-47
0
-0.00159488
-5.88041e-51
0
-2.88434e-05
-1.86641e-58
0
-8.35589e-06
-6.95213e-58
0
-8.49349e-09
-6.86846e-56
0
7.03408e-09
-1.32937e-60
0
0.000758623
-6.73289e-39
4.6978e-09
-0.000139402
9.51764e-43
0
-4.84765e-07
-2.48451e-53
0
-1.83465e-10
-3.01776e-57
0
-3.27492e-11
-1.00676e-57
0
8.55147e-09
2.10496e-55
0
2.76696e-09
1.15294e-55
0
-1.12475e-07
-1.70259e-54
0
-2.90549e-05
-2.13823e-51
0
1.36614e-05
1.02199e-51
0
3.4752e-05
1.67472e-51
0
6.27062e-05
2.47906e-51
0
-8.3577e-06
-2.48289e-52
0
-5.72801e-09
-1.7281e-55
0
-2.45246e-10
-3.45638e-57
0
-5.89474e-10
-5.29182e-57
0
1.38189e-11
1.42938e-58
0
-1.79404e-12
-3.35304e-59
0
1.0471e-07
3.50203e-54
0
8.75153e-05
6.6445e-51
0
5.10436e-05
4.47574e-51
0
4.7823e-07
7.21271e-54
0
-7.30874e-09
-2.48683e-55
0
9.3021e-10
6.62651e-57
0
-6.94853e-09
-1.17023e-55
0
6.78962e-07
4.48971e-53
0
0.000392156
6.82784e-52
-0.000885625
-6.68564e-05
-4.59336e-51
0
-0.00178128
1.55989e-35
0
1.06896e-05
1.56234e-46
0
-3.18232e-09
-3.87281e-56
0
1.20502e-08
-3.08872e-56
0
1.92549e-10
2.66737e-58
0
-8.5031e-11
-9.57375e-59
0
-6.81592e-12
-3.88416e-59
0
-4.43947e-12
-1.59401e-59
0
-5.01597e-05
-3.98608e-51
0
0.000262112
1.86965e-50
0
0.000224328
7.60706e-50
0
0.000113221
4.89258e-52
0
0.000189068
-8.05212e-52
0
5.79478e-08
-2.14276e-55
0
-1.8459e-10
3.6581e-59
0
4.39362e-10
-9.87599e-59
0
-7.02026e-12
3.05702e-63
0
-1.16694e-06
2.48606e-53
0
-2.29668e-05
-8.78018e-51
0
-3.82073e-08
2.25826e-56
0
2.97212e-07
1.44636e-56
0
-1.33957e-06
-6.49792e-53
0
1.35211e-05
1.2597e-51
0
-1.37564e-05
-1.27242e-37
9.90458e-10
0.000331038
6.31053e-43
0
-7.99173e-07
-1.29031e-53
0
-1.28282e-08
-4.46996e-55
0
-4.17826e-09
-1.44368e-55
0
-5.05848e-10
-2.40954e-57
0
-9.09362e-11
-8.03042e-59
0
5.10292e-11
1.45671e-58
0
9.84184e-11
8.55635e-59
0
-8.81863e-06
-1.6057e-54
0
-3.21953e-05
7.92941e-55
0
8.84281e-06
8.90335e-53
0
-2.2257e-08
-1.08707e-55
0
4.59006e-10
1.82253e-57
0
-4.03897e-08
-2.54915e-55
0
-2.2284e-06
-1.89474e-53
0
-6.71444e-08
-4.28705e-55
0
-1.36483e-10
-1.57773e-57
0
1.69642e-06
7.8176e-52
0
0.000319885
2.39666e-50
0
-5.28729e-06
-1.87363e-52
0
3.87628e-08
3.87323e-54
0
-0.000336393
-1.09767e-50
0
0.00117424
2.89035e-34
0
1.84981e-05
8.62921e-46
0
-1.96795e-08
-1.68335e-55
0
1.70712e-07
4.54922e-54
0
6.79282e-09
-3.99828e-56
0
-3.88096e-10
-6.27994e-58
0
2.91683e-11
3.85878e-58
0
-4.81675e-10
-4.35325e-56
0
-8.38389e-07
3.45929e-57
0
-2.59478e-05
-1.03205e-52
0
5.98004e-06
-9.77946e-55
0
-8.08258e-08
1.15666e-57
0
-7.84767e-08
-7.76759e-58
0
-2.29028e-07
-4.84881e-57
0
-5.13888e-08
-3.89354e-58
0
4.48541e-07
1.54308e-56
0
9.58236e-06
-3.24413e-53
0
1.93077e-05
5.79303e-52
0
3.08752e-05
1.16016e-51
0
-3.36375e-05
-1.34495e-51
0
0.000192078
6.39072e-51
0
-0.000125325
-8.46945e-51
0
-9.00578e-05
9.20357e-36
0
4.75497e-06
2.44875e-49
0
9.54699e-09
8.92049e-55
0
-4.50356e-10
-3.06835e-56
0
-2.77758e-11
-3.11828e-57
0
7.44914e-09
4.60553e-55
0
-1.03539e-07
-5.48321e-54
0
3.03494e-06
1.49843e-52
0
0.000292456
5.95972e-50
0
-0.000350556
-9.95196e-49
0
-0.000915926
-1.07669e-49
0
-0.00014869
-5.4317e-51
0
-0.000812408
-5.12599e-50
0
0.000169505
1.98721e-50
0
1.76073e-08
1.86935e-55
0
-6.10252e-07
2.79438e-55
0
-0.000176601
-3.4825e-34
0
1.82141e-05
5.17903e-46
0
-2.62678e-07
-4.09982e-54
0
2.34013e-08
1.65109e-55
0
3.175e-08
1.63749e-54
0
-8.35309e-10
-1.81049e-56
0
-1.29413e-10
-1.54301e-57
0
-3.41216e-11
-2.85286e-57
0
-8.0556e-12
-8.60459e-58
0
4.28432e-09
7.5223e-56
0
-1.20221e-07
-9.561e-55
0
2.87025e-09
-6.41022e-54
0
4.49536e-06
1.7196e-52
0
-2.06771e-05
-5.62776e-51
0
0.000168656
-3.33223e-44
-0.0534223
-0.000383544
-3.60192e-50
0
1.3907e-05
-7.11531e-52
0
-9.79844e-09
2.59721e-55
0
-1.41515e-05
-9.14121e-52
0
-7.05575e-05
-1.26677e-50
0
3.45124e-08
2.9272e-54
0
-5.75943e-08
-5.81654e-54
0
5.28769e-07
3.86694e-53
0
-3.44239e-05
-3.00188e-51
0
-4.17597e-05
-4.715e-51
0
-5.96894e-09
-5.07597e-55
0
-1.75342e-06
-1.53727e-52
0
-3.21755e-07
-1.3265e-53
0
6.29074e-07
9.94057e-53
0
-6.02579e-09
5.21054e-55
0
2.21844e-08
-1.86862e-56
0
-1.56989e-11
-1.17065e-57
0
-2.78735e-07
-1.34033e-54
0
1.22152e-06
-6.82922e-54
0
3.76109e-05
1.18766e-51
0
0.000265563
3.06782e-50
0
-1.18255e-06
-1.06792e-52
0
1.44444e-05
1.44023e-52
0
3.80599e-07
1.05318e-53
0
6.99333e-08
-1.14827e-63
0
1.26513e-05
1.42626e-55
0
-1.23227e-05
-3.51699e-51
0
-1.9526e-07
-7.49076e-54
0
-2.24652e-08
-8.8478e-55
0
-1.11763e-05
-7.76774e-39
4.1449e-10
5.49016e-07
-1.13947e-64
0
-1.59087e-07
1.06825e-65
0
-7.43366e-11
-5.20696e-57
0
5.55253e-10
4.1718e-56
0
5.74532e-07
-1.86272e-60
0
1.49324e-06
-2.55826e-60
0
0.000201994
-5.5107e-48
0
-3.0087e-05
-7.92607e-54
0
-8.11636e-06
-5.32415e-53
0
8.04983e-05
4.76755e-52
0
-7.4815e-09
-4.5125e-56
0
2.97704e-08
1.78545e-56
0
-2.3501e-11
1.23128e-58
0
-7.43624e-07
-3.20825e-54
0
2.23008e-09
1.44018e-55
0
-3.68565e-06
-1.65623e-52
0
-2.91045e-08
-2.10859e-54
0
3.35456e-05
3.10539e-38
0
-5.51034e-08
-4.04264e-61
0
-3.32815e-08
-2.37389e-66
0
2.27176e-12
-3.3141e-60
0
1.3327e-10
8.9226e-59
0
-1.30971e-10
-2.31825e-69
0
3.73528e-10
1.66914e-67
0
7.62563e-09
0
0
1.5826e-07
-5.93473e-67
0
-0.000131951
-2.63777e-52
0
-0.000245238
3.0078e-49
0
-0.000116498
-1.17231e-57
0
-1.54035e-05
-3.75959e-52
0
-2.87669e-06
5.25323e-54
0
-1.55953e-08
2.94078e-62
0
4.11364e-07
-2.93817e-62
0
-7.91675e-09
-7.3466e-63
0
1.12537e-06
9.92633e-58
0
6.62821e-07
-1.03179e-61
0
3.90071e-07
-8.81758e-62
0
1.41599e-08
2.06824e-48
0
2.05743e-06
-5.15209e-41
2.35965e-09
-1.07635e-06
-2.01957e-47
0
8.74983e-06
2.9862e-52
0
1.16291e-07
2.9822e-55
0
-6.44677e-09
-1.02835e-55
0
-1.19853e-10
-1.18017e-57
0
-1.87558e-11
4.10955e-59
0
-1.30161e-09
-4.03803e-56
0
-1.16839e-08
-4.4821e-55
0
-0.000287183
-2.2994e-50
0
0.000443264
-1.13281e-48
0
3.62352e-05
1.37318e-51
0
-0.000990589
-6.64834e-50
0
-4.43046e-07
-2.9293e-53
0
3.06728e-07
1.14973e-53
0
8.72381e-08
5.72844e-54
0
-3.27737e-07
-1.74464e-53
0
3.12284e-06
-2.51377e-53
0
-8.53493e-07
4.27421e-54
0
-1.97354e-07
-5.45587e-54
0
4.12662e-06
1.48442e-52
0
7.13973e-08
-6.60908e-55
0
-6.39244e-06
-9.41592e-53
0
-7.03848e-06
-3.83168e-53
0
3.32623e-07
-6.39363e-56
0
-1.27965e-13
1.51305e-62
0
5.74233e-11
1.03446e-57
0
-5.04613e-11
3.40131e-59
0
-5.19807e-10
-5.01792e-57
0
0.000210646
-3.53295e-51
0
-3.43944e-05
-1.2658e-51
0
0.000813318
1.11482e-49
-0.00209871
0.000180821
7.39483e-51
0
-3.25858e-07
-1.15647e-53
0
3.93044e-08
1.29135e-54
0
-8.65271e-09
-2.20265e-55
0
-5.94467e-05
-2.32233e-51
0
-5.20658e-09
-8.91796e-56
0
-5.73232e-08
-2.05618e-54
0
-1.33087e-06
-4.94553e-53
0
1.40256e-05
-1.18881e-37
6.80698e-10
7.46693e-07
2.10742e-40
0
5.97128e-06
2.30133e-52
0
1.66384e-07
3.02474e-53
0
1.14752e-07
7.67689e-54
0
-6.90822e-10
-4.6092e-56
0
1.85552e-10
5.98497e-57
0
-2.15559e-10
-8.69854e-57
0
8.79306e-10
3.27863e-56
0
-1.01059e-06
-2.77877e-53
0
1.94817e-06
1.85283e-55
0
6.35607e-05
2.39199e-51
0
-0.000128013
-5.99905e-52
0
8.07293e-06
4.58386e-53
0
-1.42179e-06
2.57135e-58
0
-1.60142e-05
-1.19387e-52
0
3.33962e-08
1.43027e-54
0
1.62716e-09
1.2511e-56
0
-7.45177e-08
-4.64671e-54
0
3.94422e-06
5.60061e-52
0
-6.13889e-10
2.23155e-59
0
-1.30642e-07
9.72335e-54
0
3.04618e-08
5.14088e-55
0
-1.27193e-07
-2.67968e-54
0
-6.16008e-07
-3.6283e-44
0
1.28919e-06
-1.4431e-51
0
-1.08401e-05
-3.6561e-52
0
1.90604e-07
1.58141e-53
0
-9.19354e-07
-1.72776e-53
0
2.33543e-10
3.04143e-57
0
-1.19377e-09
-2.06362e-56
0
8.64221e-08
1.15746e-54
0
-2.06692e-06
-1.0103e-54
0
1.87775e-06
9.31672e-55
0
2.63309e-07
1.54113e-54
0
-4.63893e-09
-2.35761e-57
0
-8.91585e-08
-3.4583e-54
0
-3.42018e-09
-4.66099e-55
0
4.18622e-09
2.23558e-55
0
2.65658e-07
1.72185e-53
0
-5.00221e-09
-1.87584e-55
0
-1.3624e-10
-4.95017e-56
0
-1.76935e-10
-5.89401e-57
0
3.97e-08
2.64996e-55
0
1.72966e-09
2.06834e-48
0
2.29435e-07
2.38649e-36
0
-8.79215e-08
1.3331e-53
0
2.76503e-06
1.41334e-53
0
-3.37051e-12
1.8837e-60
0
6.85582e-11
3.6443e-58
0
-1.40697e-10
-1.33391e-58
0
4.67909e-07
1.70666e-53
0
-3.3092e-07
1.50742e-55
0
1.59373e-05
5.73457e-52
0
1.5494e-08
1.6991e-55
0
1.00964e-07
1.57462e-53
0
1.12473e-08
6.71723e-55
0
-1.21042e-08
-1.20171e-54
0
-3.49371e-08
-9.45743e-55
0
-2.49116e-06
-3.08547e-52
0
1.09895e-08
4.66342e-55
0
2.90438e-07
3.78313e-54
0
6.73795e-11
7.93437e-58
0
2.54968e-05
-2.30288e-38
6.23757e-09
1.62949e-07
1.70361e-53
0
-4.65858e-07
-6.08971e-53
0
1.04566e-08
8.02368e-56
0
-4.04778e-11
1.67602e-60
0
-1.94647e-13
-5.2615e-61
0
4.71253e-13
1.14287e-58
0
-2.15621e-07
-1.29219e-52
0
-2.61297e-05
-1.72418e-51
0
-9.02397e-05
-5.90475e-51
0
4.38019e-08
1.69622e-55
0
-5.58148e-09
-5.05573e-56
0
-4.5212e-10
-6.75236e-59
0
-5.4285e-09
-2.76084e-56
0
5.33057e-07
4.58752e-53
0
-9.57919e-09
-8.15198e-55
0
-5.4207e-09
-3.51258e-55
0
1.05893e-08
7.25534e-55
0
-1.25473e-09
1.42803e-57
0
9.23691e-07
1.53599e-48
0
1.56422e-09
4.89562e-56
0
-1.04372e-10
-1.93691e-57
0
-1.80763e-11
-3.84145e-58
0
-5.7695e-09
-2.00066e-55
0
-1.83639e-07
-4.08422e-55
0
-1.15468e-06
-1.97082e-53
0
4.80937e-05
3.57617e-51
0
-6.63059e-05
-5.08147e-51
0
-4.36854e-06
-7.84725e-44
-0.0259735
4.66597e-05
1.9777e-51
0
0.000123248
7.08453e-51
0
2.9357e-08
9.43086e-55
0
-2.4663e-11
-1.8506e-58
0
-8.57498e-12
-1.46312e-58
0
-2.56597e-11
-4.55199e-58
0
-0.0004908
-4.00654e-50
0
-3.73321e-07
-1.23318e-53
0
-1.41416e-10
-3.57201e-57
0
0.00014111
8.08702e-51
0
-2.73393e-05
-1.75612e-51
0
-0.000102711
-3.2426e-42
4.27698e-10
-2.47992e-09
-5.37653e-57
0
4.27137e-10
-3.1377e-59
0
-6.50237e-13
-1.77912e-61
0
-1.10219e-10
-3.03003e-57
0
2.69662e-09
8.91233e-56
0
-1.53254e-08
-2.61905e-55
0
2.80676e-05
1.78485e-51
0
0.000142177
5.57612e-53
0
-9.12471e-05
4.91874e-53
0
-0.000621434
-9.90286e-54
0
5.56227e-10
2.5797e-58
0
-1.36818e-10
7.71892e-60
0
-5.6279e-11
-1.12441e-59
0
2.96086e-06
2.53095e-52
0
-4.40719e-06
-1.23834e-52
0
0.000194765
3.47105e-51
0
-0.000284246
-3.3769e-50
0
3.30854e-08
-3.84798e-58
0
-7.81486e-06
-4.63566e-52
0
-0.000212017
2.58757e-51
0
1.63423e-05
-1.13742e-46
0
-0.000354124
-3.78458e-35
0
-5.7455e-08
-1.54337e-54
0
3.16288e-10
1.20159e-56
0
-3.07539e-09
-9.77953e-56
0
-1.22368e-09
-1.55545e-56
0
-7.42138e-11
-5.40976e-58
0
-3.49173e-10
-3.55174e-57
0
2.07138e-10
-4.36711e-58
0
8.30347e-06
2.3708e-53
0
5.40517e-06
4.05701e-53
0
1.18108e-11
2.12887e-59
0
-6.01401e-10
-6.80996e-58
0
1.63569e-08
6.55231e-56
0
4.21364e-09
3.70869e-56
0
-6.45368e-12
-6.3236e-59
0
7.02513e-10
9.81177e-57
0
-4.7063e-06
-2.07687e-52
0
-2.99846e-05
1.30223e-51
0
8.27186e-05
4.5198e-51
0
-3.24077e-07
-1.29859e-53
0
7.10734e-07
1.38538e-53
0
-0.000105521
-3.74701e-51
0
0.000157727
6.07422e-51
0
-0.000127801
2.46658e-36
0
-3.29177e-07
-7.69926e-55
0
4.84306e-08
2.97965e-56
0
-1.38647e-11
-6.91719e-59
0
1.82736e-10
1.92563e-57
0
-9.40051e-08
-8.26649e-63
0
-3.08038e-07
8.57097e-57
0
4.86528e-09
-7.86723e-59
0
-6.00401e-07
1.34313e-54
0
-1.68823e-08
2.06524e-57
0
-9.47247e-10
5.77265e-59
0
3.50191e-07
6.35061e-54
0
-5.11876e-06
-1.88213e-52
0
-6.84774e-06
-1.41971e-54
0
8.50027e-08
-2.96382e-55
0
1.49811e-05
-8.3583e-53
0
0.000103554
-4.82855e-54
0
-3.88677e-05
-4.17811e-46
0
-3.03149e-07
-2.54632e-53
0
-5.59564e-09
1.50651e-55
0
-1.21948e-09
-7.43967e-56
0
-6.84884e-12
1.59092e-58
0
3.47552e-11
-1.11439e-57
0
2.92932e-07
1.59883e-53
0
2.42639e-06
1.54752e-52
0
1.26143e-05
1.17224e-51
0
0.000333194
-8.36382e-46
0
-0.000107291
-2.08263e-50
0
2.38629e-06
2.84449e-52
0
3.94456e-05
3.47159e-51
0
4.89937e-05
-1.46806e-50
0
2.23213e-06
2.4172e-53
0
0.000348891
-3.72068e-37
2.90488e-08
3.23045e-05
2.96475e-34
0
1.24929e-08
4.86186e-55
0
-2.22766e-09
-5.66755e-56
0
1.45478e-12
1.5404e-58
0
6.40257e-11
2.96299e-57
0
1.63378e-08
1.08884e-54
0
2.47626e-07
4.51245e-54
0
9.52683e-07
1.28776e-52
0
5.23487e-05
6.59766e-51
0
-1.07885e-08
-1.18325e-54
0
-3.80326e-05
9.04406e-51
-0.00240669
0.000101146
1.24808e-51
0
-4.85255e-06
-5.18092e-52
0
-2.51789e-07
-2.0072e-53
0
5.69901e-08
6.56631e-54
0
-3.28319e-07
-1.78705e-53
0
-0.00200683
-4.0293e-33
0
9.67978e-07
9.58208e-50
0
6.70835e-08
1.11693e-53
0
5.22133e-08
2.23045e-54
0
-1.14519e-09
-7.39977e-57
0
-1.65748e-11
-2.28588e-57
0
2.6174e-06
-2.57221e-53
0
5.40886e-07
-1.29868e-53
0
0.000159155
1.99694e-49
0
-7.02523e-08
-7.54015e-55
0
-0.000172035
-1.74452e-50
0
-3.1791e-06
-6.22058e-53
0
4.73295e-08
1.64992e-54
0
-7.29424e-08
7.73538e-57
0
-2.19233e-07
-5.60295e-61
0
1.66189e-09
1.05227e-55
0
8.37917e-06
3.53205e-48
0
-1.78267e-07
-1.91203e-61
0
-2.76408e-07
-5.87206e-62
0
7.24993e-13
7.98248e-60
0
-6.21304e-10
-1.55331e-56
0
5.53489e-07
-1.10244e-62
0
2.67519e-07
-2.86889e-64
0
5.01545e-07
-3.6463e-63
0
-4.29545e-05
-2.09926e-56
0
0.000442079
2.20022e-49
0
8.14508e-05
-3.51966e-52
0
-3.74265e-08
-6.59701e-56
0
-6.18662e-07
-2.54069e-61
0
-1.51047e-10
-3.23904e-57
0
1.16882e-07
4.18409e-55
0
-1.75251e-06
-9.65857e-53
0
3.22493e-08
1.36456e-54
0
1.15302e-06
3.03263e-53
0
-2.59473e-07
2.51903e-54
0
8.28646e-08
-3.17481e-54
0
-9.05295e-06
-2.85261e-42
4.33331e-11
2.49259e-08
1.83665e-63
0
-3.06254e-10
9.27302e-68
0
4.56096e-11
2.08643e-68
0
-9.75977e-12
2.93922e-62
0
-2.64915e-09
-3.67386e-63
0
0.00117606
-3.56466e-51
0
-0.00119323
-5.05395e-56
0
-1.39045e-06
-5.49619e-60
0
-1.4837e-08
-2.93912e-62
0
-8.49746e-07
-7.38755e-62
0
3.07731e-07
-1.28546e-62
0
7.65887e-09
-2.93926e-62
0
-9.56051e-06
-2.85797e-52
0
-3.36146e-05
-1.16977e-51
0
1.80961e-07
6.80547e-55
0
-2.01139e-11
-1.44708e-58
0
-1.68914e-10
-1.09428e-57
0
2.2693e-11
7.85707e-58
0
6.2547e-12
-1.12476e-60
0
1.4058e-10
5.32338e-57
0
-4.2095e-11
-1.25973e-57
0
0.000205538
1.19591e-50
0
-5.56786e-07
-1.24145e-53
0
-0.00022086
-9.73969e-51
0
-5.23179e-05
-2.03687e-51
0
1.31059e-08
3.25364e-55
0
4.83386e-05
1.82487e-51
0
2.02418e-05
7.6837e-52
0
-1.65291e-08
1.0269e-54
0
1.10027e-05
-1.37019e-53
0
9.8461e-06
2.48464e-43
0
1.96289e-06
2.9949e-53
0
-8.80219e-10
1.24677e-58
0
2.31927e-11
-1.05219e-59
0
-2.06111e-11
-4.75748e-58
0
-8.33085e-10
-1.70812e-56
0
-4.56526e-10
6.521e-57
0
2.84108e-09
-3.37122e-57
0
-2.28463e-06
-3.68543e-54
0
4.5129e-06
5.14003e-53
0
-0.000173452
-4.88162e-50
0
0.000379404
2.02548e-51
0
0.00016554
8.61058e-51
0
-2.30795e-05
-7.85823e-52
0
0.00238893
1.3307e-49
0
4.29573e-05
7.3273e-52
0
6.41734e-07
2.22289e-53
0
-1.8474e-07
-6.74501e-54
0
-8.67645e-08
-3.34497e-54
0
-8.45737e-08
-3.32216e-54
0
-1.62616e-08
-3.45382e-61
0
-2.4593e-07
-7.98794e-54
0
5.19409e-07
2.0651e-53
0
-4.24586e-06
-1.51979e-52
0
-3.44465e-07
-1.6577e-53
0
4.77924e-06
2.2782e-35
0
7.61606e-06
1.16186e-43
0
9.5902e-05
7.46189e-54
-0.000370619
1.41567e-08
1.22362e-54
0
-4.91892e-11
-1.88611e-57
0
1.67352e-10
-1.49792e-57
0
-8.25954e-08
-2.81418e-54
0
5.08692e-06
-2.03266e-54
0
-1.1712e-05
-2.06589e-52
0
0.000371489
-2.12209e-49
0
-0.000783156
-5.55745e-51
0
-1.73835e-07
-1.37598e-56
0
8.74683e-09
-3.27331e-55
0
3.66551e-09
-4.98879e-55
0
-9.59691e-06
-5.74358e-52
0
-2.12724e-09
1.9062e-57
0
-3.54321e-08
-9.3054e-54
0
1.33005e-06
-1.71116e-44
0
-2.17469e-06
6.44134e-52
0
-3.04948e-06
-2.27347e-53
0
-1.4795e-08
-1.12536e-55
0
-1.28774e-10
-5.18687e-57
0
1.65918e-10
8.16033e-57
0
-1.40661e-06
-7.63194e-53
0
3.57403e-07
3.96386e-55
0
-1.32845e-08
-4.51956e-56
0
-2.89793e-06
-3.31823e-54
0
-2.55389e-06
-3.04177e-52
0
1.07721e-07
1.03449e-53
0
-3.09525e-08
-3.93564e-54
0
3.93194e-06
4.91657e-52
0
-5.17e-07
-2.46973e-52
0
-1.61417e-06
-9.81727e-53
0
-8.38918e-11
-1.12182e-57
0
-2.89342e-08
-1.1464e-54
0
7.21025e-08
4.63227e-54
0
8.13894e-06
-4.60726e-40
6.03286e-11
-1.00644e-07
-2.08194e-54
0
2.44839e-10
1.11346e-57
0
-1.46021e-11
-1.15801e-58
0
-1.54692e-12
-1.83701e-63
0
6.05761e-12
-1.30777e-63
0
8.14739e-08
3.73571e-55
0
1.9371e-07
3.0614e-54
0
-4.03855e-07
-9.25201e-53
0
-9.67883e-06
-6.41269e-52
0
-4.97024e-09
4.12827e-56
0
6.14896e-07
3.56842e-54
0
-2.88633e-09
-2.54383e-57
0
-4.34924e-08
-4.37654e-55
0
-5.86145e-09
-4.85447e-55
0
2.12305e-08
2.01779e-54
0
-2.07232e-09
-5.10411e-56
0
-9.95526e-08
-1.38822e-54
0
3.5666e-08
3.12092e-55
0
3.25384e-10
6.13983e-57
0
-1.08848e-07
-7.29902e-55
0
-3.43519e-09
-6.20539e-56
0
1.17491e-07
1.54038e-53
0
1.78959e-14
-4.24574e-61
0
2.98909e-10
2.44629e-56
0
3.75045e-08
7.48409e-55
0
2.86627e-08
3.12517e-55
0
7.89278e-07
8.99513e-53
0
2.72932e-07
2.74411e-53
0
-4.52253e-08
-3.63834e-54
0
-1.57229e-09
-1.13919e-55
0
2.15245e-09
5.45886e-56
0
5.93759e-10
-5.47527e-59
0
2.00329e-11
4.51646e-59
0
2.27175e-10
3.24258e-59
0
-7.28137e-10
3.31576e-58
0
3.54735e-08
-5.10367e-40
0
-9.80594e-07
-1.49021e-52
0
-1.56505e-07
5.28256e-53
0
-3.2047e-06
5.48191e-55
0
-6.63e-10
1.52111e-56
0
8.45853e-12
1.49187e-59
0
5.65348e-12
2.67577e-58
0
-9.48879e-08
-7.34025e-54
0
1.98485e-05
1.65216e-51
0
3.16117e-05
2.09875e-51
0
5.94195e-09
-3.52589e-59
0
-5.79135e-10
-3.2284e-58
0
-3.63735e-09
9.32174e-56
0
4.17235e-07
6.68888e-53
0
-3.15921e-07
-5.25541e-53
0
-3.74663e-09
-2.24455e-55
0
-5.20684e-09
-3.42601e-55
0
-1.47012e-10
4.63651e-69
0
-3.0749e-06
1.13235e-53
0
-4.13364e-06
-1.26414e-52
0
4.79769e-10
3.67547e-56
0
1.28525e-08
9.89749e-55
0
2.3798e-10
-4.13659e-48
0
1.90405e-06
-8.51018e-38
1.05036e-09
4.98929e-08
7.33889e-63
0
2.80725e-07
7.3466e-63
0
-2.08086e-08
3.37048e-54
0
2.4383e-11
2.16794e-58
0
-1.67454e-12
-4.54228e-59
0
3.31002e-13
4.73538e-60
0
2.88579e-07
-2.16917e-61
-3.87466e-05
1.49812e-07
-7.35343e-63
0
1.78942e-08
-1.83693e-63
0
-2.77104e-08
-9.85281e-55
0
2.45551e-08
1.99263e-54
0
-9.69195e-08
-2.05028e-61
0
4.29008e-07
-3.82519e-61
0
-3.03894e-08
3.56084e-66
0
-7.60905e-10
-1.69914e-56
0
-9.54231e-08
-1.70738e-54
0
3.78196e-07
5.95834e-54
0
1.46699e-08
1.2906e-54
0
5.64019e-09
7.03373e-55
0
-2.3502e-09
-2.88766e-55
0
4.35163e-11
4.57748e-57
0
1.12306e-09
5.16773e-56
0
4.84092e-09
3.72832e-55
0
8.02211e-09
-3.09109e-53
0
-2.26444e-06
-1.15916e-52
0
1.32975e-06
-2.37389e-65
0
2.64949e-06
-1.46849e-62
0
1.60341e-11
1.66412e-59
0
3.16188e-13
7.34806e-63
0
-1.61302e-10
7.34809e-63
0
-9.78986e-09
1.4696e-62
0
8.68681e-07
-7.36263e-63
0
-6.30787e-08
-7.34927e-63
0
-3.72179e-08
-2.93864e-62
0
-2.26371e-08
5.87885e-62
0
1.2132e-09
2.21604e-56
0
-1.53155e-07
-4.11528e-61
0
-8.44743e-08
-1.46932e-62
0
-1.15685e-08
0
0
2.51145e-09
1.46962e-62
0
6.49989e-10
-1.30506e-54
0
5.68107e-10
1.69626e-45
0
4.09158e-07
6.763e-53
0
1.32543e-09
-3.64195e-56
0
2.13192e-10
9.73343e-57
0
-7.79525e-13
2.81081e-60
0
-3.71705e-11
-1.88344e-57
0
-1.60488e-08
7.11424e-55
0
-1.34556e-05
-8.12296e-52
0
-7.57651e-08
-3.20398e-54
0
6.80219e-07
-7.27773e-54
0
3.55519e-07
4.68212e-55
0
-2.05212e-07
-1.45852e-62
0
-1.16326e-09
-1.46991e-62
0
6.85092e-10
-5.70182e-59
0
9.53395e-09
-6.80517e-57
0
1.12844e-09
2.28246e-57
0
9.96369e-10
-3.06799e-57
0
2.48792e-12
8.96816e-59
0
-1.96629e-13
-1.13492e-59
0
2.79967e-07
-1.22819e-36
3.36718e-08
-8.61705e-08
5.33831e-45
0
-8.01823e-06
-4.70158e-61
0
-4.93936e-07
-2.46297e-54
0
1.17871e-06
4.33739e-53
0
-1.86191e-08
-7.82719e-55
0
1.17012e-10
5.30417e-57
0
2.31327e-11
1.55569e-57
0
-4.63026e-10
-2.01745e-56
0
1.31113e-08
3.7459e-54
0
4.12958e-09
1.36563e-55
0
-3.37468e-11
-1.16401e-57
0
-2.33025e-10
-9.52256e-57
0
-1.49595e-10
-7.34705e-63
0
1.92101e-11
3.86597e-59
0
7.74774e-10
-9.19364e-64
0
-7.68443e-11
3.67404e-63
0
-9.69466e-11
-1.46959e-62
0
-6.8202e-11
-1.46958e-62
0
-3.61036e-12
-9.78833e-59
0
-1.07213e-09
-2.84941e-56
0
-1.60677e-07
-7.3453e-62
0
5.61905e-11
1.38393e-57
0
1.5331e-11
1.98889e-58
0
-6.56891e-12
-1.59488e-58
0
1.13004e-11
-5.96454e-55
0
-1.10676e-08
-5.92431e-55
0
-7.1616e-10
-3.25203e-56
0
-4.19972e-10
-1.42531e-56
0
-4.13828e-11
-7.02919e-58
0
-4.83314e-11
-7.29544e-58
0
-3.10196e-10
-1.0005e-56
0
-0.00322555
-2.58796e-49
0
1.98901e-07
5.27986e-54
0
4.6092e-07
1.19896e-53
0
-3.58062e-06
-2.62557e-52
0
-1.0004e-05
-7.16467e-52
0
1.89363e-05
4.29346e-52
0
2.04213e-07
1.41743e-53
0
1.02577e-05
7.03187e-52
0
1.29429e-09
-1.94415e-58
0
-8.89719e-11
-1.62106e-58
0
-7.16686e-11
-1.69115e-57
0
-4.92493e-10
-1.10574e-56
0
-1.10716e-10
-1.36509e-57
0
-4.10109e-08
-6.30749e-55
0
0.00125927
6.1251e-51
-0.0021099
-6.49073e-09
1.14777e-59
0
3.2497e-08
2.44773e-57
0
-3.05991e-10
6.8127e-59
0
1.153e-09
5.2104e-62
0
-3.55765e-05
-3.76497e-51
0
0.000862989
3.605e-50
0
0.000242897
1.93964e-53
0
-5.17979e-06
4.03608e-54
0
-1.27089e-08
4.61587e-56
0
7.4681e-07
-3.44394e-53
0
-0.000192559
-1.29712e-50
0
-2.6767e-05
-3.17688e-52
0
-4.71434e-09
-3.02199e-55
0
3.16866e-08
1.30044e-54
0
-1.35599e-11
-1.36374e-58
0
-0.000795803
-4.49899e-50
0
-4.29012e-05
-2.87751e-52
0
4.55e-07
-1.92886e-54
0
6.74813e-12
-8.58279e-59
0
4.28759e-07
2.23512e-53
0
-2.54723e-05
1.58457e-52
0
-5.69087e-05
-2.5465e-52
0
-3.03721e-05
-1.52972e-51
0
-1.3187e-06
-4.59633e-53
0
-8.37497e-05
-1.2138e-51
0
2.57207e-07
1.40787e-53
0
2.16672e-08
5.76246e-55
0
-2.04343e-10
-2.69301e-57
0
3.59762e-11
3.73452e-58
0
-4.86456e-08
-1.91847e-55
0
2.58752e-08
-5.73721e-65
0
-6.11078e-06
2.62518e-49
0
6.49531e-06
-2.68958e-56
0
-3.46614e-08
1.2357e-59
0
1.38304e-07
-5.36614e-57
0
4.92544e-09
-3.85847e-58
0
1.77795e-08
1.72559e-57
0
3.91858e-07
2.95319e-53
0
-3.68455e-05
2.83536e-51
0
-4.99458e-05
-6.44878e-52
0
-0.000954177
-2.14929e-50
0
1.18103e-07
8.83501e-54
0
-4.1669e-06
-6.40104e-54
0
3.45127e-08
-3.58935e-56
0
-9.47063e-08
2.76493e-53
0
1.20636e-05
-4.14059e-37
2.34714e-09
3.21922e-07
6.38444e-54
0
7.62158e-10
-1.1264e-56
0
3.46381e-11
2.75929e-57
0
-1.45771e-11
-2.05067e-58
0
9.86784e-09
6.55805e-55
0
-1.51794e-08
-6.02992e-55
0
2.11487e-06
1.35988e-52
0
2.45986e-06
2.46543e-52
0
2.22158e-05
2.43724e-51
0
-0.000454795
-6.67909e-50
0
-5.93442e-06
-6.74283e-52
0
-7.15651e-05
-9.44677e-51
0
3.59244e-06
3.66218e-52
0
-8.18095e-07
-3.87368e-53
0
-1.33733e-06
-3.97199e-53
0
-1.61859e-08
-1.12945e-54
0
-2.14939e-09
-2.88488e-56
0
2.89688e-06
-5.05472e-53
0
0.00107263
1.57777e-47
0
-2.26441e-06
-1.40661e-52
0
-7.52882e-07
-9.27831e-53
0
2.0094e-06
3.00719e-52
0
0.000356646
1.6051e-50
0
0.00345395
1.10288e-49
0
-4.1938e-05
6.63271e-53
0
0.000835547
9.98664e-50
0
9.70679e-05
1.15831e-50
0
2.41858e-09
2.15438e-55
0
-0.000182308
-1.58312e-37
2.69158e-09
-4.37096e-05
-6.28852e-46
0
1.24701e-06
3.68846e-53
0
-5.88745e-08
-3.87039e-54
0
-7.48447e-10
7.30813e-57
0
1.87746e-10
2.42878e-56
0
-1.25087e-10
-1.12395e-56
0
2.26138e-10
2.78731e-57
0
1.25842e-05
1.02259e-52
0
0.0032102
2.9724e-48
0
-4.84063e-08
-2.06088e-55
0
-1.3779e-08
-8.75754e-55
0
-4.46318e-07
-8.11988e-56
0
7.92392e-08
-1.17129e-57
0
7.09287e-06
-4.5186e-52
0
-5.01652e-08
-3.13007e-54
0
-1.84665e-06
-1.04179e-52
0
-2.69677e-07
-1.00232e-53
0
-4.08709e-05
5.04106e-39
0
5.27653e-07
-1.47086e-62
0
-1.54384e-07
3.47796e-54
0
-4.59617e-10
-7.11106e-62
0
-1.61283e-10
9.05568e-72
0
2.34041e-11
2.90799e-58
0
-1.73119e-10
-4.87421e-57
0
-2.62299e-08
1.83736e-63
0
8.59585e-05
-2.70109e-59
0
-0.000220705
1.30867e-50
0
3.41084e-06
-7.35363e-54
0
-2.45913e-05
-1.62563e-52
0
-3.415e-08
-5.01579e-56
0
-8.62089e-09
-3.14607e-55
0
2.67163e-08
-1.51944e-60
0
4.51248e-06
-1.09465e-60
0
1.52141e-07
6.80688e-54
0
2.26811e-06
-5.25084e-53
0
2.74671e-08
6.3016e-55
0
5.87356e-07
-3.67051e-62
0
5.14196e-10
2.78197e-60
0
-1.84159e-11
5.87844e-62
0
7.11498e-11
-3.67403e-63
0
-1.35335e-10
9.18506e-64
0
-7.4656e-09
1.48368e-66
0
0.000151091
5.66376e-53
0
-4.8671e-05
-2.46161e-52
0
-2.56318e-08
-2.34968e-61
0
7.66192e-08
2.9403e-62
0
-4.28672e-06
-4.94092e-61
0
6.23052e-07
-1.17594e-61
0
5.66564e-07
-1.23465e-60
0
-2.85491e-08
2.93923e-62
0
6.23729e-08
-2.95882e-62
0
3.61218e-06
-1.81387e-41
0
3.00682e-06
2.20264e-54
0
-6.83227e-11
-1.44388e-57
0
-1.58044e-10
-4.14827e-57
0
-3.24044e-09
2.7986e-56
0
9.89072e-06
2.96135e-52
0
0.00165861
1.40671e-49
0
0.000322113
-1.96891e-50
0
-3.36669e-06
4.72629e-52
0
-0.000651941
-4.11505e-50
0
-0.000129345
-2.07215e-51
0
1.5126e-07
6.51564e-54
0
6.08407e-07
2.3443e-53
0
1.43713e-07
5.10327e-54
0
2.4265e-06
1.0131e-52
0
-3.27833e-07
-9.20774e-55
0
1.46641e-07
1.23371e-53
0
2.5141e-06
4.28029e-38
0
1.85151e-06
-6.31469e-50
0
2.47339e-06
1.54669e-53
0
2.49879e-05
6.53839e-54
0
1.45084e-09
2.04111e-59
0
1.48212e-09
2.27774e-59
0
1.82135e-13
-4.01131e-60
0
1.7281e-09
1.00718e-57
0
-7.73592e-08
5.16924e-55
0
5.25969e-05
-6.35346e-53
0
-0.000287158
3.36144e-49
0
0.000350832
-2.16228e-51
0
-3.17107e-06
3.31546e-55
0
-9.04458e-05
-4.17064e-51
0
-1.13639e-06
-2.73092e-53
0
-3.04414e-07
-9.61326e-54
0
1.1231e-07
4.19258e-54
0
-1.87545e-05
-7.7963e-52
0
-4.73732e-08
5.51158e-63
0
5.18987e-09
1.89318e-55
0
6.22995e-07
4.50471e-53
0
-4.23776e-08
2.0881e-53
0
3.50978e-07
2.45681e-52
0
6.55254e-06
5.85273e-53
0
-2.0249e-08
-1.62246e-54
0
3.48496e-09
2.94982e-55
0
-5.59523e-11
-7.81214e-58
0
3.70424e-10
2.4117e-55
0
1.47729e-05
2.36704e-52
0
0.000180305
5.64914e-51
0
-0.000229163
-3.51167e-51
0
-1.20812e-06
-1.44186e-53
0
-8.05609e-08
5.18687e-55
0
-3.19563e-08
-2.33076e-55
0
3.94862e-08
8.7778e-55
0
-8.07513e-08
2.38652e-55
0
-2.50283e-05
-3.21668e-52
0
3.72065e-09
5.94279e-55
0
-8.45808e-08
-4.06654e-54
0
-6.96468e-08
-2.17548e-54
0
1.76951e-06
-1.43922e-35
0
1.26851e-05
4.82313e-52
0
1.52059e-11
6.98631e-58
0
-2.92003e-10
-1.30819e-56
0
1.06346e-09
4.21508e-56
0
-8.48915e-08
-3.10793e-54
0
4.32874e-06
1.40172e-53
0
-1.95164e-08
-9.66006e-56
0
4.43759e-07
2.46113e-55
0
-1.16174e-08
-1.35091e-54
0
3.21961e-11
-2.94827e-56
0
2.18013e-07
5.44802e-54
0
7.66513e-06
-4.52199e-52
0
-9.78366e-08
-1.43738e-53
0
3.67881e-09
2.5683e-56
0
2.77236e-07
7.47556e-54
0
-4.39957e-06
-7.43721e-54
0
-1.40662e-10
-3.37819e-57
0
-1.0463e-12
-1.83701e-63
0
-1.81056e-07
-7.67506e-54
0
-6.34624e-10
-4.28751e-57
0
-1.28526e-06
-1.45008e-53
0
2.68967e-08
2.89461e-57
0
-2.09526e-08
-7.14453e-56
0
1.03911e-06
1.61292e-52
0
-1.81499e-09
-7.96953e-56
0
7.72631e-09
1.86279e-55
0
9.88321e-06
7.23019e-52
0
7.11764e-07
2.17785e-53
0
8.4232e-08
3.08607e-54
0
8.82534e-09
1.86871e-55
0
2.31613e-08
2.02678e-55
0
2.22503e-07
2.29317e-54
0
-1.06991e-08
-7.71454e-56
0
-8.15507e-08
-7.571e-40
0
5.64088e-09
7.03915e-55
0
-5.22282e-09
4.63987e-57
0
2.74182e-11
2.48056e-60
0
-1.08043e-09
-1.23788e-55
0
-6.84067e-08
-5.95324e-54
0
-3.25076e-07
-5.07832e-54
0
-7.50249e-10
-5.42732e-57
0
-2.35629e-06
-1.47425e-52
0
-8.56222e-09
-8.09939e-55
0
-7.44134e-09
-8.63832e-55
0
-6.42122e-08
-2.37389e-66
0
2.94252e-08
-3.05246e-56
0
8.82881e-11
2.8683e-58
0
1.98461e-11
-2.70584e-60
0
-3.39437e-10
-6.56204e-60
0
1.10953e-09
7.19227e-59
0
4.83984e-11
2.58537e-49
0
3.60818e-07
2.97529e-53
0
-3.03661e-06
-5.35466e-52
0
1.23175e-10
4.06536e-57
0
-2.49802e-12
-1.01323e-58
0
5.37384e-13
1.29305e-59
0
-1.95249e-11
-7.99834e-58
0
-3.90192e-11
-2.21619e-56
0
-9.42388e-09
-3.86845e-55
0
6.20573e-06
4.3747e-52
0
7.52526e-06
6.06166e-52
0
1.38269e-05
1.15578e-51
0
4.07517e-08
9.09654e-55
0
-1.09596e-08
-2.02278e-55
0
-2.53249e-08
-1.37151e-54
0
-1.20429e-07
-5.87521e-54
0
-3.34777e-06
-7.42013e-53
0
1.42774e-06
-3.93971e-53
0
-1.37615e-08
-6.51485e-55
0
-3.08827e-12
-1.39095e-68
0
-1.02167e-08
1.83739e-63
0
2.55551e-06
2.27396e-52
0
-1.43436e-08
-1.12803e-54
0
8.18214e-10
7.18478e-58
0
-1.27155e-09
-1.28144e-56
0
-7.26371e-07
-1.31291e-37
0
1.80771e-08
-1.18695e-66
0
-3.67764e-06
-2.93935e-62
0
-2.64895e-08
-4.23192e-53
0
-7.01289e-09
-4.79771e-55
0
3.01745e-11
5.80263e-58
0
3.66252e-11
2.50935e-58
0
-5.64528e-13
-1.72363e-59
0
-3.25227e-10
-3.58725e-58
0
-2.25698e-08
-4.53299e-57
0
-4.43815e-07
1.73951e-54
0
2.27862e-08
2.37389e-66
0
-5.02768e-07
-1.85923e-62
0
-1.53979e-10
-1.73869e-69
0
3.26166e-08
2.26854e-54
0
-7.57726e-09
2.93894e-62
0
2.32305e-09
-3.40275e-56
0
2.64803e-06
-8.23276e-59
0
4.30287e-06
1.61832e-52
0
3.34318e-09
-4.08166e-55
0
9.42068e-09
7.37603e-55
0
-5.57689e-10
-7.17783e-54
0
5.90592e-05
-4.33723e-37
2.99217e-08
5.76086e-09
-9.10667e-39
0
3.48923e-06
1.71084e-52
0
1.2079e-06
-1.02877e-61
0
1.28563e-07
4.54984e-56
0
-2.07123e-11
1.46961e-62
0
-9.44306e-10
-1.46964e-62
0
1.18613e-07
-1.34255e-56
0
-1.69795e-07
0
0
-1.68164e-07
-5.83788e-62
0
2.65156e-08
-8.81046e-62
0
1.00425e-09
7.41841e-68
0
4.14339e-10
2.51755e-56
0
-2.65065e-07
-5.93604e-54
0
1.68763e-08
1.689e-55
0
4.9588e-09
1.46963e-62
0
5.82797e-11
1.46961e-62
0
3.92945e-09
-2.93922e-62
0
-2.28382e-08
4.72182e-37
0
1.04636e-05
4.437e-52
0
-4.57078e-07
2.85768e-54
0
-9.33794e-07
2.77157e-54
0
-7.22093e-07
-4.02949e-53
0
8.16617e-11
2.51475e-57
0
2.56645e-10
1.25951e-56
0
4.30178e-08
3.94188e-54
0
-1.71878e-08
-4.00381e-56
0
-4.85435e-09
2.56071e-58
0
-9.8353e-09
-1.04216e-56
0
-2.61576e-09
-2.96736e-67
0
-6.08965e-09
-2.93925e-62
0
1.57949e-07
5.74064e-61
0
2.60748e-10
4.03186e-57
0
-7.22151e-10
2.04684e-57
0
-5.75909e-10
1.28302e-59
0
7.82895e-11
1.83543e-55
0
2.2854e-06
2.0502e-36
0
-6.97053e-06
-2.0919e-52
0
-3.94321e-07
-4.43699e-54
0
6.0002e-09
3.66663e-55
0
6.78872e-11
-6.69963e-59
0
-3.52732e-12
-2.74559e-58
0
-2.5881e-11
1.8968e-57
0
-1.23501e-09
-5.03577e-56
0
-1.47269e-05
-5.29436e-52
0
2.34628e-08
1.03653e-54
0
3.40884e-08
1.40189e-54
0
-9.82912e-10
-4.58532e-56
0
-8.56712e-11
-3.07495e-57
0
-3.96803e-08
-2.20986e-62
0
-5.3189e-11
1.46961e-62
0
-9.32711e-11
-1.11276e-67
0
1.32931e-10
7.3481e-63
0
-8.34961e-12
-1.88909e-58
0
2.67177e-13
6.75616e-60
0
-2.86973e-08
-6.4566e-56
0
-1.71556e-07
-1.18181e-54
0
2.09426e-09
3.73921e-56
0
1.32811e-12
-1.14975e-58
0
8.1187e-13
1.51293e-59
0
1.77879e-12
7.45871e-59
0
4.53014e-12
-7.34806e-63
0
1.95976e-13
2.11343e-61
0
-2.84631e-05
-2.07374e-51
0
-2.32324e-10
-4.74383e-57
0
-2.54148e-10
2.61726e-59
0
-9.58333e-10
1.44432e-57
0
0.00340108
2.60602e-49
0
2.07678e-07
-1.96796e-54
0
5.15794e-10
8.63773e-58
0
5.02721e-11
3.99497e-58
0
1.4419e-07
-9.21023e-56
0
-1.59326e-11
-8.31133e-59
0
1.0209e-10
-1.26009e-59
0
9.95729e-07
-2.32963e-57
0
-4.52271e-06
1.46763e-57
0
1.0529e-07
3.63132e-54
0
-1.89946e-11
-1.56407e-58
0
6.33433e-10
1.00267e-56
0
0.000107418
-2.5991e-54
0
-0.00115486
-2.37493e-50
0
7.06554e-09
1.01841e-55
0
-5.36115e-06
1.37536e-53
0
9.13006e-11
1.51856e-56
0
-2.19738e-05
-3.30681e-53
0
-2.15585e-07
1.27459e-54
0
-1.75636e-09
-4.53602e-56
0
-2.40609e-10
-1.91819e-57
0
2.19088e-12
2.33604e-59
0
-4.04136e-05
2.83552e-52
0
4.15884e-07
-3.34346e-60
0
3.14067e-06
9.69565e-54
0
-4.89534e-10
-2.53897e-57
0
-3.96944e-09
2.74186e-58
0
-7.85541e-05
-1.87383e-50
0
-2.43031e-07
1.37981e-53
0
0.000354112
1.13382e-50
0
-3.82023e-07
-3.13616e-53
0
-4.04383e-12
-3.79512e-58
0
-2.21628e-05
5.97311e-49
0
-1.1907e-05
-1.52588e-51
0
-3.82061e-06
-3.42609e-52
0
1.81221e-05
1.44369e-51
0
-2.44199e-07
-1.7319e-53
0
-3.8347e-06
-9.26349e-52
0
-3.98806e-07
-4.10534e-53
0
7.07212e-06
2.34821e-52
0
-7.89465e-07
-3.03896e-53
0
2.05912e-07
1.08929e-53
0
-1.17024e-11
-9.8075e-58
0
3.92532e-10
2.96037e-56
0
7.35496e-07
-4.52225e-52
0
-1.57735e-06
-1.24849e-52
0
-3.24892e-06
-4.20283e-52
0
-0.000301573
-1.76524e-50
0
0.000670015
8.84112e-50
0
0.00034926
1.22315e-50
0
8.92124e-09
3.84612e-55
0
3.05614e-06
1.34824e-52
0
0.000132812
-2.419e-38
0
1.69727e-10
2.75964e-56
0
1.4769e-06
-3.60088e-53
0
0.000463299
1.08788e-45
0
1.02529e-06
8.45942e-53
0
-2.78118e-06
-4.89604e-53
0
0.000161003
1.08279e-50
0
2.93982e-09
6.18399e-56
0
1.89688e-06
1.87766e-53
0
8.08904e-07
-8.01263e-64
0
-0.00281719
-9.02211e-50
0
8.75365e-05
6.88191e-52
0
-2.16588e-07
-1.18274e-53
0
3.10323e-08
8.59514e-56
0
2.84396e-09
2.84397e-55
0
8.33766e-12
1.55266e-62
0
-4.50748e-08
-2.96736e-67
0
-4.98548e-05
-2.65944e-52
0
5.62016e-06
1.79912e-52
0
1.79217e-05
-2.60805e-51
0
-1.16671e-05
-2.81241e-52
0
-3.5062e-07
-9.00383e-54
0
-7.30518e-05
1.87777e-57
0
1.11222e-06
-8.44987e-62
0
2.45023e-07
7.69619e-54
0
1.09677e-09
1.46961e-62
0
-4.69865e-10
-2.93925e-62
0
2.94933e-10
-7.34804e-63
0
-1.69648e-09
-2.13114e-61
0
-0.000786971
1.05345e-48
0
1.1148e-05
7.78064e-53
0
-0.000489674
-3.36982e-56
0
1.18137e-07
1.22442e-55
0
-4.69887e-08
-3.66142e-56
0
1.38264e-05
-6.11347e-60
0
2.35204e-06
-1.17546e-61
0
-1.39891e-07
5.87859e-62
0
-2.83619e-08
-2.93923e-62
0
9.46872e-07
2.64382e-42
0
-1.91203e-07
-6.37256e-54
0
-2.00874e-07
-1.12665e-54
0
-3.39349e-10
1.39831e-57
0
-1.48706e-11
-2.05336e-59
0
-3.68212e-11
-1.23888e-59
0
-1.94507e-10
-4.09386e-57
0
2.94187e-06
9.53501e-53
0
1.74974e-05
6.48888e-52
0
5.59491e-05
1.32149e-51
0
2.61703e-05
9.92623e-52
0
2.09549e-05
6.73767e-52
0
-1.55789e-06
1.02713e-51
0
4.63118e-06
4.83388e-52
0
-3.88884e-08
-1.79174e-54
0
1.7982e-07
7.61137e-54
0
6.14671e-08
2.68497e-54
0
-1.57106e-08
-5.7884e-55
0
-1.57034e-07
-5.68528e-54
0
2.05218e-06
7.47798e-53
0
-1.57412e-07
-1.17304e-53
0
-1.42664e-08
-1.03416e-48
0
8.23626e-06
-1.84768e-41
5.9813e-11
-1.26801e-05
-3.15525e-52
0
3.4177e-06
-1.21982e-56
0
5.3401e-08
9.3317e-57
0
2.32045e-08
5.0427e-59
0
1.42844e-10
-1.47058e-56
0
5.09599e-10
2.6209e-56
0
-0.000526654
-1.25629e-50
0
-1.77367e-06
-5.35641e-53
0
-2.21388e-07
-9.28993e-54
0
-2.10904e-06
-8.87559e-53
0
-1.05131e-05
-1.15216e-51
0
8.42248e-08
1.2875e-54
0
1.0102e-07
1.25246e-54
0
4.49136e-06
3.79664e-52
0
4.49462e-06
2.20494e-52
0
2.57209e-06
1.16259e-52
0
-3.89926e-08
-2.80822e-54
0
-9.59312e-07
-8.40621e-53
0
7.91152e-10
7.34466e-56
0
8.02557e-11
-1.79256e-58
0
4.63254e-10
1.12909e-56
0
-1.16669e-08
-4.20169e-55
0
1.0911e-05
4.35918e-54
0
0.000271798
8.60937e-51
0
-2.73759e-05
-7.04558e-52
0
-1.0121e-07
-1.08207e-53
0
-5.27443e-08
-9.71476e-55
0
7.9752e-08
1.42925e-54
0
-1.70885e-08
-1.16444e-55
0
7.7293e-07
-2.75379e-54
0
-5.60311e-07
1.43107e-52
0
-3.85901e-09
-9.61728e-56
0
-3.09939e-08
1.54735e-53
0
-1.0333e-07
3.05154e-54
0
-4.3461e-08
-2.06824e-48
0
4.05083e-06
-7.74734e-37
4.64571e-08
6.80711e-05
6.29505e-52
0
-1.80147e-05
-2.10535e-51
0
-2.98206e-07
-3.52077e-54
0
-6.57772e-12
2.38709e-58
0
5.71369e-14
-1.01463e-58
0
1.27143e-09
5.92665e-56
0
1.20819e-07
4.2016e-54
0
0.000126544
1.27251e-52
0
1.67482e-06
1.33793e-54
0
-1.00502e-07
-3.83483e-56
0
-3.69194e-07
-5.54454e-55
0
-3.34334e-09
-1.99039e-55
0
9.21639e-10
1.462e-54
0
-4.61033e-08
-1.16363e-54
0
5.61817e-08
3.90943e-54
0
-1.89195e-07
-2.28751e-53
0
1.7363e-07
2.64359e-44
0
2.34153e-06
2.8397e-53
0
7.22154e-07
9.51789e-54
0
2.92032e-12
-1.83701e-63
0
-5.21864e-11
6.12287e-60
0
-4.94419e-10
-5.41319e-57
0
-3.53999e-08
-5.4435e-55
0
7.89248e-07
1.21786e-53
0
-1.42118e-05
-1.23069e-51
0
-2.5495e-08
-2.45808e-54
0
-1.17419e-08
-9.6769e-55
0
1.35027e-06
3.28042e-53
0
-4.25902e-06
-3.24061e-52
0
-6.3609e-08
-4.81873e-55
0
-8.91346e-08
-1.27302e-54
0
-6.98737e-09
-3.67419e-63
0
-3.83806e-10
5.22024e-53
0
8.2891e-08
-4.14302e-38
0
3.9899e-07
4.60566e-53
0
-3.20867e-06
-4.87043e-52
0
1.08862e-05
1.71424e-52
0
4.4803e-09
7.44197e-59
0
2.28057e-10
3.02469e-58
0
-2.21011e-14
-1.04189e-61
0
-3.17501e-11
-2.90116e-57
0
-1.25827e-08
-1.02694e-54
0
-2.99478e-06
-3.14658e-52
0
-4.87455e-06
-4.27438e-52
0
-2.91059e-05
-1.74952e-51
0
4.88077e-08
3.5041e-55
0
-2.99487e-08
-8.63359e-55
0
-1.32263e-07
-3.37297e-54
0
2.24839e-06
1.72482e-52
0
-1.20788e-05
-3.72497e-52
0
4.61714e-09
7.41173e-58
0
6.47221e-09
-4.22733e-57
0
-7.69287e-09
-4.54867e-57
0
2.00377e-10
1.88997e-58
0
-3.67716e-09
7.27452e-54
0
1.99275e-06
5.62171e-52
0
-6.50909e-13
-3.44801e-59
0
-3.25995e-13
-1.71527e-59
0
-6.25704e-12
-6.07143e-58
0
1.49695e-11
2.15355e-58
0
1.02659e-10
2.64412e-56
0
2.09385e-05
2.16901e-51
0
-1.70761e-08
-1.03662e-54
0
-2.0399e-08
-1.24968e-54
0
7.14387e-09
1.02725e-54
0
-1.61255e-09
3.67404e-63
0
8.33395e-07
1.46385e-53
0
-2.97382e-08
-2.32424e-54
0
1.23799e-08
1.08919e-54
0
-7.95321e-11
-5.92211e-57
0
-8.04704e-09
-5.89911e-55
0
-1.24169e-08
-5.30081e-55
0
-1.74481e-07
-1.0455e-40
0
-1.43684e-06
-1.40413e-54
0
3.88883e-08
6.35326e-54
0
8.07767e-11
2.63131e-57
0
2.87107e-13
-9.18507e-64
0
-2.36561e-09
-9.14047e-58
0
-4.66319e-09
-1.33537e-56
0
-3.78448e-09
-9.23184e-64
0
-8.11242e-08
1.83739e-63
0
-1.19201e-09
5.56381e-68
0
-1.32047e-11
-5.47786e-59
0
3.55409e-06
-2.81828e-62
0
6.51909e-08
-7.34767e-62
0
-1.21368e-08
1.46959e-62
0
-1.13594e-09
-6.27986e-59
0
-1.55943e-10
-3.743e-57
0
-1.80941e-07
-1.26208e-54
0
-4.35436e-08
-2.51685e-54
0
1.07156e-09
4.37882e-56
0
-4.99291e-10
-6.5521e-57
0
-1.08431e-06
-5.53622e-37
0
1.21578e-07
9.07062e-53
0
-2.20991e-08
-3.36997e-56
0
1.51894e-10
1.43389e-58
0
-4.38054e-11
2.31825e-69
0
5.09642e-07
-4.74778e-66
0
6.01478e-08
-4.04084e-62
0
1.75517e-06
1.83543e-63
0
-3.91427e-08
3.20475e-65
0
-2.49355e-07
-7.93735e-61
0
-2.40056e-09
2.93925e-62
0
-2.66751e-08
-2.2017e-55
0
5.90797e-07
-4.70374e-61
0
-5.47916e-09
-5.01583e-56
0
-1.68781e-10
-6.68169e-58
0
1.45722e-10
-1.03426e-48
6.77951e-14
-7.03072e-07
-1.5669e-54
0
1.52336e-06
3.85844e-54
0
1.24879e-07
-1.56439e-54
0
4.07769e-10
2.65908e-56
0
1.08724e-05
4.3283e-52
0
-7.00208e-09
-1.61527e-53
0
-1.4252e-06
4.09138e-54
0
-7.02187e-08
-1.62848e-55
0
-1.17321e-08
-9.18826e-64
0
9.36246e-08
-2.94202e-62
0
-4.77483e-08
1.46975e-62
0
6.32401e-11
-8.06437e-59
0
-3.1555e-08
2.24343e-56
0
-6.90494e-09
-1.81403e-56
0
-1.46065e-07
9.13074e-55
0
1.02489e-11
3.04425e-59
0
1.13377e-12
9.28693e-59
0
6.96688e-06
3.63615e-35
0
5.7259e-08
2.41288e-55
0
5.29399e-10
2.90072e-56
0
3.48934e-11
2.03047e-57
0
3.81696e-12
-3.0989e-59
0
1.40192e-11
7.00467e-58
0
-8.60827e-09
-2.07808e-55
0
-5.92214e-08
-3.62487e-54
0
2.67449e-11
1.32253e-57
0
-1.45705e-10
-2.29631e-64
0
-9.94993e-11
-9.27302e-69
0
-8.93731e-12
-2.59584e-58
0
4.02606e-10
8.00495e-57
0
1.58864e-10
3.27262e-57
0
2.30019e-11
1.18955e-58
0
-1.5822e-12
-5.19205e-59
0
2.01069e-07
3.7053e-54
0
3.9278e-13
3.28832e-60
0
9.5729e-11
1.87262e-57
0
3.53608e-08
7.30136e-56
0
-2.34955e-07
-5.00065e-54
0
0.00134682
2.21174e-50
0
5.03268e-12
2.99814e-59
0
-1.02855e-10
1.38758e-59
0
-7.75711e-06
-1.01262e-54
0
-1.61927e-09
-8.3775e-58
0
-2.52195e-08
-8.00612e-55
0
-5.28092e-11
-2.21524e-58
0
7.89943e-07
7.49111e-54
0
-3.75423e-08
-1.32275e-55
0
-1.25763e-08
-1.52867e-55
0
3.36957e-05
1.25001e-51
0
-2.45846e-06
-8.49422e-53
0
1.95449e-07
4.8581e-54
0
6.44542e-09
-2.96736e-65
0
1.18595e-05
-2.17581e-60
0
2.95823e-13
3.24186e-59
0
-4.13266e-06
-5.33384e-52
0
0.000277807
3.6718e-50
0
1.644e-06
1.10281e-52
0
-1.81346e-08
-2.3102e-54
0
-5.76136e-08
-7.15308e-54
0
0.000407284
1.79006e-50
0
4.61154e-05
4.48234e-52
0
8.67862e-07
1.23066e-52
0
9.23597e-06
1.08216e-51
0
-9.19154e-10
-1.01e-56
0
-6.94757e-06
-2.31724e-51
0
-9.72427e-06
4.19305e-53
0
-1.12309e-05
-4.97855e-52
0
-6.03679e-05
-5.26981e-51
0
-2.76011e-07
-2.44651e-53
0
-2.41167e-07
-5.94763e-55
0
1.5139e-10
5.20032e-57
0
-1.54328e-05
-8.11322e-53
0
-6.60848e-06
-1.02871e-52
0
0.00128749
6.86653e-50
0
-4.02558e-08
-1.3867e-54
0
-0.000185098
-6.47432e-51
0
-8.88655e-05
-1.12202e-51
0
-8.60324e-07
-3.76098e-53
0
1.13579e-08
1.04404e-53
0
3.96239e-07
7.34245e-63
0
7.47771e-11
6.76545e-59
0
4.50909e-10
-4.59262e-64
0
2.73428e-05
9.06804e-54
0
-7.0453e-08
-2.40309e-56
0
-3.17146e-11
-5.66122e-58
0
3.11945e-06
9.66528e-54
0
1.85157e-07
-5.74927e-64
0
6.08448e-07
1.30281e-53
0
1.94761e-09
4.85976e-55
0
-1.13721e-10
-4.36817e-58
0
-7.88814e-11
6.02746e-68
0
1.25108e-06
-9.111e-61
0
2.36295e-06
-1.64602e-60
0
-0.000353295
7.73637e-53
0
4.99023e-05
-2.38927e-58
0
8.621e-06
-5.40908e-57
0
-0.000711386
-2.33971e-56
0
1.23394e-09
1.30564e-65
0
-1.98717e-09
4.24377e-59
0
2.18316e-07
4.21929e-56
0
3.42416e-06
-3.75631e-59
0
1.5694e-08
-5.87835e-62
0
-4.51482e-07
-2.93478e-62
0
7.89966e-08
-1.11234e-54
0
-1.05928e-11
-1.8476e-59
0
5.76213e-10
-2.73334e-57
0
3.43281e-07
8.80074e-54
0
4.09671e-05
1.71766e-52
0
-1.43388e-05
-1.8112e-53
0
-7.42064e-07
-2.42402e-53
0
1.2682e-07
5.12877e-54
0
1.16641e-07
4.04837e-54
0
2.74426e-05
6.67233e-52
0
5.28159e-07
1.41647e-53
0
9.57453e-09
3.22778e-55
0
-1.03662e-06
-1.70538e-53
0
2.68291e-11
1.13107e-58
0
-5.56308e-10
-1.38976e-58
0
1.04143e-05
-4.26483e-53
0
-9.96557e-06
-5.07094e-52
0
8.97783e-06
-3.87127e-53
0
1.20474e-07
3.70405e-54
0
-5.80524e-07
-2.17221e-53
0
-2.63785e-07
-2.42298e-53
0
-5.99477e-05
-1.95432e-51
0
2.36893e-06
8.54436e-53
0
-1.37598e-06
1.2239e-52
0
-8.7738e-06
-2.68754e-53
0
-2.24515e-10
-1.96208e-56
0
-4.54942e-07
6.55479e-55
0
-3.92064e-05
-5.0569e-52
0
-1.07373e-06
-1.5715e-52
0
4.54862e-09
5.43216e-55
0
-8.90546e-08
1.89317e-53
0
-2.06058e-05
6.73399e-35
0
-1.20059e-05
-1.10452e-61
0
6.02019e-05
-3.31286e-53
0
-1.97745e-11
-8.95433e-59
0
-4.06641e-09
-2.2055e-55
0
1.4936e-06
2.91566e-54
0
3.70758e-05
-1.10272e-54
0
9.59436e-09
1.76261e-56
0
4.44092e-08
6.70502e-54
0
-7.79727e-09
-1.11833e-54
0
5.3347e-08
-5.04417e-53
0
-1.00918e-08
-4.96218e-55
0
-1.42301e-07
-2.02497e-45
0
-1.0687e-06
2.86281e-54
0
1.43045e-07
2.19132e-54
0
6.7348e-08
1.09588e-54
0
2.18965e-13
-2.37327e-62
0
-3.64915e-08
-7.63393e-55
0
4.87714e-08
4.51247e-55
0
2.96436e-07
7.51512e-54
0
-4.3323e-10
-2.8766e-56
0
8.46257e-10
-1.8197e-56
0
-2.97066e-09
-9.21389e-56
0
-9.82833e-08
-1.54442e-54
0
6.02432e-11
-7.97517e-60
0
4.36892e-12
8.18758e-58
0
1.07954e-11
2.66999e-58
0
-1.64138e-05
-1.36271e-51
0
-1.25402e-05
-1.02235e-51
0
5.33912e-09
4.76579e-56
0
-2.10912e-07
-7.3472e-63
0
-4.37993e-06
-3.63254e-52
0
1.025e-08
3.57858e-54
0
-1.98305e-08
-4.83638e-59
0
6.55183e-11
1.62945e-58
0
-8.6041e-09
-2.41984e-56
0
1.35577e-06
3.00036e-38
0
4.93821e-08
1.45101e-52
0
4.87157e-07
-3.1257e-53
0
-8.93435e-07
-1.04785e-52
0
5.10256e-13
-8.0703e-63
0
6.47298e-13
6.35171e-60
0
-2.36033e-07
3.35087e-52
0
-7.93129e-07
-5.83602e-54
0
-1.96013e-08
-1.80357e-55
0
-8.74094e-10
-1.67404e-57
0
2.0604e-08
1.34315e-54
0
-5.64507e-09
-5.00009e-55
0
-8.1996e-10
-4.54751e-56
0
1.53216e-08
1.03743e-54
0
-1.38625e-08
-8.89813e-55
0
9.14571e-07
2.2961e-53
0
-6.76451e-07
9.68218e-57
0
-3.85951e-08
-1.34201e-55
0
-2.11949e-08
2.59644e-67
0
-1.13175e-08
4.85341e-55
0
-5.19534e-08
-1.46892e-61
0
-6.5041e-08
-1.47193e-62
0
-3.09399e-10
-9.02319e-57
0
2.65749e-09
4.6936e-56
0
1.67826e-06
-2.93831e-61
0
2.29156e-08
1.94894e-54
0
-1.59445e-10
-2.19516e-56
0
-7.51713e-09
-1.80661e-55
0
7.81515e-09
-5.83074e-56
0
9.15577e-07
1.16321e-64
0
5.18559e-11
3.14429e-59
0
1.00908e-11
-7.34805e-63
0
3.75789e-12
-7.24454e-71
0
-5.5613e-07
-1.02875e-61
0
-1.20984e-07
-3.67405e-61
0
7.55216e-08
-3.6733e-63
0
1.29007e-07
-9.18845e-64
0
2.38563e-09
7.41841e-68
0
1.34437e-07
1.4711e-62
0
2.12856e-06
-4.69404e-61
0
-2.36031e-09
2.93903e-62
0
2.04721e-06
-6.75992e-61
0
7.37586e-07
-2.94363e-62
0
-9.14378e-11
-8.56028e-58
0
-6.95667e-11
-5.87845e-62
0
-1.60173e-09
-1.85515e-59
0
-2.02829e-09
9.03502e-53
0
8.16501e-09
5.20618e-55
0
-4.28699e-10
-1.88015e-56
0
4.17781e-06
1.52075e-52
0
3.91045e-07
1.20412e-54
0
1.2243e-07
1.29736e-54
0
-2.44011e-07
-3.08625e-61
0
-4.09016e-08
-1.46837e-62
0
-1.41077e-10
9.93805e-60
0
-3.61054e-08
1.27121e-60
0
-1.70222e-07
-8.48541e-56
0
3.49083e-11
7.55813e-58
0
-7.73488e-11
-2.62466e-58
0
3.20093e-11
-1.798e-59
0
5.11595e-06
3.92045e-52
0
-1.21213e-06
-1.21995e-53
0
1.09446e-07
1.105e-54
0
2.98841e-10
1.34267e-57
0
8.25799e-12
-1.98546e-57
0
4.48954e-12
1.60568e-58
0
-4.72272e-08
-1.4813e-54
0
1.1687e-06
8.92691e-53
0
1.72469e-08
9.1178e-55
0
-1.03462e-09
3.6742e-63
0
5.04631e-10
-7.34768e-63
0
-1.72601e-10
-8.29648e-58
0
2.59288e-11
2.70823e-58
0
-4.42209e-13
-8.00754e-60
0
1.42775e-11
8.00353e-59
0
9.32411e-14
1.89523e-60
0
-3.79591e-07
-4.98237e-54
0
5.80152e-05
5.45364e-52
0
-5.60366e-08
-5.55516e-55
0
3.15615e-05
1.00102e-51
0
-1.30507e-13
1.19297e-61
0
-4.36641e-06
5.35174e-53
0
4.9171e-06
2.94363e-53
0
-5.67935e-05
-1.63615e-51
0
-2.0379e-12
5.36855e-59
0
-3.38096e-07
-2.46389e-53
0
2.64369e-06
2.57922e-52
0
-4.34206e-07
-4.6617e-53
0
0.000272036
2.13145e-50
0
-1.77164e-05
1.38991e-51
0
1.51743e-06
2.49546e-54
0
1.46665e-08
-6.65658e-59
0
-4.51797e-06
1.64389e-52
0
1.86631e-05
1.34208e-51
0
-3.35494e-05
-2.2136e-51
0
2.86556e-08
-1.87929e-52
0
1.43783e-08
2.6275e-55
0
-1.668e-07
-1.2298e-53
0
0.000166404
-2.02795e-51
0
-0.000874452
-3.80517e-51
0
0.000160588
5.90501e-51
0
-3.41443e-08
-7.17313e-55
0
-3.97237e-06
1.26204e-57
0
-5.18598e-06
-3.10087e-59
0
2.71257e-06
-5.87906e-62
0
6.72033e-09
3.67492e-54
0
-6.47229e-10
-1.19887e-56
0
6.63319e-07
2.16748e-53
0
3.89398e-06
4.53588e-52
0
-0.000517749
-5.07445e-50
0
3.26466e-05
-1.17371e-51
0
4.61787e-05
5.93096e-54
0
5.87563e-08
4.15148e-55
0
4.91495e-08
-4.36829e-53
0
-3.54543e-06
-4.56874e-54
0
7.3624e-05
-1.53264e-52
0
-6.72705e-05
-1.68182e-52
0
0.00140762
7.26473e-50
0
5.98191e-05
2.26612e-51
0
-3.9559e-09
-1.21421e-55
0
6.0553e-07
1.02315e-54
0
1.88117e-05
7.59313e-54
0
0.000351627
4.58158e-51
0
3.15378e-05
7.86737e-52
0
-5.64865e-10
-2.21632e-55
0
2.46744e-08
1.33246e-55
0
-7.14678e-05
3.47738e-53
0
-8.71606e-08
-2.32167e-54
0
4.55102e-07
-1.10232e-62
0
7.52344e-06
1.16822e-54
0
-1.87547e-05
-2.55448e-53
0
1.74104e-08
6.84807e-56
0
-7.41461e-06
-1.00227e-51
0
4.14853e-09
2.44694e-55
0
2.43997e-09
2.94242e-56
0
3.23358e-08
2.30968e-54
0
-2.15628e-06
-1.44241e-52
0
4.47519e-07
2.94616e-53
0
1.09805e-08
-4.51618e-53
0
3.87645e-06
8.54229e-53
0
-1.10055e-08
-1.30114e-55
0
-1.16881e-11
-7.73336e-59
0
9.14433e-07
1.07712e-52
0
3.33334e-08
1.5099e-52
0
-8.4749e-11
-6.1852e-58
0
1.17456e-13
-1.35784e-62
0
-1.85236e-12
1.82098e-59
0
-1.24051e-05
-1.37507e-51
0
-1.1867e-05
-8.14063e-52
0
2.79885e-08
-1.46896e-62
0
1.05078e-07
-6.20871e-53
0
1.02371e-07
2.06992e-56
0
-6.39713e-05
-2.37099e-38
2.32995e-09
4.41767e-06
6.24929e-52
0
6.77922e-09
4.87687e-55
0
-2.01741e-07
-4.83116e-53
0
9.20787e-05
5.96369e-51
0
2.13318e-09
1.53691e-55
0
-2.78225e-09
-3.23448e-55
0
2.72834e-10
1.57641e-67
0
-2.60368e-08
-6.03105e-55
0
2.73945e-10
2.10849e-56
0
7.64557e-10
8.72617e-56
0
5.46989e-08
1.13071e-52
0
-9.8375e-06
-3.14158e-53
0
5.88583e-13
1.576e-60
0
-1.79943e-06
-1.83613e-61
0
3.41801e-06
-1.826e-62
0
5.28215e-09
3.70921e-68
0
5.5279e-10
-1.56812e-57
0
1.26881e-06
-1.61482e-61
0
-7.40828e-09
-8.65859e-57
0
1.48714e-10
1.1939e-67
0
-2.59685e-12
7.34806e-63
0
2.14412e-06
-5.72982e-61
0
-1.99154e-06
5.93473e-67
0
-4.66074e-07
-7.33889e-63
0
6.53599e-09
1.73569e-56
0
-1.25268e-08
-5.87882e-62
0
-9.70075e-09
-2.96736e-67
0
1.15731e-09
1.95906e-56
0
8.82185e-11
3.51168e-57
0
4.18373e-09
5.66998e-57
0
3.81867e-10
7.82411e-69
0
3.93003e-09
-1.46959e-62
0
3.18224e-09
-2.12407e-59
0
8.73345e-09
2.47726e-47
0
-7.21786e-08
2.79953e-57
0
-1.05593e-05
-5.17968e-52
0
1.14152e-10
2.83166e-58
0
1.78375e-11
1.16719e-57
0
-2.25333e-13
1.74093e-58
0
-2.22181e-12
-1.41815e-58
0
3.45166e-08
1.15712e-54
0
-2.03026e-06
-1.62965e-53
0
-1.92114e-09
2.87323e-57
0
2.71556e-07
-7.49138e-58
0
-1.7182e-08
1.18695e-65
0
2.74503e-10
-1.03858e-66
0
4.12586e-09
2.68948e-56
0
-6.27979e-10
-1.0493e-57
0
1.52786e-10
1.7899e-59
0
-1.13939e-11
-2.99611e-58
0
3.01976e-08
1.06524e-54
0
4.32756e-05
2.09944e-51
0
5.07892e-07
3.27704e-53
0
-1.34865e-12
-1.10117e-68
0
5.09555e-09
-3.20475e-65
0
-7.02075e-11
1.46988e-62
0
2.13148e-08
-1.57641e-66
0
-4.0181e-09
-2.48235e-57
0
-1.15577e-09
-2.0627e-56
0
-2.25428e-12
-9.45326e-59
0
3.57533e-12
1.02101e-58
0
5.81909e-09
9.31148e-56
0
4.06777e-11
1.93724e-59
0
-0.000309106
-1.13205e-50
0
-2.55901e-12
-1.23141e-58
0
-1.4134e-07
-1.2716e-53
0
-3.93179e-09
-7.75425e-49
0
2.46961e-07
3.62489e-53
0
1.44081e-09
1.64375e-56
0
-1.23227e-07
1.42626e-54
0
0.00302442
1.08368e-49
0
-0.00127783
6.80505e-52
0
-5.02622e-05
-4.98916e-52
0
1.69173e-07
-6.98939e-59
0
8.94229e-05
3.18721e-51
0
8.591e-07
1.04478e-51
0
4.73128e-07
1.99966e-54
0
1.24312e-05
1.80462e-51
0
1.7867e-07
1.38637e-54
0
-1.44685e-12
-5.6526e-59
0
2.45073e-09
-1.38088e-55
0
1.31279e-07
2.18149e-53
0
2.29899e-08
9.49204e-55
0
1.34532e-05
2.92337e-52
0
-1.84898e-09
-1.53569e-56
0
9.29052e-10
7.3803e-56
0
3.61393e-10
-2.99871e-57
0
-4.55035e-06
-5.86874e-52
0
2.39366e-11
2.66312e-58
0
3.60258e-08
2.48848e-54
0
-3.28434e-07
-1.48895e-53
0
-2.83085e-11
-1.66486e-57
0
1.08758e-05
9.67745e-52
0
-5.75959e-08
-5.70451e-54
0
-4.72024e-08
9.56829e-55
0
1.64351e-10
2.55008e-68
0
-8.72948e-09
5.12297e-56
0
2.73607e-10
1.26578e-56
0
-1.57534e-13
-1.46961e-62
0
8.03629e-12
-3.67403e-63
0
6.80708e-07
-1.88059e-61
0
1.82772e-06
-5.50743e-62
0
2.14501e-06
-6.27366e-62
0
3.65864e-09
-9.18316e-64
0
-9.24388e-10
-1.77836e-55
0
5.01868e-09
7.41841e-67
0
-2.36984e-08
-1.07417e-54
0
1.34933e-05
-2.05888e-61
0
7.81972e-13
4.52784e-71
0
-1.67836e-05
-4.46823e-61
0
4.46155e-08
-9.27302e-69
0
-8.8624e-08
-1.46908e-62
0
-4.35203e-08
2.93793e-62
0
1.89362e-08
6.97934e-56
0
1.19088e-12
7.4191e-59
0
-1.97312e-11
-1.36275e-57
0
5.23278e-09
9.60227e-56
0
-2.13332e-06
-3.021e-53
0
5.26269e-10
-1.07705e-57
0
-8.826e-09
-2.96736e-67
0
1.25775e-07
-7.34435e-62
0
7.72445e-10
1.3872e-57
0
5.96269e-13
6.42675e-60
0
-5.95562e-06
5.25037e-42
0
6.68972e-06
1.55573e-50
0
-4.32764e-06
-1.43888e-52
0
5.26515e-08
2.25788e-54
0
4.11807e-11
1.66731e-57
0
1.68965e-09
1.76112e-56
0
-4.59882e-12
-5.6727e-59
0
-1.54096e-09
-8.92019e-56
0
-3.80088e-05
-1.78237e-51
0
2.81724e-09
9.39102e-56
0
-0.000109347
-1.35543e-52
0
6.68261e-06
1.95904e-52
0
1.707e-08
2.25949e-55
0
-2.42607e-09
-6.72439e-57
0
2.64748e-09
3.52236e-55
0
-1.6562e-09
-6.15657e-56
0
-2.52257e-07
-2.37477e-53
0
-4.68635e-10
-7.02325e-56
0
-3.37662e-06
-4.95079e-52
0
-5.36642e-10
7.34595e-63
0
5.97752e-11
3.62337e-57
0
3.76087e-08
5.05959e-55
0
-2.17713e-11
-3.91184e-58
0
-3.74786e-08
2.93941e-62
0
-8.83192e-13
1.81114e-71
0
-8.51898e-10
-4.63651e-68
0
1.71991e-08
-1.1276e-65
0
-1.67289e-07
-2.05949e-61
0
7.18817e-10
-7.14022e-67
0
-1.38029e-11
-8.26203e-58
0
-4.45806e-09
3.4994e-56
0
2.68193e-10
4.48732e-58
0
2.27686e-06
1.36758e-52
0
6.81568e-11
7.89599e-58
0
-5.19895e-12
-6.66951e-61
0
0.000789232
5.98037e-50
0
5.2964e-08
7.01622e-55
0
6.4228e-07
1.80236e-53
0
5.06112e-06
1.70987e-52
0
9.27035e-06
1.2188e-51
0
-4.00885e-09
7.34868e-63
0
-5.15819e-09
-1.46957e-62
0
2.80063e-09
1.20839e-55
0
-8.19664e-13
7.34805e-63
0
-1.31952e-08
7.34801e-63
0
1.37911e-08
-4.45438e-57
0
5.88857e-09
1.48368e-67
0
6.38272e-09
-9.9508e-56
0
