9.9815e-06
-998456
-0.178206
1.15122e-21
-1.15157e-10
0
1.15181e-21
-1.15216e-10
0
1.1519e-21
-1.15225e-10
0
1.15207e-21
-1.15242e-10
0
1.15208e-21
-1.15243e-10
0
1.1519e-21
-1.15225e-10
0
1.15216e-21
-1.15251e-10
0
1.15205e-21
-1.15241e-10
0
1.15195e-21
-1.1523e-10
0
1.15208e-21
-1.15244e-10
0
1.15207e-21
-1.15242e-10
0
1.15207e-21
-1.15242e-10
0
1.15155e-21
-1.1519e-10
0
1.15187e-21
-1.15222e-10
0
1.15133e-21
-1.15169e-10
0
1.15194e-21
-1.1523e-10
0
1.15198e-21
-1.15233e-10
0
1.15216e-21
-1.15251e-10
0
1.15216e-21
-1.15251e-10
0
1.15216e-21
-1.15251e-10
0
1.152e-21
-1.15235e-10
0
1.15208e-21
-1.15243e-10
0
1.15198e-21
-1.15233e-10
0
1.15198e-21
-1.15234e-10
0
1.15215e-21
-1.15251e-10
0
-1.15112e-21
1.15148e-10
0
-1.15192e-21
1.15227e-10
0
-1.15207e-21
1.15243e-10
0
-1.15205e-21
1.15241e-10
0
-1.15022e-21
1.15058e-10
0
-1.152e-21
1.15236e-10
0
-1.15216e-21
1.15251e-10
0
-1.15187e-21
1.15223e-10
0
-1.15046e-21
1.15082e-10
0
-1.15195e-21
1.1523e-10
0
-1.15166e-21
1.15202e-10
0
-1.15194e-21
1.15229e-10
0
-1.14759e-21
1.14794e-10
0
-1.15215e-21
1.15251e-10
0
-1.15207e-21
1.15243e-10
0
-1.15215e-21
1.15251e-10
0
-1.15215e-21
1.1525e-10
0
-1.15215e-21
1.15251e-10
0
-3.00981e-07
30107.4
0
9.67447e-06
-967749
-0.0465354
5.76064e-22
-5.76244e-11
0
5.76064e-22
-5.76244e-11
0
5.75954e-22
-5.76134e-11
0
5.76008e-22
-5.76188e-11
0
5.75933e-22
-5.76113e-11
0
5.75215e-22
-5.75394e-11
0
5.76036e-22
-5.76216e-11
0
5.76033e-22
-5.76213e-11
0
5.70083e-22
-5.70261e-11
0
5.75959e-22
-5.76138e-11
0
5.75948e-22
-5.76128e-11
0
5.75912e-22
-5.76092e-11
0
5.75914e-22
-5.76094e-11
0
5.76023e-22
-5.76203e-11
0
5.76065e-22
-5.76245e-11
0
5.76072e-22
-5.76252e-11
0
5.76075e-22
-5.76254e-11
0
5.76074e-22
-5.76254e-11
0
5.76071e-22
-5.7625e-11
0
-5.76072e-22
5.76254e-11
0
-5.76069e-22
5.7625e-11
0
-5.76071e-22
5.76253e-11
0
-5.75829e-22
5.7601e-11
0
-5.75858e-22
5.7604e-11
0
-5.75648e-22
5.75829e-11
0
-5.76034e-22
5.76216e-11
0
-5.75395e-22
5.75576e-11
0
-5.75904e-22
5.76085e-11
0
-5.75813e-22
5.75995e-11
0
-5.75898e-22
5.76079e-11
0
-5.75805e-22
5.75987e-11
0
-5.75889e-22
5.76071e-11
0
-5.7596e-22
5.76142e-11
0
-5.76023e-22
5.76205e-11
0
-5.75976e-22
5.76157e-11
0
-5.76071e-22
5.76253e-11
0
-5.76072e-22
5.76253e-11
0
-5.7607e-22
5.76252e-11
0
-5.76074e-22
5.76255e-11
0
-5.76065e-22
5.76247e-11
0
-5.76068e-22
5.76249e-11
0
-3.0108e-07
30117.5
0
4.80625e-21
-4.80778e-10
0
2.15953e-21
-2.16021e-10
0
2.227e-21
-2.22771e-10
0
4.53252e-21
-4.53397e-10
0
2.44135e-21
-2.44213e-10
0
2.93251e-21
-2.93344e-10
0
2.93063e-21
-2.93156e-10
0
4.78988e-21
-4.79141e-10
0
2.22755e-21
-2.22826e-10
0
4.53426e-21
-4.53571e-10
0
4.81786e-21
-4.81939e-10
0
4.4745e-21
-4.47593e-10
0
2.89997e-21
-2.90089e-10
0
4.53522e-21
-4.53666e-10
0
2.93251e-21
-2.93344e-10
0
4.81726e-21
-4.8188e-10
0
2.22625e-21
-2.22696e-10
0
2.93205e-21
-2.93298e-10
0
1.095e-22
-1.09535e-11
0
-5.3641e-22
5.36583e-11
0
1.02738e-22
-1.02771e-11
0
1.41924e-22
-1.41969e-11
0
-6.9162e-23
6.91842e-12
0
-2.52676e-22
2.52758e-11
0
1.2507e-22
-1.2511e-11
0
-1.73607e-22
1.73663e-11
0
6.83163e-23
-6.83383e-12
0
-1.10617e-22
1.10652e-11
0
7.21965e-23
-7.22197e-12
0
1.04756e-21
-1.04789e-10
0
3.69747e-22
-3.69866e-11
0
3.89191e-22
-3.89316e-11
0
9.97168e-22
-9.97488e-11
0
8.06599e-22
-8.06858e-11
0
9.03939e-22
-9.04229e-11
0
8.29322e-22
-8.29588e-11
0
8.21593e-22
-8.21857e-11
0
8.36796e-22
-8.37064e-11
0
7.67724e-22
-7.67971e-11
0
-7.72179e-22
7.72427e-11
0
-7.87917e-22
7.8817e-11
0
3.00998e-21
-3.01095e-10
0
3.63308e-21
-3.63425e-10
0
3.21586e-21
-3.21689e-10
0
-4.71124e-22
4.71276e-11
0
-1.93297e-07
19335.9
0
5.03104e-22
-5.03267e-11
0
-7.84504e-22
7.84758e-11
0
-7.54556e-22
7.548e-11
0
8.09199e-22
-8.09462e-11
0
4.01407e-22
-4.01537e-11
0
4.37836e-23
-4.37978e-12
0
-7.06777e-24
7.07006e-13
0
5.05581e-22
-5.05745e-11
0
2.11771e-22
-2.11839e-11
0
9.86729e-23
-9.87049e-12
0
-3.5862e-22
3.58737e-11
0
-4.24406e-22
4.24543e-11
0
-2.26476e-21
2.2655e-10
0
-2.28794e-21
2.28868e-10
0
-4.73611e-22
4.73766e-11
0
-1.62809e-21
1.62862e-10
0
1.22088e-21
-1.22128e-10
0
6.88586e-22
-6.88811e-11
0
-7.8177e-22
7.82025e-11
0
-6.90638e-22
6.90864e-11
0
-6.66266e-22
6.66484e-11
0
-1.22302e-22
1.22342e-11
0
-7.22226e-22
7.22462e-11
0
4.13477e-22
-4.13612e-11
0
-7.95236e-22
7.95496e-11
0
-1.30995e-21
1.31038e-10
0
2.36933e-22
-2.37011e-11
0
7.96658e-22
-7.96919e-11
0
4.96529e-22
-4.96691e-11
0
3.58372e-22
-3.58489e-11
0
-7.26118e-22
7.26355e-11
0
-3.97772e-21
3.97903e-10
0
-2.846e-21
2.84695e-10
0
-2.96806e-21
2.96904e-10
0
-3.97846e-21
3.97977e-10
0
-4.92242e-21
4.92405e-10
0
-3.98001e-21
3.98132e-10
0
-4.73395e-21
4.73551e-10
0
1.15208e-21
-1.15243e-10
0
1.04724e-21
-1.04756e-10
0
1.15206e-21
-1.15241e-10
0
1.04734e-21
-1.04766e-10
0
1.04593e-21
-1.04625e-10
0
1.0473e-21
-1.04762e-10
0
1.04742e-21
-1.04774e-10
0
1.14899e-21
-1.14934e-10
0
1.0472e-21
-1.04752e-10
0
1.15206e-21
-1.15241e-10
0
1.04612e-21
-1.04644e-10
0
1.15206e-21
-1.15241e-10
0
1.15208e-21
-1.15244e-10
0
1.04704e-21
-1.04736e-10
0
1.15174e-21
-1.15209e-10
0
1.14949e-21
-1.14984e-10
0
1.0439e-21
-1.04422e-10
0
1.15216e-21
-1.15251e-10
0
1.15216e-21
-1.15251e-10
0
1.15207e-21
-1.15243e-10
0
1.15152e-21
-1.15188e-10
0
1.15203e-21
-1.15238e-10
0
1.15215e-21
-1.1525e-10
0
1.04741e-21
-1.04773e-10
0
1.04741e-21
-1.04773e-10
0
-1.15214e-21
1.1525e-10
0
-1.04669e-21
1.04701e-10
0
-1.04714e-21
1.04747e-10
0
-1.15193e-21
1.15228e-10
0
-1.04721e-21
1.04753e-10
0
-1.04735e-21
1.04767e-10
0
-1.15202e-21
1.15238e-10
0
-1.15193e-21
1.15228e-10
0
-1.15203e-21
1.15239e-10
0
-1.04719e-21
1.04752e-10
0
-1.1498e-21
1.15015e-10
0
-1.15215e-21
1.15251e-10
0
5.23704e-22
-5.23868e-11
0
5.76074e-22
-5.76254e-11
0
5.76017e-22
-5.76197e-11
0
5.76011e-22
-5.76191e-11
0
5.76016e-22
-5.76196e-11
0
5.23378e-22
-5.23541e-11
0
5.23183e-22
-5.23346e-11
0
5.23574e-22
-5.23738e-11
0
5.2357e-22
-5.23733e-11
0
5.23564e-22
-5.23727e-11
0
5.75969e-22
-5.76149e-11
0
5.75983e-22
-5.76163e-11
0
5.76073e-22
-5.76252e-11
0
5.23703e-22
-5.23866e-11
0
5.76075e-22
-5.76255e-11
0
5.76061e-22
-5.7624e-11
0
5.76074e-22
-5.76254e-11
0
5.76076e-22
-5.76256e-11
0
-3.33683e-07
33378.7
0
1.07251e-05
-1.07285e+06
0.0015982
-5.7607e-22
5.76252e-11
0
-5.75945e-22
5.76126e-11
0
-5.76013e-22
5.76195e-11
0
-5.23594e-22
5.23759e-11
0
-5.23041e-22
5.23206e-11
0
-5.2367e-22
5.23836e-11
0
-5.76017e-22
5.76198e-11
0
-5.23613e-22
5.23778e-11
0
-5.75821e-22
5.76003e-11
0
-5.7595e-22
5.76131e-11
0
-5.75968e-22
5.76149e-11
0
-5.76034e-22
5.76216e-11
0
-5.23695e-22
5.2386e-11
0
-5.23701e-22
5.23866e-11
0
-5.76073e-22
5.76255e-11
0
-5.76072e-22
5.76253e-11
0
-5.76065e-22
5.76246e-11
0
-5.76074e-22
5.76255e-11
0
2.22752e-21
-2.22823e-10
0
2.09478e-21
-2.09545e-10
0
2.09475e-21
-2.09542e-10
0
2.09435e-21
-2.09501e-10
0
4.52826e-21
-4.5297e-10
0
4.53516e-21
-4.53661e-10
0
2.09478e-21
-2.09545e-10
0
2.09478e-21
-2.09544e-10
0
4.53498e-21
-4.53642e-10
0
2.09478e-21
-2.09545e-10
0
2.09465e-21
-2.09531e-10
0
2.09477e-21
-2.09544e-10
0
4.81782e-21
-4.81935e-10
0
2.17836e-21
-2.17905e-10
0
4.52467e-21
-4.52611e-10
0
2.09477e-21
-2.09543e-10
0
2.09478e-21
-2.09545e-10
0
2.15971e-21
-2.1604e-10
0
2.22665e-21
-2.22736e-10
0
-9.56869e-08
9571.73
0
1.79849e-21
-1.79906e-10
0
-3.92345e-22
3.92471e-11
0
1.23583e-21
-1.23623e-10
0
1.31072e-21
-1.31115e-10
0
1.56277e-21
-1.56327e-10
0
3.47764e-21
-3.47875e-10
0
1.54887e-21
-1.54937e-10
0
-3.23285e-22
3.23389e-11
0
2.09251e-21
-2.09318e-10
0
-3.15086e-22
3.15187e-11
0
1.31129e-21
-1.31171e-10
0
8.41831e-23
-8.42101e-12
0
1.22435e-21
-1.22474e-10
0
1.78783e-21
-1.78841e-10
0
3.80788e-21
-3.8091e-10
0
2.0584e-21
-2.05906e-10
0
-7.91512e-22
7.91766e-11
0
3.87537e-21
-3.87662e-10
0
2.09473e-21
-2.0954e-10
0
3.57689e-21
-3.57804e-10
0
1.31155e-21
-1.31197e-10
0
9.42892e-22
-9.43195e-11
0
-1.9788e-21
1.97944e-10
0
-1.4337e-21
1.43417e-10
0
-1.62929e-21
1.62982e-10
0
-1.78456e-21
1.78514e-10
0
-7.18734e-22
7.18967e-11
0
2.6965e-21
-2.69738e-10
0
2.26161e-21
-2.26234e-10
0
-1.94157e-21
1.9422e-10
0
-1.98357e-21
1.98421e-10
0
4.33029e-22
-4.33169e-11
0
-1.88947e-21
1.89008e-10
0
2.68523e-21
-2.6861e-10
0
-1.70968e-21
1.71023e-10
0
-1.74911e-22
1.74967e-11
0
-1.9389e-21
1.93953e-10
0
2.97652e-22
-2.97749e-11
0
-2.0451e-21
2.04576e-10
0
2.98159e-21
-2.98256e-10
0
-1.78272e-21
1.7833e-10
0
-2.25299e-07
22537.2
0
1.37468e-21
-1.37513e-10
0
-9.71278e-22
9.71596e-11
0
-2.93247e-21
2.93343e-10
0
-1.88295e-21
1.88357e-10
0
8.75406e-22
-8.75692e-11
0
2.63142e-22
-2.63228e-11
0
-7.1952e-22
7.19756e-11
0
2.67771e-23
-2.67859e-12
0
-7.23294e-22
7.2353e-11
0
-1.8291e-21
1.8297e-10
0
-1.80099e-21
1.80158e-10
0
-1.66984e-22
1.67039e-11
0
-1.65829e-21
1.65883e-10
0
1.10685e-21
-1.10721e-10
0
2.49686e-22
-2.49767e-11
0
7.67223e-22
-7.67474e-11
0
-1.7536e-21
1.75417e-10
0
-3.14125e-21
3.14228e-10
0
-3.97996e-21
3.98128e-10
0
-3.97876e-21
3.98007e-10
0
-2.96805e-21
2.96903e-10
0
-3.97335e-21
3.97466e-10
0
-4.73076e-21
4.73232e-10
0
-2.8488e-21
2.84974e-10
0
-3.97994e-21
3.98126e-10
0
-3.14212e-21
3.14316e-10
0
-4.92259e-21
4.92421e-10
0
-4.92259e-21
4.92421e-10
0
-4.73399e-21
4.73556e-10
0
-3.14212e-21
3.14316e-10
0
-2.84884e-21
2.84978e-10
0
-2.8677e-21
2.86865e-10
0
-4.92179e-21
4.92342e-10
0
-3.97852e-21
3.97983e-10
0
-2.86774e-21
2.86869e-10
0
-3.13754e-21
3.13857e-10
0
-3.14215e-21
3.14319e-10
0
-4.92048e-21
4.92211e-10
0
-3.13878e-21
3.13982e-10
0
9.85713e-06
-986042
-0.0592326
5.76047e-22
-5.76239e-11
0
5.76056e-22
-5.76248e-11
0
5.75981e-22
-5.76173e-11
0
5.75765e-22
-5.75957e-11
0
5.75912e-22
-5.76104e-11
0
5.76009e-22
-5.76201e-11
0
5.76063e-22
-5.76255e-11
0
5.76063e-22
-5.76255e-11
0
5.76044e-22
-5.76237e-11
0
5.76056e-22
-5.76248e-11
0
5.76064e-22
-5.76256e-11
0
5.76064e-22
-5.76256e-11
0
5.76064e-22
-5.76256e-11
0
5.76064e-22
-5.76256e-11
0
5.76064e-22
-5.76256e-11
0
5.76027e-22
-5.76219e-11
0
5.76059e-22
-5.76251e-11
0
5.76064e-22
-5.76256e-11
0
5.76064e-22
-5.76256e-11
0
-5.76058e-22
5.76252e-11
0
-5.7539e-22
5.75583e-11
0
-5.75509e-22
5.75702e-11
0
-5.76058e-22
5.76252e-11
0
-5.76033e-22
5.76227e-11
0
-5.76057e-22
5.76251e-11
0
-5.76059e-22
5.76253e-11
0
-5.7603e-22
5.76224e-11
0
-5.76052e-22
5.76246e-11
0
-5.76062e-22
5.76256e-11
0
-5.76062e-22
5.76256e-11
0
-5.76062e-22
5.76256e-11
0
-5.76062e-22
5.76256e-11
0
-5.76062e-22
5.76255e-11
0
-5.76061e-22
5.76255e-11
0
-5.76062e-22
5.76255e-11
0
-5.7595e-22
5.76144e-11
0
-5.76056e-22
5.7625e-11
0
-5.76062e-22
5.76256e-11
0
-5.76062e-22
5.76255e-11
0
5.89055e-21
-5.89255e-10
0
2.92102e-21
-2.92201e-10
0
5.36455e-21
-5.36637e-10
0
2.93178e-21
-2.93278e-10
0
5.74259e-21
-5.74454e-10
0
4.74824e-21
-4.74985e-10
0
6.64119e-21
-6.64345e-10
0
5.36814e-21
-5.36996e-10
0
2.93093e-21
-2.93192e-10
0
5.36027e-21
-5.36209e-10
0
2.92808e-21
-2.92907e-10
0
4.8177e-21
-4.81934e-10
0
4.53487e-21
-4.53641e-10
0
4.53467e-21
-4.53621e-10
0
5.89214e-21
-5.89414e-10
0
5.88378e-21
-5.88578e-10
0
5.11793e-21
-5.11967e-10
0
5.88851e-21
-5.89051e-10
0
4.5323e-21
-4.53383e-10
0
2.93165e-21
-2.93264e-10
0
9.02141e-22
-9.0245e-11
0
8.51525e-22
-8.51816e-11
0
9.34057e-22
-9.34377e-11
0
-5.89231e-22
5.89433e-11
0
8.56441e-22
-8.56734e-11
0
8.39475e-22
-8.39763e-11
0
1.98444e-21
-1.98512e-10
0
2.43523e-21
-2.43606e-10
0
1.57853e-21
-1.57907e-10
0
1.62873e-21
-1.62929e-10
0
1.58307e-21
-1.58362e-10
0
2.31541e-21
-2.3162e-10
0
1.55888e-21
-1.55941e-10
0
-4.41976e-22
4.42127e-11
0
7.62684e-22
-7.62946e-11
0
6.34727e-23
-6.34944e-12
0
-2.32172e-23
2.32251e-12
0
-2.608e-22
2.60889e-11
0
2.03219e-21
-2.03289e-10
0
2.28198e-21
-2.28277e-10
0
2.28179e-21
-2.28258e-10
0
8.45505e-22
-8.45797e-11
0
8.49797e-22
-8.5009e-11
0
1.06668e-21
-1.06704e-10
0
2.33626e-21
-2.33707e-10
0
2.1917e-21
-2.19246e-10
0
1.6807e-21
-1.68128e-10
0
1.36807e-21
-1.36854e-10
0
2.97848e-21
-2.97951e-10
0
1.88664e-21
-1.88729e-10
0
1.21379e-21
-1.21421e-10
0
2.06456e-21
-2.06527e-10
0
2.30429e-22
-2.30509e-11
0
2.77523e-22
-2.77619e-11
0
1.01094e-21
-1.01129e-10
0
8.78899e-22
-8.79203e-11
0
8.39301e-22
-8.3959e-11
0
9.07591e-22
-9.07905e-11
0
-4.55992e-22
4.56151e-11
0
2.55949e-21
-2.56039e-10
0
2.56449e-21
-2.56539e-10
0
-1.85754e-22
1.85819e-11
0
2.79674e-21
-2.79771e-10
0
1.46805e-21
-1.46856e-10
0
3.4198e-22
-3.42099e-11
0
2.27543e-21
-2.27623e-10
0
1.45029e-21
-1.4508e-10
0
1.89421e-21
-1.89487e-10
0
1.99956e-21
-2.00026e-10
0
1.82995e-21
-1.83059e-10
0
2.89551e-21
-2.89652e-10
0
5.87663e-22
-5.87868e-11
0
1.42123e-21
-1.42173e-10
0
2.89809e-21
-2.8991e-10
0
1.9216e-22
-1.92227e-11
0
1.86886e-23
-1.86951e-12
0
-1.65512e-22
1.6557e-11
0
6.59071e-22
-6.59302e-11
0
-1.24732e-21
1.24776e-10
0
2.52217e-21
-2.52305e-10
0
9.08916e-22
-9.09236e-11
0
-3.62301e-22
3.62428e-11
0
2.74258e-22
-2.74354e-11
0
-3.2433e-22
3.24444e-11
0
-7.75334e-23
7.75606e-12
0
1.04741e-21
-1.04773e-10
0
1.04662e-21
-1.04694e-10
0
1.04732e-21
-1.04764e-10
0
1.1515e-21
-1.15186e-10
0
1.15193e-21
-1.15229e-10
0
1.04724e-21
-1.04756e-10
0
1.15216e-21
-1.15251e-10
0
1.15216e-21
-1.15251e-10
0
1.04732e-21
-1.04764e-10
0
1.04726e-21
-1.04758e-10
0
1.04725e-21
-1.04757e-10
0
1.15197e-21
-1.15232e-10
0
1.15208e-21
-1.15243e-10
0
1.04742e-21
-1.04774e-10
0
1.0456e-21
-1.04592e-10
0
1.15193e-21
-1.15228e-10
0
1.15215e-21
-1.1525e-10
0
1.15215e-21
-1.1525e-10
0
-1.15215e-21
1.15251e-10
0
-1.15188e-21
1.15224e-10
0
-1.15195e-21
1.15231e-10
0
-1.15208e-21
1.15244e-10
0
-1.04741e-21
1.04774e-10
0
-1.04497e-21
1.0453e-10
0
-1.04734e-21
1.04766e-10
0
-1.15186e-21
1.15222e-10
0
-1.04734e-21
1.04766e-10
0
-1.04736e-21
1.04768e-10
0
-1.15193e-21
1.15228e-10
0
-1.15197e-21
1.15232e-10
0
-1.04725e-21
1.04757e-10
0
-1.04536e-21
1.04568e-10
0
-1.04741e-21
1.04774e-10
0
-1.15215e-21
1.15251e-10
0
-1.04735e-21
1.04767e-10
0
-1.04731e-21
1.04764e-10
0
-1.04741e-21
1.04773e-10
0
5.23703e-22
-5.23866e-11
0
5.76072e-22
-5.76251e-11
0
5.23606e-22
-5.2377e-11
0
5.23659e-22
-5.23822e-11
0
5.23662e-22
-5.23825e-11
0
5.23511e-22
-5.23675e-11
0
5.75856e-22
-5.76035e-11
0
5.76007e-22
-5.76187e-11
0
5.23624e-22
-5.23787e-11
0
5.23675e-22
-5.23838e-11
0
5.76073e-22
-5.76253e-11
0
5.76073e-22
-5.76253e-11
0
5.76076e-22
-5.76255e-11
0
5.23705e-22
-5.23868e-11
0
5.23704e-22
-5.23867e-11
0
5.23705e-22
-5.23869e-11
0
-5.76069e-22
5.76251e-11
0
-5.23702e-22
5.23867e-11
0
-5.23659e-22
5.23824e-11
0
-5.75967e-22
5.76148e-11
0
-5.76021e-22
5.76202e-11
0
-5.23653e-22
5.23818e-11
0
-5.23657e-22
5.23822e-11
0
-5.76028e-22
5.76209e-11
0
-5.76012e-22
5.76193e-11
0
-5.75923e-22
5.76105e-11
0
-5.7588e-22
5.76062e-11
0
-5.75809e-22
5.7599e-11
0
-5.75768e-22
5.75949e-11
0
-5.23632e-22
5.23797e-11
0
-5.76001e-22
5.76183e-11
0
-5.23663e-22
5.23828e-11
0
-5.76069e-22
5.7625e-11
0
-5.23703e-22
5.23868e-11
0
-5.23699e-22
5.23865e-11
0
-5.76067e-22
5.76249e-11
0
-5.23702e-22
5.23867e-11
0
-5.23704e-22
5.23869e-11
0
3.14202e-21
-3.14302e-10
0
2.09474e-21
-2.0954e-10
0
2.178e-21
-2.17869e-10
0
2.93167e-21
-2.9326e-10
0
2.93258e-21
-2.93351e-10
0
2.09475e-21
-2.09542e-10
0
2.09474e-21
-2.0954e-10
0
2.1781e-21
-2.17879e-10
0
2.0948e-21
-2.09547e-10
0
2.09479e-21
-2.09545e-10
0
2.09478e-21
-2.09545e-10
0
2.2275e-21
-2.22821e-10
0
2.22754e-21
-2.22825e-10
0
2.1597e-21
-2.16039e-10
0
2.17855e-21
-2.17925e-10
0
2.09469e-21
-2.09535e-10
0
2.09342e-21
-2.09408e-10
0
2.93203e-21
-2.93297e-10
0
2.09479e-21
-2.09545e-10
0
2.09428e-21
-2.09495e-10
0
2.09435e-21
-2.09501e-10
0
3.14791e-06
-314892
-9.38094
3.87251e-21
-3.87376e-10
0
1.96347e-21
-1.9641e-10
0
2.09469e-21
-2.09536e-10
0
4.15839e-21
-4.15973e-10
0
3.66463e-21
-3.66581e-10
0
1.81743e-21
-1.81801e-10
0
3.87529e-21
-3.87654e-10
0
3.87508e-21
-3.87633e-10
0
1.81728e-21
-1.81786e-10
0
1.78012e-21
-1.78069e-10
0
3.86362e-21
-3.86486e-10
0
1.77065e-21
-1.77121e-10
0
2.07097e-21
-2.07164e-10
0
1.23594e-21
-1.23634e-10
0
4.18948e-21
-4.19083e-10
0
1.31129e-21
-1.31172e-10
0
2.09453e-21
-2.0952e-10
0
3.61907e-22
-3.62024e-11
0
2.71215e-21
-2.71303e-10
0
2.92615e-22
-2.9271e-11
0
6.42581e-22
-6.42789e-11
0
5.57228e-22
-5.57408e-11
0
-2.09453e-21
2.09521e-10
0
-2.03118e-21
2.03184e-10
0
8.0003e-22
-8.0029e-11
0
2.93227e-22
-2.93322e-11
0
2.28249e-22
-2.28323e-11
0
-2.05896e-22
2.05963e-11
0
1.17165e-21
-1.17203e-10
0
2.89258e-21
-2.89352e-10
0
3.81398e-22
-3.81521e-11
0
4.06399e-22
-4.0653e-11
0
8.31691e-22
-8.31961e-11
0
2.32253e-21
-2.32328e-10
0
-2.08188e-21
2.08256e-10
0
3.14219e-21
-3.1432e-10
0
3.02788e-21
-3.02887e-10
0
2.93578e-22
-2.93673e-11
0
6.926e-22
-6.92824e-11
0
-3.09853e-21
3.09955e-10
0
3.41953e-22
-3.42065e-11
0
-2.09466e-21
2.09534e-10
0
-9.71758e-22
9.72077e-11
0
-2.93133e-21
2.93229e-10
0
-1.86839e-21
1.86901e-10
0
-2.9325e-21
2.93346e-10
0
-8.5881e-22
8.59091e-11
0
-3.14119e-21
3.14222e-10
0
-2.09376e-21
2.09444e-10
0
-1.81709e-21
1.81768e-10
0
-1.15862e-21
1.159e-10
0
-3.13971e-21
3.14074e-10
0
2.46107e-06
-246188
-0.0148959
-2.84858e-21
2.84953e-10
0
-4.73001e-21
4.73157e-10
0
-3.97992e-21
3.98123e-10
0
-3.14008e-21
3.14112e-10
0
-4.92248e-21
4.92411e-10
0
-4.73411e-21
4.73567e-10
0
-3.14214e-21
3.14317e-10
0
-2.96937e-21
2.97035e-10
0
-2.96947e-21
2.97045e-10
0
-2.96893e-21
2.96992e-10
0
-3.13945e-21
3.14048e-10
0
-4.91483e-21
4.91645e-10
0
-3.14217e-21
3.14321e-10
0
-3.14216e-21
3.1432e-10
0
-3.14215e-21
3.14319e-10
0
-2.84857e-21
2.84951e-10
0
-2.69978e-07
27006.8
0
5.76027e-22
-5.76219e-11
0
5.76057e-22
-5.76249e-11
0
5.76061e-22
-5.76253e-11
0
5.75957e-22
-5.76149e-11
0
5.76004e-22
-5.76196e-11
0
5.76063e-22
-5.76255e-11
0
5.76063e-22
-5.76255e-11
0
5.76052e-22
-5.76244e-11
0
5.76056e-22
-5.76248e-11
0
5.23692e-22
-5.23867e-11
0
5.76064e-22
-5.76256e-11
0
5.76064e-22
-5.76256e-11
0
5.23694e-22
-5.23869e-11
0
5.23694e-22
-5.23869e-11
0
5.76064e-22
-5.76256e-11
0
5.23694e-22
-5.23869e-11
0
5.23694e-22
-5.23869e-11
0
5.76026e-22
-5.76218e-11
0
5.76053e-22
-5.76245e-11
0
5.76064e-22
-5.76256e-11
0
5.23694e-22
-5.23869e-11
0
5.76064e-22
-5.76256e-11
0
1.04361e-05
-1.04396e+06
0.000104106
-5.2368e-22
5.23856e-11
0
-5.23629e-22
5.23805e-11
0
-5.23462e-22
5.23639e-11
0
-5.2365e-22
5.23826e-11
0
-5.75967e-22
5.76161e-11
0
-5.23692e-22
5.23868e-11
0
-5.76059e-22
5.76253e-11
0
-5.7606e-22
5.76253e-11
0
-5.76053e-22
5.76247e-11
0
-5.76062e-22
5.76256e-11
0
-5.23693e-22
5.23869e-11
0
-5.23693e-22
5.23869e-11
0
-5.76062e-22
5.76256e-11
0
-5.76062e-22
5.76256e-11
0
-5.23693e-22
5.23869e-11
0
-5.76062e-22
5.76255e-11
0
-5.76062e-22
5.76256e-11
0
-5.76062e-22
5.76256e-11
0
-5.7606e-22
5.76254e-11
0
-5.76061e-22
5.76255e-11
0
-5.23692e-22
5.23869e-11
0
-5.76062e-22
5.76256e-11
0
5.37601e-21
-5.37783e-10
0
2.09303e-21
-2.09374e-10
0
2.09474e-21
-2.09545e-10
0
2.93184e-21
-2.93283e-10
0
4.80263e-21
-4.80426e-10
0
2.09145e-21
-2.09216e-10
0
2.92738e-21
-2.92837e-10
0
2.93066e-21
-2.93165e-10
0
2.92558e-21
-2.92657e-10
0
2.93244e-21
-2.93344e-10
0
5.76024e-21
-5.7622e-10
0
2.93233e-21
-2.93333e-10
0
2.09472e-21
-2.09544e-10
0
2.09468e-21
-2.09539e-10
0
4.81434e-21
-4.81597e-10
0
-2.6929e-07
26938.2
0
9.39772e-06
-940093
-1.81926
1.59838e-21
-1.59893e-10
0
9.18626e-22
-9.1894e-11
0
2.09378e-21
-2.0945e-10
0
1.77923e-21
-1.77984e-10
0
8.24238e-22
-8.2452e-11
0
1.41604e-21
-1.41652e-10
0
1.81279e-21
-1.81342e-10
0
1.86145e-21
-1.86208e-10
0
4.80207e-21
-4.80372e-10
0
4.79371e-21
-4.79535e-10
0
1.46304e-21
-1.46354e-10
0
1.89946e-21
-1.90012e-10
0
5.38309e-21
-5.38494e-10
0
1.88546e-21
-1.8861e-10
0
4.52295e-21
-4.5245e-10
0
1.03521e-22
-1.03557e-11
0
9.52536e-23
-9.52862e-12
0
3.87216e-21
-3.87348e-10
0
5.23791e-22
-5.23972e-11
0
2.17415e-21
-2.1749e-10
0
2.20304e-21
-2.2038e-10
0
8.49413e-22
-8.49707e-11
0
8.2648e-22
-8.26766e-11
0
2.71933e-21
-2.72027e-10
0
1.12509e-21
-1.12548e-10
0
2.83434e-21
-2.83532e-10
0
2.55579e-21
-2.55667e-10
0
3.34239e-21
-3.34354e-10
0
1.04881e-21
-1.04917e-10
0
1.53418e-21
-1.53471e-10
0
2.05131e-21
-2.05202e-10
0
1.30153e-21
-1.30198e-10
0
1.65414e-21
-1.65471e-10
0
1.27545e-22
-1.27589e-11
0
-3.8813e-22
3.88264e-11
0
2.45522e-21
-2.45607e-10
0
-1.53614e-21
1.53668e-10
0
2.79507e-21
-2.79603e-10
0
7.44434e-06
-744694
-0.739735
3.11489e-21
-3.11598e-10
0
3.0015e-21
-3.00255e-10
0
3.12312e-21
-3.12421e-10
0
5.41859e-23
-5.42048e-12
0
2.91569e-21
-2.91671e-10
0
2.53886e-21
-2.53975e-10
0
1.32866e-21
-1.32912e-10
0
1.85601e-21
-1.85666e-10
0
3.09759e-21
-3.09867e-10
0
4.54941e-21
-4.551e-10
0
2.64201e-21
-2.64293e-10
0
3.28684e-22
-3.28799e-11
0
2.8415e-21
-2.84249e-10
0
-1.35904e-21
1.35951e-10
0
5.88239e-22
-5.88444e-11
0
8.41001e-22
-8.41294e-11
0
6.09017e-22
-6.0923e-11
0
1.49651e-22
-1.49703e-11
0
5.35511e-22
-5.35699e-11
0
-1.22999e-21
1.23042e-10
0
8.8033e-22
-8.80639e-11
0
-5.86313e-22
5.86519e-11
0
2.21468e-22
-2.21546e-11
0
7.21987e-22
-7.22241e-11
0
-2.31688e-22
2.31769e-11
0
-9.01163e-22
9.0148e-11
0
8.59538e-22
-8.5984e-11
0
-5.08429e-22
5.08608e-11
0
-3.77393e-22
3.77526e-11
0
-1.23691e-21
1.23734e-10
0
-3.93891e-22
3.9403e-11
0
-1.00304e-21
1.00339e-10
0
-1.20653e-21
1.20696e-10
0
1.98723e-21
-1.98793e-10
0
7.80057e-22
-7.80331e-11
0
-2.73742e-07
27383.8
0
-2.92804e-21
2.92908e-10
0
-2.88942e-21
2.89044e-10
0
-4.73292e-22
4.7346e-11
0
-2.48451e-21
2.48539e-10
0
9.44013e-22
-9.44348e-11
0
-2.2404e-22
2.2412e-11
0
-2.31108e-21
2.31189e-10
0
6.76001e-22
-6.76241e-11
0
-3.04471e-22
3.04579e-11
0
-3.71556e-22
3.71688e-11
0
1.47836e-22
-1.47888e-11
0
2.24303e-22
-2.24383e-11
0
1.09165e-22
-1.09204e-11
0
-9.74837e-22
9.75183e-11
0
-5.864e-22
5.86608e-11
0
-2.38113e-22
2.38197e-11
0
-4.82822e-22
4.82993e-11
0
4.30859e-22
-4.31012e-11
0
-3.93442e-22
3.93581e-11
0
3.17757e-22
-3.17869e-11
0
9.01774e-06
-902096
-1.35349
-3.87234e-21
3.87373e-10
0
-1.23366e-21
1.23411e-10
0
-1.11689e-21
1.11729e-10
0
-1.21169e-21
1.21212e-10
0
-1.1411e-21
1.14151e-10
0
-1.23553e-21
1.23598e-10
0
-9.88325e-22
9.88678e-11
0
-2.4059e-21
2.40676e-10
0
-1.08075e-21
1.08114e-10
0
-9.50849e-22
9.51189e-11
0
-1.08737e-21
1.08776e-10
0
-1.13454e-21
1.13494e-10
0
-1.62715e-21
1.62774e-10
0
-2.07128e-21
2.07202e-10
0
-1.05832e-21
1.0587e-10
0
-2.78386e-21
2.78486e-10
0
-1.2441e-21
1.24455e-10
0
-1.15631e-21
1.15672e-10
0
-2.21693e-21
2.21773e-10
0
-1.9249e-21
1.92558e-10
0
1.28951e-21
-1.28998e-10
0
1.19172e-21
-1.19215e-10
0
1.22157e-21
-1.22201e-10
0
1.14445e-21
-1.14487e-10
0
1.15603e-21
-1.15644e-10
0
1.22523e-21
-1.22567e-10
0
1.35483e-21
-1.35532e-10
0
9.98449e-22
-9.98809e-11
0
1.51957e-21
-1.52012e-10
0
1.80175e-21
-1.8024e-10
0
-8.29915e-22
8.30215e-11
0
-8.23651e-22
8.23948e-11
0
-2.6363e-21
2.63725e-10
0
-2.19733e-21
2.19813e-10
0
-6.77349e-22
6.77593e-11
0
1.66951e-21
-1.67011e-10
0
-4.07006e-22
4.07153e-11
0
-2.65126e-22
2.65221e-11
0
1.59617e-22
-1.59675e-11
0
1.62264e-22
-1.62323e-11
0
-5.04975e-21
5.05159e-10
0
-4.50061e-21
4.50224e-10
0
-2.09459e-21
2.09536e-10
0
-2.84865e-21
2.84969e-10
0
-2.84823e-21
2.84926e-10
0
-2.0946e-21
2.09536e-10
0
-4.91975e-21
4.92154e-10
0
-4.54494e-21
4.5466e-10
0
-2.09436e-21
2.09512e-10
0
-2.84678e-21
2.84781e-10
0
-2.09438e-21
2.09514e-10
0
-4.5179e-21
4.51954e-10
0
-4.54017e-21
4.54182e-10
0
-4.53079e-21
4.53244e-10
0
-2.09447e-21
2.09523e-10
0
-2.84694e-21
2.84797e-10
0
-3.03604e-21
3.03714e-10
0
-4.91045e-21
4.91224e-10
0
-3.03708e-21
3.03818e-10
0
-2.09459e-21
2.09535e-10
0
-2.84863e-21
2.84966e-10
0
-2.09395e-21
2.09471e-10
0
1.04741e-21
-1.04773e-10
0
1.15215e-21
-1.1525e-10
0
1.04721e-21
-1.04753e-10
0
1.04726e-21
-1.04758e-10
0
1.04736e-21
-1.04768e-10
0
1.15216e-21
-1.15251e-10
0
1.04719e-21
-1.04751e-10
0
1.04724e-21
-1.04756e-10
0
1.15196e-21
-1.15231e-10
0
1.04742e-21
-1.04774e-10
0
1.04735e-21
-1.04767e-10
0
1.04741e-21
-1.04773e-10
0
-3.33584e-07
33368.6
0
1.08591e-05
-1.08624e+06
0.000742722
-1.04735e-21
1.04768e-10
0
-1.15208e-21
1.15243e-10
0
-1.15202e-21
1.15238e-10
0
-1.04735e-21
1.04767e-10
0
-1.04691e-21
1.04723e-10
0
-1.04724e-21
1.04756e-10
0
-1.04741e-21
1.04774e-10
0
-1.04733e-21
1.04766e-10
0
-1.04736e-21
1.04768e-10
0
-1.1519e-21
1.15225e-10
0
-1.04735e-21
1.04767e-10
0
-1.04694e-21
1.04727e-10
0
-1.15188e-21
1.15223e-10
0
-1.15195e-21
1.15231e-10
0
-1.15162e-21
1.15198e-10
0
-1.04709e-21
1.04742e-10
0
-1.04727e-21
1.04759e-10
0
-1.04735e-21
1.04767e-10
0
-1.15215e-21
1.15251e-10
0
-1.15215e-21
1.15251e-10
0
-1.04735e-21
1.04768e-10
0
-1.04727e-21
1.0476e-10
0
-1.04724e-21
1.04756e-10
0
-1.0474e-21
1.04773e-10
0
-1.15214e-21
1.1525e-10
0
-1.04741e-21
1.04773e-10
0
5.23701e-22
-5.23865e-11
0
5.7607e-22
-5.7625e-11
0
5.23623e-22
-5.23786e-11
0
5.2354e-22
-5.23703e-11
0
5.23665e-22
-5.23828e-11
0
5.2367e-22
-5.23833e-11
0
5.23658e-22
-5.23821e-11
0
5.23675e-22
-5.23838e-11
0
5.76029e-22
-5.76209e-11
0
5.2359e-22
-5.23753e-11
0
5.23557e-22
-5.2372e-11
0
5.23505e-22
-5.23668e-11
0
5.75856e-22
-5.76036e-11
0
5.23499e-22
-5.23662e-11
0
5.75006e-22
-5.75185e-11
0
5.23666e-22
-5.2383e-11
0
5.23704e-22
-5.23867e-11
0
5.23701e-22
-5.23865e-11
0
5.76074e-22
-5.76253e-11
0
5.23705e-22
-5.23869e-11
0
5.23699e-22
-5.23862e-11
0
5.237e-22
-5.23864e-11
0
5.23701e-22
-5.23864e-11
0
-5.76065e-22
5.76246e-11
0
-5.76057e-22
5.76239e-11
0
-5.237e-22
5.23865e-11
0
-5.2361e-22
5.23775e-11
0
-5.23651e-22
5.23816e-11
0
-5.23673e-22
5.23838e-11
0
-5.76027e-22
5.76208e-11
0
-5.23534e-22
5.23699e-11
0
-5.23579e-22
5.23744e-11
0
-5.2365e-22
5.23816e-11
0
-5.23702e-22
5.23867e-11
0
-5.23701e-22
5.23866e-11
0
-5.23702e-22
5.23867e-11
0
-5.23692e-22
5.23857e-11
0
-5.76069e-22
5.7625e-11
0
-5.76074e-22
5.76256e-11
0
2.31426e-06
-231499
-0.84094
2.93268e-21
-2.93361e-10
0
2.9326e-21
-2.93353e-10
0
2.09469e-21
-2.09535e-10
0
4.80961e-21
-4.81114e-10
0
2.09458e-21
-2.09524e-10
0
3.14204e-21
-3.14304e-10
0
5.22415e-21
-5.22581e-10
0
2.09476e-21
-2.09542e-10
0
2.09478e-21
-2.09544e-10
0
3.1419e-21
-3.1429e-10
0
2.17846e-21
-2.17915e-10
0
3.14189e-21
-3.14289e-10
0
3.14203e-21
-3.14303e-10
0
3.14119e-21
-3.14219e-10
0
2.09284e-21
-2.0935e-10
0
3.14218e-21
-3.14318e-10
0
2.09429e-21
-2.09496e-10
0
2.09453e-21
-2.0952e-10
0
4.17652e-21
-4.17786e-10
0
2.09373e-21
-2.0944e-10
0
2.09477e-21
-2.09544e-10
0
3.86775e-21
-3.86899e-10
0
1.8269e-21
-1.82749e-10
0
3.14528e-23
-3.14629e-12
0
1.82883e-21
-1.82942e-10
0
3.87429e-21
-3.87553e-10
0
1.31122e-21
-1.31164e-10
0
1.31127e-21
-1.3117e-10
0
1.23588e-21
-1.23628e-10
0
1.82362e-21
-1.8242e-10
0
2.09405e-21
-2.09472e-10
0
3.74334e-21
-3.74455e-10
0
3.95713e-21
-3.9584e-10
0
7.84299e-24
-7.84553e-13
0
-1.34128e-21
1.34172e-10
0
4.72891e-22
-4.73044e-11
0
-1.89542e-21
1.89604e-10
0
-1.23412e-21
1.23452e-10
0
-2.08881e-21
2.08949e-10
0
-1.23583e-22
1.23623e-11
0
3.0159e-21
-3.01688e-10
0
2.58272e-21
-2.58356e-10
0
2.93517e-22
-2.93612e-11
0
-2.08416e-21
2.08484e-10
0
-2.93248e-21
2.93344e-10
0
-8.38569e-22
8.38844e-11
0
5.41867e-22
-5.42045e-11
0
-2.09367e-21
2.09436e-10
0
-2.09463e-21
2.09532e-10
0
-2.06978e-21
2.07046e-10
0
-3.14197e-21
3.143e-10
0
-2.93259e-21
2.93355e-10
0
-9.71785e-22
9.72103e-11
0
-2.64455e-21
2.64541e-10
0
-1.69743e-21
1.69798e-10
0
-9.71927e-22
9.72245e-11
0
-9.71693e-22
9.72011e-11
0
-5.65843e-22
5.66028e-11
0
-1.72214e-21
1.7227e-10
0
-8.37562e-22
8.37836e-11
0
-2.9713e-07
29722.8
0
-2.8672e-21
2.86815e-10
0
-3.14209e-21
3.14313e-10
0
-3.13971e-21
3.14074e-10
0
-4.18572e-21
4.18711e-10
0
-3.14213e-21
3.14317e-10
0
-3.14212e-21
3.14316e-10
0
-3.13944e-21
3.14047e-10
0
-3.14127e-21
3.1423e-10
0
-4.91945e-21
4.92108e-10
0
-3.14212e-21
3.14316e-10
0
-2.84857e-21
2.84951e-10
0
5.23621e-22
-5.23796e-11
0
5.23269e-22
-5.23443e-11
0
5.76061e-22
-5.76253e-11
0
5.23692e-22
-5.23867e-11
0
5.76056e-22
-5.76248e-11
0
5.23693e-22
-5.23867e-11
0
5.76058e-22
-5.7625e-11
0
5.23688e-22
-5.23862e-11
0
5.76064e-22
-5.76256e-11
0
5.76064e-22
-5.76256e-11
0
5.23694e-22
-5.23869e-11
0
5.23694e-22
-5.23869e-11
0
5.23694e-22
-5.23869e-11
0
5.23694e-22
-5.23869e-11
0
5.76022e-22
-5.76215e-11
0
5.23693e-22
-5.23867e-11
0
5.23694e-22
-5.23869e-11
0
5.23694e-22
-5.23869e-11
0
-3.01661e-07
30176.1
0
-5.2369e-22
5.23866e-11
0
-5.75603e-22
5.75797e-11
0
-5.2361e-22
5.23787e-11
0
-5.23576e-22
5.23752e-11
0
-5.76017e-22
5.76211e-11
0
-5.76039e-22
5.76233e-11
0
-5.76062e-22
5.76256e-11
0
-5.76062e-22
5.76256e-11
0
-5.23689e-22
5.23865e-11
0
-5.23692e-22
5.23869e-11
0
-5.23692e-22
5.23869e-11
0
2.09438e-21
-2.09509e-10
0
2.9313e-21
-2.9323e-10
0
2.0943e-21
-2.09501e-10
0
5.37825e-21
-5.38008e-10
0
4.81319e-21
-4.81483e-10
0
3.13813e-21
-3.1392e-10
0
2.09441e-21
-2.09512e-10
0
5.08072e-21
-5.08244e-10
0
2.09296e-21
-2.09367e-10
0
3.1349e-21
-3.13596e-10
0
3.13978e-21
-3.14085e-10
0
4.81768e-21
-4.81932e-10
0
3.14203e-21
-3.14309e-10
0
3.14189e-21
-3.14296e-10
0
2.09473e-21
-2.09544e-10
0
2.93105e-21
-2.93205e-10
0
2.9316e-21
-2.93259e-10
0
4.80963e-21
-4.81128e-10
0
-5.14515e-22
5.14691e-11
0
-2.6676e-22
2.66851e-11
0
1.78199e-21
-1.7826e-10
0
2.04693e-21
-2.04763e-10
0
2.09301e-21
-2.09373e-10
0
1.739e-21
-1.73959e-10
0
2.09468e-21
-2.09539e-10
0
3.87482e-21
-3.87615e-10
0
1.97562e-21
-1.97629e-10
0
5.3741e-21
-5.37594e-10
0
2.09445e-21
-2.09517e-10
0
1.84501e-21
-1.84564e-10
0
3.70506e-21
-3.70633e-10
0
2.69991e-22
-2.70084e-11
0
5.37916e-21
-5.381e-10
0
-2.91594e-07
29169.4
0
3.40162e-06
-340280
-0.0177017
5.41481e-22
-5.41668e-11
0
-1.97061e-21
1.97129e-10
0
3.66326e-21
-3.66452e-10
0
1.5107e-23
-1.51122e-12
0
2.94769e-21
-2.94871e-10
0
1.94022e-21
-1.94089e-10
0
1.14404e-21
-1.14444e-10
0
2.91105e-21
-2.91205e-10
0
4.81754e-21
-4.8192e-10
0
3.86195e-21
-3.86328e-10
0
1.16323e-21
-1.16363e-10
0
-1.64638e-21
1.64695e-10
0
7.52444e-22
-7.52704e-11
0
-1.94545e-21
1.94612e-10
0
8.46696e-22
-8.46989e-11
0
2.75233e-21
-2.75329e-10
0
1.24476e-21
-1.2452e-10
0
1.09218e-21
-1.09256e-10
0
3.09524e-21
-3.09632e-10
0
2.86028e-21
-2.86128e-10
0
2.15163e-21
-2.15238e-10
0
2.82139e-21
-2.82238e-10
0
2.88457e-21
-2.88558e-10
0
2.52606e-21
-2.52694e-10
0
2.07192e-21
-2.07264e-10
0
2.56519e-21
-2.56609e-10
0
-1.89478e-21
1.89544e-10
0
1.10723e-21
-1.10762e-10
0
2.74572e-22
-2.74667e-11
0
1.77973e-21
-1.78035e-10
0
-1.47742e-07
14779.4
0
8.22082e-06
-822371
-0.193669
3.16252e-22
-3.16363e-11
0
1.21138e-21
-1.2118e-10
0
1.57762e-21
-1.57818e-10
0
7.14608e-22
-7.14859e-11
0
1.28907e-21
-1.28952e-10
0
1.1832e-21
-1.18362e-10
0
2.73419e-21
-2.73515e-10
0
8.7188e-22
-8.72187e-11
0
1.26304e-21
-1.26348e-10
0
2.05852e-21
-2.05924e-10
0
-1.16081e-22
1.16122e-11
0
1.67458e-23
-1.67517e-12
0
1.01906e-21
-1.01942e-10
0
-1.00655e-21
1.0069e-10
0
1.77017e-21
-1.77079e-10
0
-1.97625e-21
1.97695e-10
0
-9.71585e-22
9.71927e-11
0
1.89085e-21
-1.89152e-10
0
9.19413e-22
-9.19736e-11
0
2.07563e-21
-2.07636e-10
0
1.40695e-22
-1.40745e-11
0
-3.14036e-21
3.14147e-10
0
-1.92979e-22
1.93047e-11
0
8.23147e-22
-8.23439e-11
0
4.4738e-22
-4.47539e-11
0
-2.59541e-21
2.59633e-10
0
-6.25068e-22
6.2529e-11
0
-9.83779e-23
9.84128e-12
0
-6.6448e-22
6.64716e-11
0
-1.58109e-21
1.58165e-10
0
-1.67615e-22
1.67675e-11
0
-4.20748e-22
4.20897e-11
0
-4.14347e-22
4.14494e-11
0
-1.15355e-21
1.15396e-10
0
-8.67779e-22
8.68087e-11
0
-2.65471e-21
2.65565e-10
0
-2.60292e-21
2.60385e-10
0
-3.75347e-23
3.75481e-12
0
1.67615e-21
-1.67674e-10
0
-2.72926e-22
2.73023e-11
0
-1.31162e-21
1.31208e-10
0
-9.81991e-22
9.8234e-11
0
-3.04341e-07
30444.9
0
-3.86442e-21
3.8658e-10
0
-1.20294e-21
1.20337e-10
0
-1.06595e-21
1.06633e-10
0
-3.87267e-21
3.87406e-10
0
6.35675e-22
-6.35902e-11
0
-1.06638e-21
1.06677e-10
0
-1.76278e-21
1.76341e-10
0
-9.99199e-22
9.99556e-11
0
7.76628e-22
-7.76906e-11
0
-1.69795e-21
1.69856e-10
0
5.30234e-22
-5.30424e-11
0
-2.08945e-21
2.0902e-10
0
-2.08327e-21
2.08402e-10
0
-1.97077e-21
1.97147e-10
0
-1.96556e-21
1.96627e-10
0
-3.24603e-21
3.24719e-10
0
-2.03932e-21
2.04005e-10
0
-1.87129e-21
1.87196e-10
0
-2.87128e-21
2.87231e-10
0
-2.32387e-21
2.3247e-10
0
1.75392e-22
-1.75456e-11
0
-2.69305e-21
2.69402e-10
0
-8.37252e-22
8.37554e-11
0
1.21376e-21
-1.2142e-10
0
2.05307e-22
-2.05381e-11
0
1.16441e-21
-1.16483e-10
0
1.22996e-22
-1.2304e-11
0
-8.35646e-22
8.35947e-11
0
2.17384e-22
-2.17462e-11
0
-2.70967e-21
2.71065e-10
0
1.03837e-21
-1.03874e-10
0
-2.70801e-21
2.70899e-10
0
-3.07811e-21
3.07922e-10
0
2.4582e-26
-2.45909e-15
0
-2.37607e-21
2.37693e-10
0
-8.37817e-22
8.38119e-11
0
-1.20257e-21
1.203e-10
0
1.09417e-21
-1.09457e-10
0
4.06073e-25
-4.0622e-14
0
1.77636e-22
-1.777e-11
0
9.9719e-06
-997553
-0.000759772
-2.09236e-21
2.09313e-10
0
-4.54521e-21
4.54687e-10
0
-4.9172e-21
4.91899e-10
0
-1.04736e-21
1.04774e-10
0
-1.04736e-21
1.04774e-10
0
-4.54503e-21
4.54669e-10
0
-2.09438e-21
2.09514e-10
0
-1.04723e-21
1.04761e-10
0
-1.04722e-21
1.0476e-10
0
-1.0472e-21
1.04758e-10
0
-1.04526e-21
1.04564e-10
0
-1.04494e-21
1.04532e-10
0
-3.03687e-21
3.03798e-10
0
-2.09441e-21
2.09517e-10
0
-1.04723e-21
1.04761e-10
0
-2.09459e-21
2.09535e-10
0
-2.09464e-21
2.0954e-10
0
-1.04733e-21
1.04771e-10
0
-2.84861e-21
2.84965e-10
0
-4.53754e-21
4.53919e-10
0
-1.04708e-21
1.04746e-10
0
-1.04691e-21
1.0473e-10
0
1.04736e-21
-1.04768e-10
0
1.04724e-21
-1.04756e-10
0
1.04731e-21
-1.04763e-10
0
1.04722e-21
-1.04754e-10
0
1.0472e-21
-1.04752e-10
0
1.04726e-21
-1.04758e-10
0
1.04701e-21
-1.04733e-10
0
1.04742e-21
-1.04774e-10
0
1.04742e-21
-1.04774e-10
0
1.04741e-21
-1.04773e-10
0
1.04741e-21
-1.04773e-10
0
-1.04741e-21
1.04773e-10
0
-1.15208e-21
1.15243e-10
0
-1.04722e-21
1.04754e-10
0
-1.04741e-21
1.04774e-10
0
-1.04725e-21
1.04757e-10
0
-1.04734e-21
1.04767e-10
0
-1.04678e-21
1.0471e-10
0
-1.04728e-21
1.0476e-10
0
-1.04741e-21
1.04774e-10
0
-1.04741e-21
1.04774e-10
0
-1.04741e-21
1.04774e-10
0
-1.15189e-21
1.15225e-10
0
-1.04692e-21
1.04725e-10
0
5.23699e-22
-5.23862e-11
0
5.23693e-22
-5.23856e-11
0
5.23703e-22
-5.23867e-11
0
5.23517e-22
-5.2368e-11
0
5.76029e-22
-5.76209e-11
0
5.23669e-22
-5.23832e-11
0
5.23501e-22
-5.23665e-11
0
5.23649e-22
-5.23813e-11
0
5.23704e-22
-5.23867e-11
0
5.76075e-22
-5.76255e-11
0
5.23698e-22
-5.23862e-11
0
5.23701e-22
-5.23865e-11
0
5.76073e-22
-5.76253e-11
0
5.23706e-22
-5.23869e-11
0
-5.23694e-22
5.2386e-11
0
-5.23699e-22
5.23864e-11
0
-5.23535e-22
5.237e-11
0
-5.2288e-22
5.23045e-11
0
-5.23621e-22
5.23786e-11
0
-5.76071e-22
5.76252e-11
0
-5.23702e-22
5.23867e-11
0
2.0948e-21
-2.09547e-10
0
2.09469e-21
-2.09536e-10
0
2.09474e-21
-2.0954e-10
0
2.17808e-21
-2.17878e-10
0
3.1421e-21
-3.1431e-10
0
2.09478e-21
-2.09544e-10
0
2.09477e-21
-2.09544e-10
0
3.14211e-21
-3.14311e-10
0
3.13111e-21
-3.13211e-10
0
2.09474e-21
-2.09541e-10
0
5.23655e-21
-5.23822e-10
0
2.09203e-21
-2.09269e-10
0
2.09475e-21
-2.09542e-10
0
1.31127e-21
-1.31169e-10
0
2.0947e-21
-2.09537e-10
0
1.83468e-21
-1.83527e-10
0
1.18841e-22
-1.18879e-11
0
1.02646e-21
-1.02679e-10
0
-2.09467e-21
2.09535e-10
0
-1.46495e-21
1.46543e-10
0
3.13912e-21
-3.14013e-10
0
3.13392e-21
-3.13493e-10
0
-1.83105e-21
1.83164e-10
0
-2.0947e-21
2.09538e-10
0
2.93256e-22
-2.93351e-11
0
2.93269e-22
-2.93364e-11
0
2.09477e-22
-2.09545e-11
0
8.35852e-23
-8.36123e-12
0
3.09747e-21
-3.09847e-10
0
3.01918e-21
-3.02016e-10
0
-2.0946e-21
2.09528e-10
0
-8.58928e-22
8.59209e-11
0
-2.67375e-21
2.67462e-10
0
9.98458e-22
-9.98784e-11
0
-2.09474e-21
2.09543e-10
0
-2.64063e-21
2.64149e-10
0
-2.09065e-21
2.09134e-10
0
-2.09469e-21
2.09537e-10
0
-8.3762e-22
8.37894e-11
0
-4.18801e-21
4.1894e-10
0
-3.14107e-21
3.1421e-10
0
-4.92097e-21
4.92259e-10
0
-2.96814e-21
2.96912e-10
0
-3.14083e-21
3.14187e-10
0
-4.18909e-21
4.19047e-10
0
-5.23596e-21
5.23769e-10
0
-3.14212e-21
3.14316e-10
0
-3.12073e-21
3.12176e-10
0
-3.12753e-21
3.12856e-10
0
-4.14552e-21
4.14689e-10
0
-4.92119e-21
4.92281e-10
0
-3.98004e-21
3.98136e-10
0
-3.14216e-21
3.1432e-10
0
5.23342e-22
-5.23516e-11
0
5.2366e-22
-5.23835e-11
0
5.23692e-22
-5.23866e-11
0
5.23673e-22
-5.23847e-11
0
5.23691e-22
-5.23866e-11
0
5.76062e-22
-5.76254e-11
0
5.76061e-22
-5.76253e-11
0
5.23687e-22
-5.23862e-11
0
5.76058e-22
-5.7625e-11
0
5.76062e-22
-5.76254e-11
0
5.23694e-22
-5.23869e-11
0
5.23694e-22
-5.23869e-11
0
5.76064e-22
-5.76256e-11
0
5.76064e-22
-5.76256e-11
0
5.23694e-22
-5.23869e-11
0
5.76063e-22
-5.76255e-11
0
5.23609e-22
-5.23783e-11
0
5.76061e-22
-5.76253e-11
0
5.2369e-22
-5.23865e-11
0
5.23694e-22
-5.23868e-11
0
5.76064e-22
-5.76256e-11
0
-5.23664e-22
5.2384e-11
0
-5.76058e-22
5.76251e-11
0
-5.76058e-22
5.76252e-11
0
-5.75888e-22
5.76082e-11
0
-5.75971e-22
5.76165e-11
0
-5.23692e-22
5.23868e-11
0
-5.23684e-22
5.2386e-11
0
-5.2369e-22
5.23867e-11
0
-5.7606e-22
5.76254e-11
0
-5.23693e-22
5.23869e-11
0
-5.23693e-22
5.23869e-11
0
-5.23661e-22
5.23837e-11
0
-5.23692e-22
5.23869e-11
0
-3.33676e-07
33378.9
0
9.69231e-06
-969560
-0.0191276
2.93961e-21
-2.9406e-10
0
2.09405e-21
-2.09476e-10
0
2.93066e-21
-2.93165e-10
0
2.09476e-21
-2.09547e-10
0
2.09475e-21
-2.09546e-10
0
2.93121e-21
-2.9322e-10
0
2.09391e-21
-2.09462e-10
0
5.37779e-21
-5.37961e-10
0
2.93123e-21
-2.93223e-10
0
5.11899e-21
-5.12073e-10
0
2.09051e-21
-2.09122e-10
0
2.09081e-21
-2.09152e-10
0
3.14158e-21
-3.14264e-10
0
2.93254e-21
-2.93353e-10
0
3.14192e-21
-3.14299e-10
0
5.23568e-21
-5.23745e-10
0
2.09472e-21
-2.09543e-10
0
2.09469e-21
-2.0954e-10
0
4.80329e-21
-4.80492e-10
0
9.09912e-22
-9.10224e-11
0
2.09327e-21
-2.09399e-10
0
4.81215e-21
-4.8138e-10
0
4.79696e-21
-4.79861e-10
0
8.55652e-22
-8.55945e-11
0
4.48149e-21
-4.48302e-10
0
4.17351e-21
-4.17494e-10
0
2.09329e-21
-2.094e-10
0
2.08958e-21
-2.09029e-10
0
4.18929e-21
-4.19073e-10
0
1.87717e-21
-1.87781e-10
0
1.84463e-21
-1.84527e-10
0
4.00131e-22
-4.00268e-11
0
1.89569e-21
-1.89633e-10
0
2.09365e-21
-2.09437e-10
0
4.18405e-21
-4.18549e-10
0
8.39963e-22
-8.40253e-11
0
-4.80704e-22
4.8087e-11
0
3.90265e-21
-3.904e-10
0
2.91556e-21
-2.91657e-10
0
2.33667e-21
-2.33748e-10
0
4.17433e-21
-4.17578e-10
0
1.43703e-21
-1.43752e-10
0
1.7631e-21
-1.76371e-10
0
2.98951e-21
-2.99054e-10
0
2.90737e-21
-2.90838e-10
0
3.14181e-21
-3.14289e-10
0
4.80767e-21
-4.80933e-10
0
-1.80784e-21
1.80846e-10
0
4.81329e-21
-4.81496e-10
0
3.13873e-21
-3.13982e-10
0
2.71354e-21
-2.71448e-10
0
-3.15658e-07
31576.7
0
2.9682e-21
-2.96923e-10
0
2.81393e-21
-2.81491e-10
0
3.45822e-21
-3.45943e-10
0
3.15857e-21
-3.15967e-10
0
2.91721e-21
-2.91823e-10
0
3.29453e-21
-3.29567e-10
0
3.07743e-21
-3.0785e-10
0
2.07709e-21
-2.07781e-10
0
2.14193e-21
-2.14267e-10
0
2.96473e-21
-2.96576e-10
0
1.74008e-21
-1.74068e-10
0
4.18919e-21
-4.19065e-10
0
-1.60599e-21
1.60655e-10
0
1.52666e-21
-1.5272e-10
0
3.93085e-22
-3.93222e-11
0
-8.12192e-23
8.12475e-12
0
5.2224e-22
-5.22422e-11
0
-2.82569e-21
2.82668e-10
0
5.64634e-22
-5.64833e-11
0
1.6839e-21
-1.68449e-10
0
2.06076e-21
-2.06149e-10
0
8.52343e-22
-8.52643e-11
0
6.15664e-22
-6.15881e-11
0
-3.46533e-22
3.46655e-11
0
-9.37099e-22
9.37429e-11
0
-7.57801e-22
7.58067e-11
0
1.83934e-22
-1.83998e-11
0
-2.20249e-22
2.20327e-11
0
2.04207e-21
-2.04279e-10
0
2.04681e-21
-2.04753e-10
0
-1.39774e-21
1.39823e-10
0
-3.10965e-22
3.11074e-11
0
2.03706e-21
-2.03777e-10
0
9.34052e-06
-934383
-0.0347721
-3.13556e-21
3.13668e-10
0
-1.76877e-22
1.7694e-11
0
-2.8134e-22
2.8144e-11
0
1.08087e-21
-1.08126e-10
0
-2.84102e-22
2.84203e-11
0
-2.86904e-21
2.87006e-10
0
-1.99149e-22
1.99219e-11
0
-1.5655e-21
1.56606e-10
0
-2.88082e-21
2.88184e-10
0
-7.59235e-23
7.59504e-12
0
1.32354e-23
-1.32401e-12
0
-2.04297e-21
2.0437e-10
0
-2.81269e-21
2.81368e-10
0
-5.78281e-22
5.78486e-11
0
4.78971e-22
-4.79141e-11
0
6.05456e-22
-6.05671e-11
0
4.6004e-22
-4.60203e-11
0
-1.47049e-21
1.47101e-10
0
-8.26059e-22
8.26352e-11
0
-4.18893e-21
4.19043e-10
0
3.05226e-22
-3.05335e-11
0
-1.25852e-21
1.25897e-10
0
8.50809e-22
-8.51113e-11
0
3.31277e-22
-3.31396e-11
0
-1.08504e-21
1.08543e-10
0
-2.09224e-21
2.09299e-10
0
-1.0758e-21
1.07619e-10
0
-5.6281e-23
5.63011e-12
0
-2.02737e-21
2.02809e-10
0
-3.96013e-21
3.96155e-10
0
-2.51419e-21
2.51509e-10
0
-1.62082e-21
1.6214e-10
0
6.89903e-24
-6.9015e-13
0
-1.14708e-21
1.14749e-10
0
-3.28763e-07
32888.1
0
-3.28401e-21
3.28519e-10
0
1.26062e-24
-1.26107e-13
0
-2.72286e-21
2.72384e-10
0
1.10849e-21
-1.10889e-10
0
-3.13612e-21
3.13725e-10
0
1.46555e-21
-1.46608e-10
0
2.03536e-22
-2.03609e-11
0
-2.72259e-21
2.72357e-10
0
-7.3818e-22
7.38446e-11
0
2.03044e-22
-2.03118e-11
0
3.43505e-25
-3.43628e-14
0
-7.21724e-22
7.21984e-11
0
1.3235e-22
-1.32397e-11
0
-2.71824e-21
2.71922e-10
0
1.22784e-25
-1.22828e-14
0
1.26353e-26
-1.26398e-15
0
1.15853e-21
-1.15895e-10
0
-8.37779e-22
8.38081e-11
0
-2.71444e-21
2.71542e-10
0
1.05471e-22
-1.05509e-11
0
1.07163e-22
-1.07201e-11
0
-1.92929e-21
1.92999e-10
0
-2.09467e-21
2.09543e-10
0
-2.09465e-21
2.09541e-10
0
-3.03715e-21
3.03826e-10
0
-2.09459e-21
2.09535e-10
0
-2.09449e-21
2.09526e-10
0
-1.04736e-21
1.04774e-10
0
-2.09465e-21
2.09541e-10
0
-2.09462e-21
2.09538e-10
0
-1.04734e-21
1.04772e-10
0
-1.04692e-21
1.0473e-10
0
-1.04718e-21
1.04756e-10
0
-3.03688e-21
3.03798e-10
0
-2.09393e-21
2.09469e-10
0
-1.0472e-21
1.04758e-10
0
-4.92176e-21
4.92355e-10
0
-1.04713e-21
1.04752e-10
0
-1.04603e-21
1.04641e-10
0
-2.09456e-21
2.09533e-10
0
-2.09458e-21
2.09534e-10
0
-3.03619e-21
3.03729e-10
0
-2.0933e-21
2.09407e-10
0
-1.04722e-21
1.0476e-10
0
1.04736e-21
-1.04768e-10
0
1.04735e-21
-1.04767e-10
0
1.04727e-21
-1.04759e-10
0
1.04721e-21
-1.04753e-10
0
-1.04741e-21
1.04774e-10
0
-1.04726e-21
1.04758e-10
0
-1.04729e-21
1.04761e-10
0
-1.04728e-21
1.0476e-10
0
-1.04741e-21
1.04773e-10
0
5.76068e-22
-5.76248e-11
0
5.23618e-22
-5.23781e-11
0
5.2363e-22
-5.23793e-11
0
5.23703e-22
-5.23866e-11
0
-5.23668e-22
5.23833e-11
0
-5.23701e-22
5.23866e-11
0
-5.23703e-22
5.23868e-11
0
-5.23703e-22
5.23868e-11
0
-5.23702e-22
5.23867e-11
0
2.09478e-21
-2.09545e-10
0
3.14126e-21
-3.14226e-10
0
2.09479e-21
-2.09545e-10
0
3.14205e-21
-3.14305e-10
0
2.09477e-21
-2.09544e-10
0
2.09465e-21
-2.09531e-10
0
5.23333e-21
-5.235e-10
0
2.30428e-21
-2.30501e-10
0
4.1894e-21
-4.19075e-10
0
1.25661e-21
-1.25702e-10
0
2.93188e-22
-2.93283e-11
0
-1.75831e-21
1.75888e-10
0
2.09375e-22
-2.09443e-11
0
9.02333e-22
-9.02625e-11
0
2.71839e-21
-2.71927e-10
0
3.01767e-21
-3.01865e-10
0
-2.09475e-21
2.09543e-10
0
-1.82122e-21
1.82181e-10
0
3.14201e-21
-3.14303e-10
0
-2.09465e-21
2.09533e-10
0
8.38191e-23
-8.38463e-12
0
-2.06002e-21
2.06069e-10
0
3.13321e-21
-3.13423e-10
0
2.54149e-06
-254232
-0.14191
-3.14184e-21
3.14286e-10
0
-5.44628e-22
5.44806e-11
0
-3.14089e-21
3.14192e-10
0
-9.71503e-22
9.71821e-11
0
-8.37852e-22
8.38127e-11
0
-3.14107e-21
3.1421e-10
0
-2.09479e-21
2.09547e-10
0
-5.23625e-21
5.23798e-10
0
-3.97897e-21
3.98029e-10
0
-5.23633e-21
5.23806e-10
0
-3.14217e-21
3.1432e-10
0
-5.23472e-21
5.23645e-10
0
-3.13522e-21
3.13625e-10
0
-3.13922e-21
3.14026e-10
0
-4.92056e-21
4.92219e-10
0
-4.92258e-21
4.92421e-10
0
-3.97993e-21
3.98124e-10
0
-2.84881e-21
2.84975e-10
0
-4.18918e-21
4.19056e-10
0
-3.97987e-21
3.98118e-10
0
-4.17325e-21
4.17463e-10
0
-3.97891e-21
3.98023e-10
0
-4.18946e-21
4.19084e-10
0
-4.18915e-21
4.19053e-10
0
5.23692e-22
-5.23866e-11
0
5.23691e-22
-5.23866e-11
0
5.23692e-22
-5.23866e-11
0
5.23561e-22
-5.23735e-11
0
5.23625e-22
-5.23799e-11
0
5.2367e-22
-5.23845e-11
0
5.23693e-22
-5.23868e-11
0
5.76062e-22
-5.76254e-11
0
5.23694e-22
-5.23869e-11
0
5.23694e-22
-5.23869e-11
0
5.23694e-22
-5.23869e-11
0
-5.23687e-22
5.23863e-11
0
-5.23686e-22
5.23862e-11
0
-5.23646e-22
5.23823e-11
0
-5.23692e-22
5.23868e-11
0
-5.23692e-22
5.23868e-11
0
-5.23687e-22
5.23863e-11
0
-5.23691e-22
5.23867e-11
0
-5.2369e-22
5.23867e-11
0
-5.23686e-22
5.23863e-11
0
-5.23688e-22
5.23865e-11
0
-5.23691e-22
5.23867e-11
0
-5.23693e-22
5.23869e-11
0
-5.23693e-22
5.23869e-11
0
-5.23692e-22
5.23868e-11
0
-5.23664e-22
5.2384e-11
0
-5.23691e-22
5.23867e-11
0
-5.23693e-22
5.23869e-11
0
2.93144e-21
-2.93243e-10
0
2.9305e-21
-2.9315e-10
0
5.75484e-21
-5.75679e-10
0
2.08903e-21
-2.08974e-10
0
2.09406e-21
-2.09477e-10
0
3.14202e-21
-3.14308e-10
0
3.14194e-21
-3.14301e-10
0
5.12106e-21
-5.1228e-10
0
3.1408e-21
-3.14186e-10
0
2.09256e-21
-2.09328e-10
0
5.38133e-21
-5.38317e-10
0
4.18425e-21
-4.18569e-10
0
2.09314e-21
-2.09386e-10
0
5.2169e-21
-5.21869e-10
0
4.81156e-21
-4.8132e-10
0
2.09317e-21
-2.09389e-10
0
4.11542e-21
-4.11683e-10
0
2.08945e-21
-2.09017e-10
0
4.52601e-21
-4.52756e-10
0
2.0909e-21
-2.09162e-10
0
4.18928e-21
-4.19071e-10
0
2.09463e-21
-2.09535e-10
0
2.09299e-21
-2.0937e-10
0
4.17352e-21
-4.17495e-10
0
4.18558e-21
-4.18702e-10
0
1.05534e-21
-1.05571e-10
0
1.30601e-21
-1.30646e-10
0
4.18574e-21
-4.18718e-10
0
4.16622e-21
-4.16766e-10
0
6.80392e-22
-6.80627e-11
0
9.42133e-22
-9.42459e-11
0
3.84059e-21
-3.84192e-10
0
4.67364e-21
-4.67526e-10
0
2.44e-21
-2.44084e-10
0
1.42587e-21
-1.42636e-10
0
4.16499e-21
-4.16643e-10
0
3.62559e-21
-3.62684e-10
0
-1.50207e-21
1.50258e-10
0
-1.6846e-21
1.68518e-10
0
-1.99027e-21
1.99096e-10
0
2.96097e-21
-2.962e-10
0
2.7431e-21
-2.74406e-10
0
2.99355e-21
-2.99459e-10
0
1.0288e-21
-1.02916e-10
0
2.10917e-22
-2.10991e-11
0
2.5879e-21
-2.5888e-10
0
1.28056e-21
-1.281e-10
0
3.09675e-22
-3.09783e-11
0
1.08631e-21
-1.08669e-10
0
-2.77888e-21
2.77985e-10
0
3.12774e-21
-3.12883e-10
0
6.61122e-22
-6.61352e-11
0
3.48338e-22
-3.48459e-11
0
1.89111e-21
-1.89177e-10
0
7.99638e-22
-7.99919e-11
0
9.23643e-22
-9.23968e-11
0
-3.46979e-23
3.47101e-12
0
-1.42745e-21
1.42795e-10
0
2.01492e-21
-2.01563e-10
0
2.03759e-21
-2.03831e-10
0
-2.32177e-21
2.32258e-10
0
1.88419e-21
-1.88485e-10
0
-1.02507e-21
1.02543e-10
0
2.0749e-21
-2.07563e-10
0
2.08586e-21
-2.08659e-10
0
-1.52016e-21
1.5207e-10
0
-6.28673e-22
6.28896e-11
0
-2.86593e-21
2.86695e-10
0
-2.35595e-21
2.35679e-10
0
1.92765e-21
-1.92833e-10
0
-2.80494e-21
2.80594e-10
0
-1.92652e-22
1.92721e-11
0
-2.26249e-21
2.26329e-10
0
-7.52551e-22
7.52818e-11
0
-2.43399e-21
2.43485e-10
0
-8.43847e-22
8.44146e-11
0
1.11715e-21
-1.11755e-10
0
-1.37582e-22
1.37631e-11
0
-2.3667e-22
2.36754e-11
0
-2.71619e-21
2.71716e-10
0
-2.03888e-21
2.0396e-10
0
-4.81374e-21
4.81546e-10
0
-4.18917e-21
4.19067e-10
0
4.07185e-23
-4.07331e-12
0
8.11888e-22
-8.12178e-11
0
9.5309e-22
-9.53431e-11
0
-2.01338e-21
2.0141e-10
0
-3.88549e-21
3.88688e-10
0
1.88443e-22
-1.88511e-11
0
-9.33295e-22
9.33628e-11
0
-4.1745e-21
4.176e-10
0
-4.1126e-21
4.11407e-10
0
-2.00963e-21
2.01035e-10
0
-3.64174e-21
3.64305e-10
0
7.00887e-22
-7.01137e-11
0
-2.8389e-21
2.83992e-10
0
-2.09471e-21
2.09546e-10
0
-2.08297e-21
2.08371e-10
0
-2.04586e-21
2.04659e-10
0
6.53125e-06
-653361
-1.01253e-05
1.29917e-25
-1.29964e-14
0
8.76717e-22
-8.77033e-11
0
1.01236e-21
-1.01273e-10
0
1.21527e-25
-1.2157e-14
0
1.29669e-25
-1.29715e-14
0
7.38573e-26
-7.3884e-15
0
-2.72249e-21
2.72347e-10
0
3.91566e-25
-3.91707e-14
0
3.51704e-25
-3.51831e-14
0
2.1954e-26
-2.19619e-15
0
-3.14184e-21
3.14297e-10
0
-1.04724e-21
1.04762e-10
0
3.70644e-26
-3.70778e-15
0
9.90146e-23
-9.90503e-12
0
7.46985e-25
-7.47254e-14
0
-2.06863e-21
2.06939e-10
0
-1.04735e-21
1.04774e-10
0
-1.04736e-21
1.04774e-10
0
-2.09456e-21
2.09533e-10
0
-1.04736e-21
1.04774e-10
0
-1.04736e-21
1.04774e-10
0
-2.09464e-21
2.0954e-10
0
-3.12781e-21
3.12895e-10
0
-2.0938e-21
2.09456e-10
0
-2.09447e-21
2.09524e-10
0
-2.0727e-21
2.07345e-10
0
-2.09408e-21
2.09484e-10
0
-1.04675e-21
1.04713e-10
0
-1.0472e-21
1.04758e-10
0
-1.04729e-21
1.04767e-10
0
-1.04732e-21
1.0477e-10
0
-2.0936e-21
2.09436e-10
0
-2.09412e-21
2.09488e-10
0
-3.12277e-07
31239.1
0
1.14638e-21
-1.14673e-10
0
-1.04741e-21
1.04774e-10
0
-1.15204e-21
1.1524e-10
0
5.23702e-22
-5.23865e-11
0
5.2361e-22
-5.23773e-11
0
-5.23697e-22
5.23862e-11
0
-5.19081e-22
5.19245e-11
0
-5.23668e-22
5.23833e-11
0
-5.23605e-22
5.2377e-11
0
-5.23577e-22
5.23742e-11
0
-5.23703e-22
5.23868e-11
0
2.92894e-21
-2.92987e-10
0
4.18037e-21
-4.18172e-10
0
3.74354e-21
-3.74474e-10
0
1.25673e-21
-1.25713e-10
0
2.60217e-06
-260301
-0.920538
8.32606e-23
-8.32876e-12
0
8.33485e-23
-8.33755e-12
0
3.14212e-21
-3.14314e-10
0
3.14151e-21
-3.14253e-10
0
2.83432e-21
-2.83524e-10
0
-3.94194e-23
3.94321e-12
0
-8.37948e-22
8.38222e-11
0
-2.09467e-21
2.09535e-10
0
-2.0939e-21
2.09459e-10
0
-3.14192e-21
3.14295e-10
0
-3.14201e-21
3.14304e-10
0
-2.09461e-21
2.0953e-10
0
-8.37806e-22
8.3808e-11
0
-2.09459e-21
2.09527e-10
0
-2.09404e-21
2.09472e-10
0
-3.13994e-21
3.14097e-10
0
8.61469e-22
-8.61751e-11
0
-3.1415e-21
3.14254e-10
0
-2.93267e-21
2.93364e-10
0
-3.14215e-21
3.14319e-10
0
-3.14211e-21
3.14315e-10
0
-4.18942e-21
4.1908e-10
0
-3.12989e-21
3.13093e-10
0
5.23177e-22
-5.23352e-11
0
-5.23678e-22
5.23854e-11
0
-5.23686e-22
5.23862e-11
0
-5.7606e-22
5.76254e-11
0
-5.23691e-22
5.23867e-11
0
-5.23693e-22
5.23869e-11
0
-5.23692e-22
5.23869e-11
0
2.09398e-21
-2.09469e-10
0
3.13959e-21
-3.14066e-10
0
2.09027e-21
-2.09097e-10
0
2.09154e-21
-2.09225e-10
0
2.09122e-21
-2.09193e-10
0
2.09469e-21
-2.0954e-10
0
2.92971e-21
-2.9307e-10
0
4.53136e-21
-4.5329e-10
0
2.09451e-21
-2.09522e-10
0
2.09342e-21
-2.09414e-10
0
2.09238e-21
-2.09309e-10
0
2.09385e-21
-2.09457e-10
0
5.23053e-21
-5.23232e-10
0
8.46492e-22
-8.46782e-11
0
1.87963e-21
-1.88028e-10
0
6.21733e-21
-6.21946e-10
0
4.68231e-21
-4.68392e-10
0
4.53154e-21
-4.53309e-10
0
2.0936e-21
-2.09431e-10
0
4.81549e-21
-4.81715e-10
0
-2.05063e-21
2.05133e-10
0
3.87002e-21
-3.87136e-10
0
-1.97683e-21
1.97751e-10
0
9.39559e-22
-9.39886e-11
0
2.69323e-21
-2.69417e-10
0
3.35212e-21
-3.35329e-10
0
3.1401e-21
-3.14119e-10
0
8.53751e-22
-8.54048e-11
0
2.85922e-21
-2.86021e-10
0
4.17869e-21
-4.18015e-10
0
4.18674e-21
-4.1882e-10
0
1.10807e-21
-1.10846e-10
0
9.63099e-22
-9.63438e-11
0
7.65797e-22
-7.66066e-11
0
4.89351e-22
-4.89523e-11
0
5.02591e-22
-5.02767e-11
0
2.21974e-22
-2.22052e-11
0
-8.85557e-22
8.85868e-11
0
1.02021e-21
-1.02057e-10
0
-2.37237e-21
2.3732e-10
0
-7.08844e-22
7.09093e-11
0
1.78707e-22
-1.7877e-11
0
8.37947e-22
-8.38242e-11
0
-1.12975e-21
1.13015e-10
0
7.11559e-23
-7.11809e-12
0
-4.18555e-21
4.18703e-10
0
-6.64805e-22
6.65041e-11
0
1.62936e-21
-1.62994e-10
0
-7.80775e-23
7.81052e-12
0
-5.05143e-22
5.05323e-11
0
-2.85721e-21
2.85822e-10
0
-3.43481e-21
3.43603e-10
0
-2.92483e-21
2.92587e-10
0
-1.64943e-21
1.65001e-10
0
-2.18868e-21
2.18945e-10
0
-2.26254e-21
2.26335e-10
0
1.05197e-21
-1.05234e-10
0
-2.88817e-22
2.8892e-11
0
-2.09403e-21
2.09478e-10
0
-2.29365e-22
2.29447e-11
0
-1.08704e-21
1.08743e-10
0
-4.18889e-21
4.19039e-10
0
1.03315e-21
-1.03352e-10
0
-3.86697e-21
3.86835e-10
0
-2.09468e-21
2.09543e-10
0
-3.89488e-21
3.89628e-10
0
-1.99025e-21
1.99096e-10
0
-3.86586e-21
3.86724e-10
0
1.25439e-22
-1.25484e-11
0
-4.18008e-21
4.18157e-10
0
-2.08425e-21
2.085e-10
0
1.36937e-23
-1.36986e-12
0
4.84657e-26
-4.84831e-15
0
-8.37721e-22
8.38023e-11
0
-1.04716e-21
1.04754e-10
0
-3.13895e-21
3.14008e-10
0
1.45666e-26
-1.45718e-15
0
-7.67589e-22
7.67866e-11
0
2.84682e-26
-2.84785e-15
0
-1.04731e-21
1.04769e-10
0
4.45448e-26
-4.45609e-15
0
3.00113e-26
-3.00221e-15
0
-8.37761e-22
8.38063e-11
0
-3.31386e-07
33150.5
0
-1.04735e-21
1.04773e-10
0
-1.04735e-21
1.04773e-10
0
-1.04735e-21
1.04774e-10
0
-2.0945e-21
2.09527e-10
0
-1.04736e-21
1.04774e-10
0
-1.04715e-21
1.04753e-10
0
-1.04734e-21
1.04772e-10
0
-2.09466e-21
2.09543e-10
0
1.04733e-21
-1.04765e-10
0
-1.15213e-21
1.15249e-10
0
-1.04296e-21
1.04328e-10
0
5.2347e-22
-5.23633e-11
0
-5.23694e-22
5.23859e-11
0
-5.75716e-22
5.75898e-11
0
5.23673e-21
-5.23839e-10
0
1.25627e-21
-1.25667e-10
0
1.25635e-21
-1.25675e-10
0
2.0907e-21
-2.09137e-10
0
8.33952e-23
-8.34223e-12
0
8.37861e-23
-8.38133e-12
0
2.20251e-21
-2.20322e-10
0
-8.37868e-22
8.38142e-11
0
-3.14202e-21
3.14304e-10
0
-3.14201e-21
3.14304e-10
0
-3.1369e-21
3.13792e-10
0
-8.58855e-22
8.59136e-11
0
-3.13935e-21
3.14039e-10
0
-3.14135e-21
3.14239e-10
0
-3.14195e-21
3.14299e-10
0
-3.14215e-21
3.14319e-10
0
5.23693e-22
-5.23868e-11
0
5.76064e-22
-5.76256e-11
0
-5.76057e-22
5.7625e-11
0
-5.23688e-22
5.23865e-11
0
-5.23693e-22
5.23869e-11
0
2.09396e-21
-2.09467e-10
0
2.09435e-21
-2.09506e-10
0
3.13929e-21
-3.14036e-10
0
2.09381e-21
-2.09452e-10
0
6.28346e-21
-6.28559e-10
0
2.09467e-21
-2.09538e-10
0
2.09465e-21
-2.09536e-10
0
2.08184e-21
-2.08255e-10
0
3.87501e-21
-3.87633e-10
0
2.09342e-21
-2.09414e-10
0
3.87185e-21
-3.87317e-10
0
6.20789e-22
-6.21003e-11
0
3.87154e-21
-3.87287e-10
0
4.18681e-21
-4.18827e-10
0
3.43763e-22
-3.43883e-11
0
3.13801e-21
-3.1391e-10
0
1.89745e-22
-1.89811e-11
0
1.83355e-21
-1.83419e-10
0
1.93579e-22
-1.93647e-11
0
-1.14619e-22
1.14659e-11
0
2.60881e-21
-2.60973e-10
0
9.84285e-23
-9.84631e-12
0
-1.50237e-21
1.5029e-10
0
2.0112e-21
-2.01191e-10
0
-4.74573e-22
4.7474e-11
0
-1.94615e-22
1.94684e-11
0
-6.16791e-22
6.17009e-11
0
-5.24614e-22
5.248e-11
0
-4.30559e-22
4.30711e-11
0
8.15394e-22
-8.15683e-11
0
-1.0276e-21
1.02796e-10
0
-4.84894e-22
4.85066e-11
0
-3.36465e-21
3.36585e-10
0
-2.5163e-21
2.51719e-10
0
-2.09455e-21
2.0953e-10
0
-4.18879e-21
4.19029e-10
0
-4.18403e-21
4.18552e-10
0
-2.03199e-21
2.03272e-10
0
-4.69585e-21
4.69753e-10
0
-1.82604e-21
1.8267e-10
0
-2.09469e-21
2.09544e-10
0
-2.09209e-21
2.09284e-10
0
3.99662e-26
-3.99806e-15
0
1.71627e-25
-1.71689e-14
0
-1.0473e-21
1.04768e-10
0
-3.10603e-21
3.10715e-10
0
-1.04636e-21
1.04674e-10
0
-3.12957e-21
3.1307e-10
0
7.71487e-26
-7.71765e-15
0
-1.04735e-21
1.04773e-10
0
-3.14179e-21
3.14294e-10
0
-1.0469e-21
1.04729e-10
0
1.0474e-21
-1.04772e-10
0
-1.04734e-21
1.04766e-10
0
5.2343e-22
-5.23594e-11
0
1.2564e-21
-1.25681e-10
0
1.25683e-21
-1.25723e-10
0
2.09489e-22
-2.09557e-11
0
-3.14215e-21
3.14319e-10
0
5.2369e-22
-5.23865e-11
0
5.23677e-22
-5.23852e-11
0
-5.76053e-22
5.76246e-11
0
-5.23693e-22
5.23869e-11
0
-5.23664e-22
5.2384e-11
0
-5.23684e-22
5.23861e-11
0
2.09422e-21
-2.09493e-10
0
-1.99882e-21
1.99951e-10
0
4.18518e-21
-4.18663e-10
0
3.14192e-21
-3.14301e-10
0
3.1384e-21
-3.13949e-10
0
1.30584e-21
-1.3063e-10
0
2.6301e-21
-2.63101e-10
0
1.3567e-21
-1.35717e-10
0
3.14004e-21
-3.14113e-10
0
1.82036e-21
-1.821e-10
0
-1.9386e-21
1.93928e-10
0
1.75514e-21
-1.75577e-10
0
-1.19312e-23
1.19354e-12
0
8.61333e-22
-8.61641e-11
0
-8.61019e-22
8.61329e-11
0
6.8254e-26
-6.82786e-15
0
-1.04664e-21
1.04702e-10
0
-5.23596e-21
5.23786e-10
0
4.18933e-21
-4.19068e-10
0
5.23687e-22
-5.23862e-11
0
5.23694e-22
-5.23869e-11
0
-5.23693e-22
5.23869e-11
0
-5.23693e-22
5.23869e-11
0
2.0947e-21
-2.09541e-10
0
3.85976e-21
-3.86109e-10
0
-4.17266e-21
4.17416e-10
0
-3.13996e-21
3.1411e-10
0
5.23654e-21
-5.23833e-10
0
