-5.22892e-08
6.51381e-46
1.20179e-07
-5.27851e-09
6.06397e-72
0
-4.74306e-09
1.79023e-71
0
1.14565e-09
1.10607e-72
0
3.74153e-09
4.13682e-59
0
-2.33667e-08
-3.04149e-63
0
-1.45339e-11
1.56748e-61
0
-6.19679e-11
6.9836e-76
0
5.20294e-12
-3.22879e-76
0
-1.40306e-12
1.99469e-77
0
-7.91566e-12
3.04495e-77
0
-7.07114e-13
2.27317e-77
0
7.84559e-09
-3.82355e-74
0
-5.37645e-12
4.76026e-78
0
-1.23714e-10
-1.31931e-78
0
-5.52982e-11
1.43448e-39
0
5.75133e-08
5.346e-56
0
-1.93596e-09
-1.11479e-64
0
-1.84521e-10
2.88904e-74
0
-3.70812e-13
-9.66573e-73
0
6.98859e-10
2.17126e-73
0
5.05385e-10
5.11385e-76
0
1.00335e-09
4.80506e-75
0
-3.14874e-09
-1.79303e-59
0
-1.71635e-08
-2.49812e-61
0
-2.10791e-10
2.16896e-75
0
-7.9476e-10
-7.63356e-62
0
-1.32329e-10
-2.59277e-70
0
-6.5776e-10
2.20196e-73
0
-6.09967e-10
5.12107e-70
0
9.48976e-11
-8.46528e-76
0
-7.42943e-12
-2.17388e-77
0
-1.52538e-11
-3.7505e-77
0
-7.55053e-11
2.11237e-76
0
2.71863e-08
7.67636e-74
0
5.37706e-10
3.52068e-76
0
2.15037e-10
2.6096e-77
0
-3.15749e-11
-5.78945e-78
0
-9.61757e-11
7.12104e-70
0
-1.10636e-07
-1.0395e-42
-6.91043e-08
5.78237e-08
2.74225e-49
0
-5.44336e-09
1.19751e-67
0
-7.05743e-10
1.59443e-69
0
1.17551e-09
1.047e-72
0
-5.77851e-10
2.24989e-73
0
-3.97118e-10
2.27901e-74
0
1.38549e-09
-8.50682e-76
0
-5.3626e-09
-8.21835e-69
0
-1.2704e-11
-5.52679e-76
0
-3.47722e-12
5.05248e-70
0
-9.45605e-12
-3.85047e-63
0
-4.85245e-11
-3.40554e-69
0
-6.78085e-12
2.72028e-78
0
-2.97894e-10
-2.68665e-73
0
-5.42888e-12
9.34813e-78
0
-3.83973e-11
1.62144e-77
0
-4.03944e-11
-1.63896e-77
0
1.79648e-10
-2.18376e-76
0
1.85034e-08
1.27074e-75
0
-2.72147e-10
-1.29171e-76
0
1.68269e-09
6.31589e-35
0
1.78771e-09
2.50581e-26
0
-2.03303e-08
2.20439e-54
0
-1.39511e-08
2.23046e-60
0
-8.22512e-11
-3.82502e-73
0
-8.39142e-11
-4.85602e-73
0
1.06597e-10
-2.56254e-73
0
5.52187e-10
7.40648e-75
0
-2.01044e-11
-1.33151e-65
0
4.01015e-11
-1.9913e-76
0
5.09439e-11
2.47289e-73
0
-2.13854e-12
-9.52733e-76
0
-7.87602e-11
-1.12942e-77
0
7.02134e-10
1.29372e-76
0
3.87545e-09
9.60526e-75
0
-1.60048e-09
2.74185e-75
0
-1.30945e-10
-3.49175e-77
0
-1.55949e-07
-1.71648e-40
-2.16097e-07
1.08779e-07
2.45409e-48
0
9.61829e-08
4.27081e-61
0
5.70751e-10
-2.51123e-71
0
-7.75282e-10
-3.49016e-73
0
-1.1146e-09
2.3561e-74
0
3.41436e-11
3.09573e-67
0
5.05037e-10
2.47249e-75
0
6.54558e-10
-2.03387e-67
0
-1.27298e-10
3.67451e-69
0
-1.38273e-08
-6.86884e-69
0
-5.21146e-09
8.52451e-76
0
-8.88723e-10
1.33091e-75
0
4.59444e-08
-2.83803e-73
0
2.6138e-10
-1.2428e-76
0
-5.81664e-12
3.3554e-72
0
-1.16542e-13
1.50013e-61
0
1.72924e-07
-6.76992e-49
0
-4.79858e-09
-3.34826e-74
0
-3.20012e-09
-2.24348e-75
0
-1.91268e-09
2.89206e-68
0
1.30565e-09
3.62791e-76
0
1.50455e-10
-5.26996e-75
0
7.35098e-10
-1.08503e-66
1.08631e-08
-4.56814e-08
-8.60452e-72
0
8.32806e-09
4.63661e-69
0
6.77421e-10
1.18081e-75
0
-2.35999e-08
1.46388e-72
0
3.55927e-08
-1.75792e-74
0
1.60429e-08
5.6676e-65
0
-3.51307e-09
-2.40087e-77
0
-1.30233e-10
5.18852e-78
0
1.5819e-11
-3.3643e-30
0
3.00419e-12
-1.37657e-16
-1.37656e-14
-6.75534e-07
-1.02018e-46
3.35802e-12
2.3192e-07
5.57174e-50
0
2.30568e-07
1.25744e-54
0
-1.00454e-08
-1.14129e-68
0
3.22346e-09
-1.05187e-70
0
-7.3995e-09
-1.00982e-70
0
-5.83091e-08
-3.72472e-72
0
-2.89888e-08
-3.02299e-71
0
-4.31519e-08
-1.72337e-72
0
-9.60767e-09
-1.11872e-71
0
-3.336e-10
2.48576e-74
0
-2.84451e-09
9.96572e-75
0
-1.12316e-10
-6.89221e-76
0
3.17928e-10
1.22917e-67
0
1.26204e-09
-1.12208e-66
0
-3.3927e-10
7.58997e-75
0
-1.33321e-09
2.90426e-71
0
1.16232e-09
-5.45498e-75
0
-3.17586e-10
-2.6873e-76
0
-1.4798e-10
-1.22723e-76
0
1.5919e-09
6.86203e-74
0
3.32384e-10
-2.74423e-74
0
3.47035e-11
7.94243e-68
0
2.42093e-08
-7.10663e-67
0
1.55958e-08
-1.05138e-73
0
-8.54001e-10
2.78063e-76
0
-2.61749e-09
-1.53416e-51
0
2.53433e-09
-1.35525e-71
0
-5.21045e-08
-1.66203e-71
0
-1.00725e-10
-1.41043e-73
0
1.7061e-09
3.21026e-68
0
-6.23297e-08
-1.45534e-74
0
2.77946e-09
-6.38811e-73
0
-9.21683e-10
6.81264e-77
0
2.63725e-09
4.16279e-73
0
-1.22147e-12
-4.90533e-72
0
-2.21168e-10
1.76244e-63
0
-3.14344e-12
1.2501e-76
0
-1.15038e-08
-3.18593e-76
0
2.12469e-10
4.70043e-63
0
-1.95001e-10
2.30331e-21
0
-8.54542e-09
-6.36237e-49
8.69043e-12
1.55817e-08
3.17474e-53
0
-5.64737e-09
-2.03896e-65
0
1.30902e-08
-2.66521e-68
0
7.10252e-11
-4.99106e-72
0
-1.3046e-08
1.08639e-72
0
-7.36434e-09
1.33869e-73
0
-3.54766e-10
1.18823e-73
0
5.08453e-11
-1.06835e-75
0
-1.11851e-10
-2.06123e-76
0
-5.2779e-10
-1.0396e-77
0
-4.41295e-09
-8.02448e-77
0
-6.80615e-10
9.34262e-76
0
5.3006e-10
5.88899e-76
0
-1.71236e-10
2.07452e-75
0
-1.09555e-11
5.0807e-66
0
9.27855e-11
2.22519e-76
0
4.12959e-11
2.40986e-77
0
-4.41965e-10
-1.38468e-76
0
-6.63556e-11
-9.51635e-57
0
-1.37991e-07
9.65707e-49
0
-1.13389e-08
7.42371e-54
0
-4.06955e-10
-2.32502e-74
0
1.30536e-09
-1.9496e-72
0
4.22463e-09
4.56215e-72
0
2.91996e-09
-1.77291e-59
0
-4.03295e-08
8.88035e-67
0
-5.62702e-11
-2.44922e-76
0
-4.64631e-10
-2.46507e-65
0
-7.8567e-11
-1.72821e-69
0
1.51327e-10
9.95465e-76
0
-3.36239e-11
3.99e-77
0
-3.90808e-11
-2.21013e-76
0
5.24871e-08
-4.64756e-74
0
1.28391e-10
-2.69978e-77
0
-7.50681e-13
3.01161e-78
0
-4.47977e-11
7.06286e-80
0
-1.99151e-10
4.48686e-81
0
-1.28541e-09
-1.57674e-68
0
-5.28323e-10
5.51556e-72
0
-7.19355e-10
1.48737e-72
0
1.24009e-09
-6.83345e-73
0
1.17876e-10
4.41288e-73
0
-4.64482e-09
-1.11504e-73
0
-4.28096e-12
-9.12589e-75
0
8.38426e-10
3.47871e-75
0
2.24155e-09
3.41015e-75
0
-6.3746e-10
-4.65531e-70
0
-2.32894e-09
1.47593e-61
2.51592e-08
-1.40428e-09
7.72882e-63
0
1.60597e-08
1.38795e-45
0
5.11874e-11
8.15564e-75
0
5.56749e-12
-1.6645e-77
0
-3.17343e-11
-1.32564e-77
0
-2.32684e-11
-3.62547e-77
0
-8.43137e-11
3.68601e-77
0
1.95329e-08
5.21837e-74
0
4.14107e-08
2.6734e-73
0
-1.27248e-09
8.11739e-76
0
2.96987e-11
4.53512e-77
0
3.10819e-10
9.03786e-78
0
-3.34104e-11
-7.75033e-78
0
-2.17396e-10
2.63223e-64
0
8.16366e-10
1.93149e-36
0
7.62568e-10
2.72743e-23
0
7.18355e-08
-1.18297e-44
2.8043e-12
-1.60376e-08
1.45011e-63
0
6.35303e-08
2.9744e-69
0
-1.03102e-08
-1.68563e-68
0
-1.0056e-09
-1.22592e-72
0
-5.42005e-10
2.0364e-72
0
3.89676e-09
-2.82799e-73
0
5.24515e-09
-5.29455e-75
0
-4.90062e-09
-9.60483e-65
0
-5.63865e-11
-1.28789e-76
0
-1.21194e-11
-9.53949e-76
0
-1.25142e-10
-3.2455e-63
0
-2.38017e-10
8.42538e-72
0
4.49744e-11
7.03093e-75
0
-7.17347e-11
1.13974e-77
0
-4.31552e-11
1.33211e-77
0
7.57038e-11
-1.27393e-76
0
1.1632e-09
-5.00708e-76
0
-2.70384e-10
8.59322e-69
0
-2.83828e-07
4.61731e-42
-2.79482e-07
1.10701e-07
2.50095e-50
0
1.41271e-08
4.21584e-58
0
4.17457e-09
-1.69787e-67
0
4.54287e-09
-5.08692e-70
0
-1.06063e-09
-4.93121e-73
0
6.56815e-10
-3.56207e-73
0
-9.18132e-11
-5.62682e-63
0
-1.64395e-11
3.32183e-73
0
-2.86841e-11
-2.51631e-63
0
-1.674e-10
3.93796e-70
0
-3.81924e-11
-1.6134e-78
0
8.52631e-11
-1.60387e-76
0
-1.80559e-11
-9.66785e-78
0
-6.42484e-10
1.85771e-77
0
1.52083e-10
1.39088e-75
0
3.63453e-09
5.10586e-75
0
1.987e-08
6.09405e-76
0
1.23924e-09
-4.5261e-78
0
-6.17182e-11
3.2348e-56
0
1.9749e-07
1.26287e-47
0
-2.61445e-08
3.16501e-51
0
-2.71487e-08
2.68528e-57
0
-3.00249e-09
1.1472e-72
0
-8.59349e-10
4.05969e-74
0
-9.40723e-09
-3.80306e-74
0
-1.18425e-08
-1.38624e-74
0
-6.89874e-10
4.08173e-75
0
1.22935e-10
4.562e-75
0
-2.01297e-10
-5.50467e-68
0
1.77002e-09
-1.93846e-73
0
1.90156e-08
6.15979e-72
0
-8.53912e-09
1.98638e-69
0
-3.26197e-10
9.00531e-73
0
1.00219e-09
1.0414e-74
0
-5.23781e-09
-7.20875e-76
0
-1.50592e-09
1.98063e-75
0
1.26355e-07
3.15525e-75
0
6.62645e-09
1.1604e-74
0
1.7816e-10
2.89797e-65
0
-1.1622e-09
2.47145e-78
0
-2.03526e-10
4.95081e-78
0
-8.46992e-12
3.15154e-67
0
-4.77692e-13
4.67463e-57
0
2.86026e-11
4.63509e-31
0
-3.84268e-12
-4.00912e-18
-4.01076e-16
-1.08009e-07
6.33621e-38
2.36784e-24
5.53532e-08
4.5153e-51
0
-1.15004e-08
-1.27035e-66
0
-6.83946e-09
-1.42441e-71
0
-3.02123e-08
-2.26587e-73
0
-2.41549e-09
2.26814e-73
0
-4.61711e-09
-1.32846e-74
0
-4.96963e-09
-6.30199e-74
0
4.22329e-10
8.52386e-76
0
-6.085e-10
-4.75597e-76
0
3.32175e-10
7.90115e-68
0
1.78219e-09
-5.31147e-67
0
6.94573e-09
-1.99206e-73
0
1.24101e-08
1.01657e-68
0
3.78196e-09
-3.06176e-74
0
-2.45626e-09
-8.0828e-76
0
-3.71429e-09
-8.43297e-76
0
3.09844e-12
-2.00026e-75
0
4.16615e-07
-2.4429e-49
1.53605e-06
-6.0622e-09
-4.95969e-77
0
1.93726e-11
-3.62017e-65
0
-1.08585e-10
-1.969e-51
0
5.83258e-12
-9.39775e-23
0
-1.31037e-07
3.58086e-38
-5.33535e-11
2.79323e-07
5.00724e-46
0
-2.2698e-08
-2.91896e-64
0
-1.71569e-08
8.46542e-71
0
-1.77864e-08
8.50952e-72
0
-8.76175e-08
1.14594e-70
0
1.00064e-09
2.90019e-71
0
3.52293e-09
-5.36465e-73
0
-3.4164e-09
1.72506e-73
0
3.05842e-09
-2.01703e-74
0
-6.47567e-10
1.16331e-72
0
-7.22024e-11
1.8154e-73
0
-6.76547e-10
-1.44243e-77
0
6.17672e-09
-4.92808e-73
0
5.45088e-12
2.38144e-69
0
7.86201e-09
9.5673e-74
0
-1.70358e-09
-5.65565e-75
0
1.51431e-10
-1.41744e-32
0
1.96474e-11
-8.06587e-18
-8.06708e-16
2.74772e-07
6.13039e-57
0
1.4216e-08
-9.67218e-73
0
-5.92632e-10
-2.34021e-72
0
-2.91581e-08
8.62528e-73
0
-9.70238e-10
-1.02375e-72
0
-1.7121e-08
-2.06447e-73
0
-6.93507e-10
1.41291e-75
0
7.23845e-11
-2.49415e-75
0
-7.51109e-11
3.59201e-76
0
3.28609e-10
1.18858e-68
0
3.36615e-09
-3.52924e-67
0
2.3003e-08
-1.86922e-70
0
1.13989e-08
-1.96573e-73
0
-1.53785e-09
-9.27612e-76
0
1.19381e-10
-6.01871e-72
0
3.43709e-11
1.35998e-66
0
1.68417e-11
1.85194e-77
0
-5.57896e-10
1.50936e-78
0
-2.8512e-10
-2.4237e-54
0
-2.35503e-08
6.42687e-51
0
4.51345e-11
3.07282e-76
0
-2.41519e-10
3.75471e-77
0
4.71227e-08
-1.72202e-74
0
-3.14344e-09
-1.08988e-76
0
2.5781e-11
1.009e-75
0
1.57017e-11
-1.1546e-69
0
8.76847e-11
1.76983e-76
0
-1.22289e-09
3.38294e-77
0
1.3526e-10
2.01158e-62
0
3.88847e-08
1.28637e-56
0
-1.42161e-07
-1.51431e-65
0
3.73407e-11
1.20747e-72
0
-2.174e-11
7.91549e-73
0
-7.38127e-10
-3.20271e-75
0
8.94732e-10
-6.92503e-77
0
2.67072e-10
1.1988e-76
0
-1.11321e-10
4.20538e-75
0
2.08575e-09
-1.1127e-68
0
8.52733e-10
8.34749e-78
0
6.42446e-08
3.71799e-74
0
3.77345e-08
-4.52583e-74
0
7.23415e-09
7.00352e-77
0
-4.00313e-09
9.66494e-71
0
1.38908e-09
-2.36229e-71
0
2.24902e-09
-2.46143e-66
0
2.44673e-10
-2.48023e-78
0
1.84838e-11
-8.19086e-79
0
6.79166e-10
5.90259e-56
0
-3.05688e-09
-8.21408e-44
0
9.93343e-09
-4.95452e-15
-5.04061e-13
-1.30541e-07
4.5174e-49
0
-2.80552e-07
-1.0161e-63
0
-2.47629e-10
5.34266e-72
0
-3.99169e-10
4.78029e-74
0
-3.7833e-08
1.40767e-66
0
-1.16425e-09
1.63167e-74
0
-4.67854e-09
9.96198e-75
0
7.98349e-10
-8.1764e-77
0
7.84257e-10
4.97045e-68
0
1.17403e-10
-1.36341e-67
0
2.44775e-09
-6.46365e-76
0
-9.4509e-09
1.02045e-76
0
-1.84999e-08
7.02663e-77
0
7.11559e-10
-1.05941e-76
0
2.83016e-09
1.07575e-69
0
1.36796e-09
1.51663e-74
0
1.23596e-11
3.88183e-78
0
-9.52332e-11
8.28988e-74
0
-3.74993e-10
1.91744e-65
0
2.25479e-09
3.9756e-28
0
-3.20027e-07
1.64871e-43
2.09147e-10
1.91549e-07
-2.72198e-66
0
1.87095e-07
4.50632e-66
0
-4.42543e-08
-7.48698e-68
0
2.4463e-08
-6.96479e-71
0
-1.68337e-08
1.02324e-71
0
-2.6825e-08
2.34332e-62
5.96384e-08
-1.18949e-08
-3.29707e-66
0
-1.3972e-08
-3.57503e-74
0
4.58164e-12
-2.81495e-75
0
7.62684e-10
4.05404e-76
0
1.32295e-09
7.2336e-75
0
-7.29991e-11
-1.11411e-76
0
-7.58061e-10
-5.43158e-77
0
-3.59985e-10
-3.82313e-77
0
1.3169e-10
1.66051e-74
0
8.83026e-13
-9.02347e-78
0
-8.28302e-11
-6.6009e-56
0
-6.90241e-10
-2.29048e-26
0
-5.10687e-07
1.6911e-40
-2.79905e-07
2.00798e-08
-3.66775e-52
0
-5.59964e-08
-1.31878e-68
0
-4.40699e-09
-1.3017e-72
0
-3.71779e-09
-3.29187e-74
0
-7.91475e-09
-1.30319e-74
0
2.96968e-11
7.94013e-67
0
6.39531e-12
-5.01124e-76
0
1.71048e-11
-2.22533e-76
0
6.6424e-12
-2.36971e-76
0
-1.47345e-10
-3.24901e-76
0
9.39854e-10
-3.05383e-75
0
-3.56131e-10
-8.0115e-75
0
2.47171e-10
-1.88168e-76
0
2.42705e-10
9.86932e-70
0
2.02213e-11
-3.73981e-77
0
-4.29307e-10
1.15431e-78
0
-2.43301e-11
-5.23665e-66
0
1.19665e-10
-1.38391e-54
0
-1.53528e-08
-2.11309e-44
1.21227e-11
2.0517e-08
5.69185e-45
0
1.55143e-08
1.15317e-66
0
5.48271e-09
-7.51211e-68
0
1.58219e-07
1.1026e-67
0
3.44831e-09
-8.0983e-71
0
-4.57555e-08
-3.19587e-62
0
-2.33045e-10
-2.16172e-66
0
7.27951e-12
-3.81976e-67
0
4.75104e-12
4.93186e-69
0
4.85329e-11
-1.63774e-67
0
2.30215e-11
2.82412e-75
0
-6.11338e-11
1.6035e-76
0
4.3804e-11
9.40975e-77
0
-1.89957e-11
-3.3441e-77
0
-4.36798e-10
3.52215e-77
0
-5.45675e-10
3.03443e-76
0
1.67056e-10
3.61421e-76
0
1.47321e-10
1.98621e-76
0
3.68028e-11
-2.06486e-55
0
5.73943e-11
-4.90469e-34
0
7.89666e-07
3.91718e-43
-7.12421e-25
9.31231e-07
5.71797e-52
0
-4.00416e-07
-4.60387e-65
0
6.70966e-11
-1.66174e-71
0
-9.34235e-10
1.20219e-63
0
-1.90746e-10
-3.5638e-67
0
1.75271e-10
-4.34377e-74
0
1.42519e-11
-1.36797e-68
0
-4.7975e-11
-9.18288e-77
0
2.14953e-11
-4.84047e-78
0
-5.71709e-11
-1.20482e-77
0
-5.77708e-09
2.1446e-75
0
3.60948e-10
-7.88752e-78
0
2.97963e-10
-2.14913e-75
0
3.74612e-10
1.10713e-76
0
-3.5874e-12
4.07389e-78
0
-9.3097e-12
-9.26965e-77
0
-3.88221e-12
9.01087e-78
0
-7.10363e-08
4.35241e-43
4.0828e-10
-1.27379e-07
7.54331e-50
0
2.48807e-07
-3.3363e-57
0
5.53308e-08
-8.1221e-67
0
-6.06222e-09
2.98369e-66
0
-9.08086e-09
-8.27512e-72
0
-1.42376e-09
2.31604e-70
0
-1.43878e-09
5.28758e-75
0
-1.11316e-09
-3.18507e-75
0
2.23339e-10
2.47808e-68
0
4.31516e-09
2.40851e-75
0
2.23522e-09
-2.52714e-66
0
8.50921e-11
-1.4524e-69
0
4.12485e-11
-2.94672e-79
0
-6.37184e-10
1.75663e-77
0
-1.11201e-09
-5.03987e-78
0
-2.12646e-09
-6.19605e-76
0
4.43325e-10
8.24137e-75
0
5.09801e-09
7.31407e-52
0
8.08531e-10
2.97568e-56
0
3.23449e-10
1.43393e-68
0
-2.13916e-10
-7.5734e-73
0
-2.69933e-10
-9.96339e-74
0
-5.65574e-09
-1.01953e-71
0
1.2498e-08
-5.81363e-76
0
6.7983e-09
-1.22889e-74
0
3.25592e-11
6.68212e-76
0
-1.58072e-11
-1.15105e-75
0
-3.10351e-11
3.62944e-69
0
-1.09015e-08
-6.97034e-45
7.43583e-07
2.99369e-10
3.58035e-75
0
5.75138e-12
1.45654e-77
0
-5.83108e-11
1.19295e-77
0
-4.87225e-11
3.91418e-77
0
2.82586e-11
-3.92554e-77
0
2.19201e-08
-3.07106e-74
0
6.94e-09
-5.97754e-74
0
-2.06311e-10
-7.94122e-76
0
1.73552e-10
-9.88461e-78
0
-3.18047e-11
7.25232e-78
0
-2.71236e-10
-7.9356e-79
0
-8.6251e-11
1.19903e-65
0
-7.47524e-11
5.76079e-28
0
4.27068e-08
-3.77054e-69
0
-1.68239e-09
1.82761e-70
0
7.00807e-10
-1.20889e-72
0
-8.02961e-09
-3.56729e-73
0
4.1703e-08
-1.2912e-62
0
-1.06737e-11
4.92361e-68
0
-2.26585e-10
-2.23685e-74
0
-8.07753e-11
2.80408e-72
0
1.95825e-11
-1.3738e-75
0
-9.2415e-12
-2.07366e-77
0
-7.22799e-11
-2.8445e-77
0
-1.71216e-12
-2.47904e-77
0
6.65416e-09
1.03523e-75
0
2.61853e-08
2.11917e-73
0
3.19644e-08
2.87352e-73
0
6.99926e-10
1.38539e-76
0
-2.62477e-11
-5.41948e-78
0
1.61109e-10
-1.10703e-58
0
7.98903e-12
-4.31588e-17
-4.31603e-15
-1.34656e-09
6.16576e-72
0
-2.37167e-09
-2.58797e-73
0
1.09709e-11
4.19811e-74
0
-1.08692e-09
-1.76151e-75
0
3.30374e-09
-3.18928e-75
0
3.25115e-10
-8.43369e-62
0
-4.87168e-09
-5.41177e-73
0
-1.01393e-09
-6.24075e-74
0
7.62789e-08
-4.70296e-67
0
1.85456e-10
3.36085e-76
0
1.63114e-11
8.54489e-78
0
-8.47611e-11
7.32488e-78
0
-7.16548e-11
5.61372e-78
0
1.13466e-08
-7.49362e-75
0
3.4927e-11
-8.50248e-79
0
9.47101e-10
-2.03039e-77
0
-8.32638e-11
3.6445e-74
0
1.15388e-07
-4.11982e-47
2.46026e-13
9.64387e-09
5.10236e-69
0
5.85557e-09
-3.68948e-72
0
9.60201e-10
6.17272e-75
0
-4.33555e-10
-3.93965e-69
0
-6.36633e-11
6.46753e-76
0
3.52925e-12
6.2759e-66
0
-2.81388e-11
3.98094e-69
0
2.86377e-10
1.27445e-76
0
-1.10665e-09
-9.84632e-78
0
-3.66877e-10
-3.10301e-77
0
4.05989e-09
2.02141e-75
0
3.98978e-08
9.65679e-75
0
4.94696e-08
6.61025e-76
0
-1.93495e-09
1.10416e-76
0
1.6314e-09
1.1958e-76
0
-7.17619e-11
-2.60067e-78
0
1.15936e-09
1.7351e-25
0
2.99959e-10
-8.42471e-16
-8.42474e-14
3.31664e-07
-1.1853e-42
-2.75786e-08
-5.01725e-08
1.24791e-54
0
-3.24475e-09
9.46623e-73
0
-3.98227e-10
-2.22808e-74
0
-2.5457e-09
-2.73403e-65
0
-5.29097e-10
1.16608e-73
0
2.43049e-09
7.81429e-74
0
-8.39483e-10
2.63387e-73
0
5.35784e-10
4.89355e-75
0
2.05971e-08
3.55044e-73
0
1.06261e-09
6.17935e-74
0
2.05873e-09
3.20933e-67
0
-8.19027e-13
7.72794e-65
0
-4.65612e-07
-1.16978e-37
-8.78547e-07
-1.71699e-07
2.9557e-50
0
-1.57018e-08
-4.82393e-55
0
-5.67367e-08
-2.15493e-62
0
4.84044e-10
-2.13138e-72
0
-9.66344e-09
1.02758e-72
0
-3.63576e-09
2.20264e-72
0
-3.51704e-08
-1.48218e-73
0
-3.70003e-10
-2.25784e-74
0
2.73271e-10
2.46302e-76
0
-7.6314e-10
-3.65784e-73
0
-6.89819e-10
1.57749e-75
0
1.37261e-09
-5.94084e-73
0
-6.56094e-10
-6.11119e-77
0
-7.56178e-10
-2.36435e-77
0
-2.68132e-09
-7.87521e-77
0
2.15872e-08
1.57785e-76
0
3.59217e-08
-1.42767e-73
0
-2.0371e-08
8.34016e-66
6.8407e-08
1.38994e-08
1.65728e-76
0
3.07968e-08
4.73638e-61
0
3.20324e-08
-2.25737e-71
0
-2.22074e-08
-4.03029e-71
0
-2.74117e-08
-2.61775e-72
0
3.15819e-09
-5.91765e-74
0
-1.41399e-09
-8.75539e-77
0
2.22352e-08
2.1965e-74
0
5.43181e-09
-2.08206e-74
0
-7.79416e-12
2.04547e-72
0
6.3664e-09
-8.6899e-65
0
9.6731e-09
4.42106e-77
0
-1.87025e-08
3.11404e-75
0
1.13697e-10
-4.44002e-60
0
-2.10176e-11
6.40231e-25
0
-2.83748e-08
3.19307e-54
0
6.13382e-10
-2.73454e-59
0
-2.29053e-08
-4.35192e-67
0
1.47318e-10
-2.47543e-72
0
-5.83367e-10
-1.27654e-72
0
-9.5343e-09
-8.58744e-71
0
-1.50377e-10
2.84451e-75
0
-2.16877e-11
9.60372e-75
0
-8.50894e-10
-7.00577e-77
0
4.5645e-08
1.07274e-73
0
-2.75673e-09
-2.23037e-77
0
-1.42994e-10
-5.3259e-77
0
1.63824e-10
-2.21371e-75
0
-9.84481e-11
7.85247e-75
0
-2.9155e-10
1.40716e-67
0
7.34645e-09
3.94336e-59
0
-5.5003e-08
-6.0221e-67
0
3.05913e-08
6.35319e-73
0
3.03556e-11
-3.61638e-72
0
-4.58627e-09
1.51587e-73
0
-1.68852e-09
-4.86472e-73
0
5.25579e-10
-2.57955e-75
0
-6.98326e-09
-1.1129e-67
0
2.52046e-08
3.44734e-74
0
5.99234e-09
2.18391e-77
0
-1.70028e-10
-5.54954e-77
0
7.10089e-09
7.6264e-76
0
3.3136e-10
1.15492e-76
0
6.21688e-11
1.63842e-79
0
7.40912e-10
1.01401e-66
0
-2.04741e-09
-4.25603e-50
0
9.3357e-09
-2.98847e-16
-3.04566e-14
-2.66894e-07
1.29982e-45
7.56415e-24
-3.91225e-07
-2.0752e-62
0
3.38584e-07
-2.07234e-66
0
-1.03113e-09
1.50173e-72
0
6.43694e-10
3.51407e-72
0
-7.15329e-08
7.01137e-68
0
-2.00056e-09
-2.3825e-74
0
-1.86523e-09
-1.36711e-75
0
4.31689e-10
3.01622e-76
0
1.30384e-10
-5.28929e-76
0
-6.42769e-11
-3.94936e-77
0
1.79941e-09
1.23671e-67
0
1.67964e-10
1.11949e-71
0
8.23614e-09
-1.74645e-78
0
1.9942e-08
2.23993e-74
0
2.64143e-09
-3.38342e-77
0
1.90661e-09
-3.67574e-68
0
-1.0388e-09
-1.12654e-76
0
1.25622e-09
-1.21362e-67
0
4.65439e-10
-3.96476e-78
0
2.78702e-10
8.96732e-79
0
-5.00545e-10
3.05624e-69
0
-4.77797e-10
2.15219e-59
0
-3.30953e-08
7.41076e-46
1.19849e-11
-1.1689e-06
2.58168e-51
0
-8.63873e-08
-2.06625e-66
0
1.41787e-07
-2.52445e-69
0
8.55384e-09
-3.80662e-72
0
-2.02336e-09
1.68015e-74
0
-5.36449e-08
-1.49647e-67
0
-1.80292e-09
3.28714e-75
0
7.14961e-10
1.51967e-67
0
-1.81751e-08
-8.16717e-74
0
-3.45732e-09
-7.35009e-77
0
-1.48845e-08
2.8282e-76
0
1.3902e-08
-2.64088e-75
0
-3.02566e-10
3.52837e-67
0
-1.88449e-09
1.07584e-62
0
1.43175e-09
3.70629e-66
0
1.44438e-10
1.33712e-78
0
1.32366e-11
3.89854e-81
0
1.68044e-10
-1.40823e-46
0
4.72557e-10
1.40955e-32
0
-3.40737e-10
-4.30593e-22
0
-2.156e-06
2.55095e-45
2.12499e-24
2.45745e-07
1.17424e-67
0
-3.61768e-08
-8.77293e-70
0
1.36158e-08
-3.42963e-71
0
-3.04896e-08
1.01017e-72
0
-9.36268e-08
-1.13462e-65
0
-2.29676e-09
-5.5209e-71
0
7.01225e-10
-9.0133e-74
0
4.5409e-09
-1.07464e-65
1.05276e-08
8.25166e-11
5.33501e-70
0
1.17192e-10
1.11239e-71
0
4.40447e-10
-2.2815e-78
0
3.90862e-09
1.0754e-75
0
7.56491e-10
9.4847e-76
0
-6.15851e-09
2.00745e-77
0
-2.50636e-10
2.45644e-77
0
1.89058e-10
-5.02702e-76
0
8.44554e-10
-1.08282e-76
0
-6.34895e-12
5.99861e-78
0
-9.84484e-10
-2.37452e-79
0
-2.12091e-10
-1.19397e-78
0
-3.44937e-11
-5.42176e-62
0
1.73146e-06
2.91173e-42
-1.55062e-06
1.43823e-07
3.28374e-47
0
-1.43153e-07
7.44638e-53
0
1.6526e-07
5.93683e-66
0
1.59294e-09
8.19892e-64
0
-8.66535e-09
-6.26963e-66
0
-2.14973e-08
-1.79214e-74
0
9.21033e-12
-2.53032e-75
0
1.2443e-10
4.52627e-67
0
2.48689e-10
5.1791e-76
0
6.89777e-10
-2.91844e-76
0
3.35606e-12
-1.03792e-76
0
8.91365e-10
4.68226e-74
0
7.91983e-10
4.01705e-67
0
5.17679e-10
-7.7735e-76
0
4.4162e-10
4.34677e-72
0
1.30155e-10
-3.50414e-77
0
-3.6285e-11
8.44841e-78
0
-3.2553e-10
1.01138e-78
0
-2.15881e-10
7.38839e-78
0
-2.74828e-11
-1.73045e-70
0
-2.01071e-10
-1.35169e-59
0
-1.68109e-09
-4.06869e-30
0
-7.31097e-08
7.51144e-62
0
-2.64356e-08
1.69085e-63
0
-8.77218e-10
-4.25809e-75
0
-1.91528e-10
-4.64778e-74
0
-8.35775e-10
-1.61842e-74
0
-1.23018e-12
6.52331e-76
0
1.05796e-10
1.12663e-66
0
1.45929e-12
1.48963e-72
0
1.28433e-11
-9.08648e-76
0
3.2899e-11
-3.89091e-67
0
4.8234e-12
-5.70268e-77
0
8.93598e-11
5.19048e-77
0
-3.73401e-10
5.80857e-77
0
2.98028e-10
5.42943e-75
0
-8.68803e-10
-2.81344e-78
0
-5.86102e-11
-9.89448e-77
0
-2.41427e-11
-6.4015e-70
0
2.19464e-10
-6.17258e-79
0
2.2263e-11
-1.18161e-39
0
1.83417e-07
6.65348e-43
1.04912e-09
3.94646e-07
2.75565e-46
0
-5.69692e-08
-1.51809e-54
0
1.16668e-08
-8.85349e-66
0
-3.31648e-09
3.89269e-68
0
2.78324e-11
-1.21257e-71
0
-7.50206e-09
2.52051e-64
0
-9.47398e-11
1.60767e-68
0
1.75128e-10
-3.63059e-72
0
2.06825e-10
1.95343e-77
0
-1.55988e-10
-2.17815e-76
0
-1.65802e-10
-2.94688e-78
0
-4.68578e-09
1.47632e-75
0
3.49747e-10
-8.47315e-75
0
2.81322e-10
7.42377e-77
0
5.01718e-10
-2.98513e-75
0
-2.74453e-11
7.80391e-78
0
-1.46768e-12
-1.04181e-77
0
-2.51479e-12
-2.65715e-78
0
4.66987e-12
3.86694e-79
0
-4.17304e-07
-6.93701e-52
0
4.763e-08
4.59739e-59
0
2.22599e-08
1.1315e-65
0
-9.56171e-09
-2.52385e-69
0
-1.17424e-09
1.79275e-69
0
2.061e-10
-2.32433e-67
0
-6.49201e-10
-2.33384e-77
0
-4.23993e-09
-3.77898e-76
0
-2.56978e-09
6.83325e-75
0
1.71034e-10
3.36409e-74
0
1.34259e-09
-1.33919e-76
0
-1.46825e-09
-2.6214e-78
0
-3.24575e-10
1.35545e-76
0
-5.8705e-10
-6.6924e-81
0
-1.14172e-07
8.97931e-52
0
1.10604e-07
2.96826e-68
0
-8.63263e-09
9.12279e-67
0
-1.18313e-08
-1.15863e-71
0
-6.46985e-09
2.21138e-73
0
-6.35662e-11
-2.56843e-71
0
2.08087e-09
4.52308e-74
0
-7.55015e-11
3.7398e-67
0
1.13786e-10
-3.01418e-76
0
1.39314e-10
4.92596e-76
0
7.38207e-11
-4.3737e-67
1.10044e-09
2.43889e-12
-4.9174e-76
0
6.14655e-11
-1.24813e-75
0
-1.68083e-09
-3.68842e-77
0
-2.72449e-09
-1.65188e-77
0
-2.95515e-09
-3.7584e-76
0
3.27762e-10
-3.74844e-75
0
-2.06839e-09
-1.62737e-75
0
-3.42827e-09
2.24295e-74
0
3.20082e-11
-1.60926e-75
0
1.25261e-09
3.3656e-74
0
-4.2048e-09
-1.16444e-77
0
-3.58208e-09
8.12414e-77
0
-3.40805e-10
-2.94715e-76
0
-3.79883e-10
1.92917e-77
0
-1.4688e-09
-3.15906e-22
0
4.45187e-09
-6.48982e-15
-6.52486e-13
1.85251e-08
-1.67346e-39
3.56528e-09
1.52013e-07
1.16776e-53
0
9.32158e-08
1.40509e-61
0
-7.50728e-08
-3.83172e-66
0
-1.3319e-08
-5.40437e-70
0
-1.16175e-09
2.85485e-74
0
-1.98208e-09
9.81917e-75
0
3.94384e-10
8.07311e-76
0
4.73281e-09
6.25216e-73
0
-1.89362e-09
5.54533e-75
0
-2.20282e-09
-3.28093e-76
0
1.6006e-09
-8.4917e-74
0
4.20672e-10
3.05456e-75
0
2.14559e-10
3.13933e-75
0
3.91349e-10
1.64492e-78
0
-1.23907e-09
-2.36286e-77
0
-4.28495e-10
-1.43672e-77
0
-3.18781e-10
1.39368e-77
0
-1.3537e-09
8.99887e-56
0
4.51532e-07
5.28919e-60
0
6.10069e-09
5.70065e-67
0
-1.98242e-08
4.09075e-70
0
-4.65081e-08
-2.30711e-71
0
-2.6286e-08
-5.07523e-71
0
-9.1147e-11
-2.42641e-67
0
9.83493e-09
1.42206e-73
0
-9.10371e-10
1.38447e-75
0
-1.08151e-09
-2.28912e-77
0
4.29481e-10
-9.90673e-77
0
-8.47476e-10
-1.94395e-75
0
-1.84412e-10
-1.77753e-73
0
1.81754e-10
-2.25064e-79
0
-3.54119e-10
2.09642e-79
0
-1.54509e-10
8.66041e-79
0
-1.85623e-11
2.26049e-79
0
7.63826e-11
-5.71223e-18
-5.70563e-16
8.16656e-09
1.16195e-40
1.02774e-08
4.95932e-09
1.03058e-44
0
2.85074e-07
7.2519e-60
0
-8.26563e-10
2.4339e-64
0
-1.52587e-08
8.34677e-71
0
-2.49111e-08
2.80578e-71
0
-4.04853e-08
-4.13273e-62
0
-1.20732e-08
3.661e-64
0
-2.77325e-08
7.84488e-72
0
-1.84104e-08
-2.06971e-73
0
-5.75833e-10
1.15757e-75
0
7.94352e-10
8.67199e-76
0
5.72651e-10
3.14365e-68
0
1.43762e-11
-1.17966e-69
0
2.89619e-11
-7.19359e-76
0
-1.88254e-12
1.26399e-76
0
-1.09773e-11
-3.59678e-77
0
-2.71077e-12
2.46073e-79
0
-2.07674e-11
-2.10473e-78
0
-6.56523e-12
-1.17308e-77
0
2.59153e-11
1.19131e-76
0
-1.91321e-11
1.90593e-77
0
1.78772e-11
-2.91413e-77
0
1.45434e-11
3.50834e-79
0
-2.60654e-11
-3.1341e-78
0
-4.71463e-12
1.05577e-77
0
-5.81579e-12
3.45932e-80
0
-2.40138e-12
-1.82474e-70
0
7.12385e-08
1.00577e-50
0
-2.02271e-09
1.15407e-68
0
3.21444e-10
3.62757e-71
0
1.30363e-09
2.49957e-72
0
3.1569e-08
-7.39215e-74
0
1.15998e-08
-4.30483e-75
0
-2.25475e-09
3.06582e-59
0
-2.79524e-12
1.64499e-75
0
-1.36735e-11
-1.64631e-75
0
-1.47871e-11
2.16249e-77
0
3.73213e-08
-5.09847e-73
0
1.05777e-12
-1.60954e-76
0
6.57005e-11
-6.80059e-61
0
3.92125e-11
5.98982e-33
0
7.91e-11
-1.41848e-22
0
-8.27108e-09
6.45984e-54
0
-8.73434e-10
5.97163e-61
0
3.29826e-10
1.0718e-72
0
-1.24851e-09
-1.05407e-72
0
-7.82969e-09
-2.69708e-59
6.0019e-08
-5.75482e-11
9.72316e-72
0
2.85539e-10
4.25736e-76
0
-7.5401e-10
3.77033e-74
0
1.99574e-08
1.77076e-73
0
3.80621e-09
5.48536e-74
0
-2.01374e-10
3.08525e-75
0
2.62374e-09
-1.71887e-72
0
-1.80483e-09
5.45638e-74
0
-2.0665e-09
-6.47117e-74
0
2.05721e-09
-4.67081e-75
0
6.02606e-09
5.66616e-62
0
-9.38371e-09
1.84073e-63
0
8.79909e-12
-1.62181e-66
0
-3.04301e-11
9.27474e-66
0
-2.62446e-10
-1.60278e-71
0
-1.03957e-11
7.2119e-76
0
2.70835e-09
-1.91492e-75
0
5.13835e-08
-1.2481e-74
0
5.99448e-08
-3.96745e-74
0
5.17363e-10
-1.03724e-76
0
-7.83188e-11
2.52854e-78
0
-1.02247e-10
-3.61506e-78
0
3.96347e-10
-5.90976e-57
0
-1.52501e-10
-3.74013e-21
0
3.26069e-07
1.69593e-42
1.00001e-10
3.20302e-07
1.6665e-64
0
2.70501e-09
1.19057e-75
0
1.09123e-13
-8.02487e-68
0
-4.78119e-10
-1.49574e-73
0
-1.36575e-13
1.56009e-76
0
1.09794e-10
1.48117e-67
0
5.71889e-11
8.79686e-74
0
-7.58797e-10
4.96042e-67
0
7.7596e-10
-1.81346e-74
0
7.18963e-12
-9.72026e-78
0
-4.61544e-09
1.71168e-76
0
-3.65308e-10
-2.39093e-77
0
-1.70911e-09
-2.2549e-77
0
1.79809e-09
2.22777e-76
0
1.78039e-08
-6.17767e-76
0
-1.39112e-09
5.10898e-76
0
-3.27359e-11
3.03864e-77
0
-4.46054e-10
-3.74225e-78
0
3.9421e-11
3.98845e-60
0
-1.95948e-09
4.9986e-31
0
8.07261e-10
-6.16652e-20
0
6.58091e-09
8.03902e-69
0
7.87996e-09
-3.72157e-72
0
9.30435e-10
8.21142e-73
0
3.21061e-10
-2.13576e-74
0
-1.50052e-10
-2.65959e-74
0
1.78881e-09
-3.7592e-73
0
-1.18365e-09
7.56241e-76
0
-2.93959e-10
8.92203e-69
0
-1.01807e-09
1.02856e-76
0
-1.56876e-09
-2.69048e-75
0
-1.77624e-08
-6.14003e-75
0
-2.35118e-08
4.15821e-74
0
2.99148e-08
-1.67938e-72
0
1.56056e-09
-2.53407e-76
0
1.91836e-07
1.28902e-49
0
6.51551e-09
-3.97442e-72
0
5.33875e-09
1.11673e-72
0
-3.80965e-09
-7.74962e-74
0
6.57419e-10
2.83896e-75
0
9.27633e-10
3.65438e-73
0
1.00742e-11
1.37017e-69
0
-6.08032e-10
6.3116e-74
0
-1.74996e-09
4.10212e-73
0
-3.41876e-10
-1.84644e-76
0
-2.15347e-09
4.58412e-76
0
4.81592e-08
-6.69059e-75
0
2.7626e-08
1.0067e-67
0
5.16037e-11
3.51692e-69
0
3.51894e-12
-4.81371e-57
0
2.81017e-07
4.79443e-51
0
3.70866e-07
5.4319e-58
0
1.02884e-08
-3.03682e-70
0
-7.39205e-09
1.28838e-70
0
-8.21086e-08
4.35922e-72
0
3.19637e-10
6.60254e-75
0
6.51196e-09
-1.13768e-73
0
-2.16261e-09
-2.08977e-75
0
-1.95311e-08
1.9657e-73
0
1.22252e-08
1.53912e-73
0
-2.61184e-09
-1.1855e-76
0
8.3109e-10
1.00383e-75
0
3.45614e-11
4.34544e-76
0
-1.20852e-09
-1.60564e-76
0
1.17593e-10
-4.63438e-65
0
-3.4598e-10
-1.85619e-54
0
2.43019e-07
1.11269e-50
0
2.62277e-08
2.90838e-69
0
8.41514e-09
-2.81498e-72
0
-2.3351e-09
-9.40947e-73
0
1.17162e-09
1.30251e-72
0
-7.87457e-12
-3.13495e-74
0
-1.20771e-10
-7.32456e-77
0
4.30561e-08
-6.40091e-77
0
-9.11835e-09
-2.02017e-77
0
-9.50395e-10
7.82438e-78
0
3.69749e-09
8.99515e-75
0
-9.56211e-12
1.15391e-75
0
-5.0758e-12
3.2089e-76
0
2.01336e-10
-3.17129e-72
0
3.11059e-08
5.18092e-75
0
-4.68597e-12
-2.86831e-16
-2.86827e-14
-8.63215e-09
2.90684e-50
0
-3.26484e-09
1.31111e-60
0
8.65766e-08
5.3614e-69
0
2.16342e-09
-5.88657e-72
0
-2.31134e-08
-1.64428e-71
0
-5.25642e-09
5.19666e-74
0
-1.89371e-10
2.37709e-75
0
8.35502e-11
-3.1234e-75
0
1.67229e-11
4.39026e-75
0
2.12926e-10
1.15178e-64
0
1.71423e-11
3.67309e-65
0
8.66114e-10
8.71904e-68
0
2.12008e-08
-4.42471e-76
0
-1.18376e-09
-4.36145e-77
0
-2.30518e-09
-6.13746e-77
0
3.72118e-10
-1.45526e-71
0
1.38877e-09
4.5969e-75
0
-4.93056e-10
3.98265e-79
0
-1.82558e-09
7.43107e-75
0
-5.59759e-08
1.67895e-45
3.52873e-10
3.15116e-10
2.42938e-71
0
-3.66709e-10
1.91485e-72
0
-1.95804e-08
9.30898e-73
0
4.37421e-09
4.08466e-64
0
-2.56358e-08
-7.63346e-69
0
-6.28158e-09
-4.22341e-74
0
3.54072e-09
4.23978e-76
0
1.99438e-09
1.96028e-76
0
8.12077e-10
-1.70799e-77
0
-2.42092e-10
-1.1725e-62
0
1.08378e-09
-4.23906e-66
0
-2.70151e-09
1.26016e-72
0
-7.93504e-10
-3.18919e-65
0
2.83476e-09
-1.90533e-17
0
4.03326e-09
-1.63271e-71
0
1.27552e-09
-2.22266e-72
0
4.60645e-09
-1.00597e-72
0
-2.01786e-08
-2.62175e-69
0
9.34437e-10
2.53997e-76
0
-3.47521e-09
-8.98433e-77
0
-1.15935e-10
3.80091e-75
0
2.37232e-10
6.48875e-68
0
2.20376e-08
9.41794e-75
0
-4.77538e-09
-1.66766e-76
0
3.44152e-09
1.35286e-77
0
3.7827e-10
1.32878e-66
0
7.71088e-12
2.36026e-79
0
-1.80392e-10
-1.90471e-77
0
-1.45339e-09
-8.9976e-51
0
6.08531e-10
5.03003e-42
0
-7.00152e-09
-2.97152e-17
0
-1.8524e-07
3.08609e-42
-4.13908e-08
4.81764e-07
5.6769e-53
0
-3.71236e-09
9.12346e-61
0
9.93466e-09
-3.19687e-64
0
-5.11958e-09
-1.18027e-72
0
-1.64625e-09
-7.74269e-74
0
-4.46173e-09
-8.85008e-75
0
3.80769e-09
-1.57716e-75
0
1.19069e-09
9.17792e-67
0
1.48822e-09
-1.67917e-66
0
5.18983e-09
7.08843e-76
0
2.11181e-10
3.56833e-76
0
9.34747e-10
-3.54042e-76
0
-2.08394e-10
2.61348e-77
0
-5.36582e-09
1.36528e-76
0
2.19908e-10
1.52795e-70
0
1.62943e-10
-2.18823e-77
0
-3.0912e-11
9.42912e-79
0
-4.04811e-10
1.44263e-77
0
-3.91951e-11
-1.26959e-75
0
-9.78496e-11
2.29128e-37
0
5.54955e-07
4.62383e-44
0
3.72682e-07
-9.72321e-66
0
-3.39935e-07
-2.40674e-66
0
9.55814e-08
3.2513e-70
0
6.04759e-08
2.73814e-62
0
2.16051e-08
-8.97497e-65
0
2.00528e-09
1.15732e-74
0
6.23724e-12
-1.69365e-70
0
1.37164e-11
3.065e-71
0
5.29913e-11
1.16835e-68
0
8.30958e-11
-4.20061e-77
0
5.78179e-11
3.4486e-76
0
-5.14432e-11
-3.29042e-77
0
-8.10845e-10
-2.48375e-76
0
9.5518e-10
2.05427e-68
0
6.37483e-10
-1.12729e-75
0
6.2658e-10
7.37325e-71
0
-9.73588e-11
1.53632e-77
0
3.65407e-11
-5.76116e-77
0
4.94132e-10
-6.29226e-23
0
8.67715e-08
-5.47564e-46
-8.11132e-15
-7.06813e-08
1.34705e-65
0
-3.52441e-10
-1.66379e-71
0
-1.61879e-11
-4.67045e-74
0
-6.90373e-11
-1.83549e-74
0
1.87507e-11
-2.61086e-75
0
6.6827e-11
-4.81522e-70
0
-1.18014e-10
4.92403e-76
0
-1.22624e-10
-5.95241e-77
0
-4.9611e-09
2.51858e-76
0
2.66735e-09
4.26255e-75
0
8.12561e-11
2.22937e-77
0
-3.48118e-10
-1.35556e-77
0
-3.59381e-11
-5.29218e-77
0
1.66426e-11
1.69193e-75
0
-1.02074e-10
6.44845e-74
0
-3.74406e-07
2.93753e-51
0
1.97936e-08
7.79741e-60
0
5.30389e-09
8.03444e-66
0
-3.65184e-09
-6.70114e-72
0
-8.20867e-10
-4.52343e-74
0
-2.256e-09
-1.22894e-74
0
6.73251e-10
1.48618e-70
0
-1.72646e-09
2.96817e-66
0
2.42049e-10
-6.35555e-78
0
-2.39397e-11
-2.51882e-76
0
1.016e-09
-3.94346e-74
0
3.80742e-10
1.33257e-78
0
-2.18002e-11
6.34734e-78
0
-5.77929e-12
1.30637e-79
0
-6.36021e-07
2.41441e-66
0
9.21251e-10
-2.24039e-75
0
1.70553e-10
3.95115e-76
0
1.60377e-10
-7.15285e-78
0
-5.14309e-09
8.78685e-77
0
-8.08087e-09
-1.8537e-75
0
-2.39562e-10
-2.35576e-75
0
3.44673e-10
8.52857e-75
0
1.1209e-11
6.64236e-77
0
-2.35464e-11
-2.31592e-77
0
8.2156e-12
-2.14081e-77
0
2.49241e-09
-3.77739e-74
0
-3.6602e-09
4.87469e-78
0
-1.7775e-09
-7.61353e-77
0
-4.57473e-10
-8.67383e-79
0
-6.89201e-10
8.15448e-78
0
-1.74829e-09
-2.56471e-27
0
5.7643e-09
-1.48409e-16
-1.4985e-14
-3.173e-07
-1.99328e-54
0
1.69385e-07
-4.04383e-63
0
-4.59483e-08
-3.069e-68
0
-3.25715e-09
5.26166e-72
0
-9.3692e-09
-3.25146e-63
0
1.01213e-09
1.66596e-74
0
-5.58585e-10
1.45361e-67
0
3.43399e-10
8.67556e-75
0
8.27717e-10
6.80185e-76
0
1.07219e-11
3.68068e-70
0
3.02438e-11
6.4247e-69
0
-1.00592e-11
-3.47331e-76
0
-3.54527e-09
-2.49511e-77
0
-5.14158e-10
-1.07718e-75
0
-2.75463e-09
-4.55776e-73
0
-6.01245e-09
-9.10339e-75
0
3.43089e-09
-7.68997e-75
0
2.9191e-10
-3.45245e-75
0
-8.78637e-10
-1.22739e-74
0
1.09986e-09
-3.13153e-75
0
3.27257e-10
-9.05194e-78
0
-4.62699e-10
-5.80367e-77
0
-1.22574e-09
-2.36916e-78
0
-8.46791e-10
6.42667e-28
0
1.63482e-07
1.37298e-41
-1.61551e-10
9.14454e-08
1.66487e-50
0
2.77526e-09
-4.56291e-63
0
-4.78367e-08
1.86644e-68
0
-1.04354e-07
-3.06565e-71
0
-1.7576e-08
-2.73949e-74
0
-1.84802e-09
2.42335e-74
0
3.63323e-09
2.3051e-75
0
1.32439e-09
-1.88585e-67
0
3.66069e-09
4.84399e-75
0
-1.81711e-09
-1.30864e-75
0
-4.74692e-09
-2.2011e-76
0
-2.83458e-09
-3.5123e-75
0
-1.40771e-09
2.71496e-76
0
-5.03147e-10
-3.01242e-78
0
-4.13859e-09
-4.64087e-77
0
-5.01709e-10
-7.17951e-78
0
-2.17456e-10
8.29115e-77
0
-6.20053e-10
1.62458e-78
0
-2.31474e-09
-1.24333e-25
0
5.41024e-09
-4.23312e-16
-4.30255e-14
4.55822e-08
-2.83764e-59
0
2.77968e-08
-5.50118e-69
0
1.18216e-08
-2.56673e-71
0
-4.38664e-10
2.29667e-62
0
-2.68733e-08
-3.12158e-69
0
1.62656e-08
3.2101e-73
0
-1.05637e-08
-3.45434e-74
0
9.41092e-10
6.39008e-76
0
-2.37707e-09
8.05174e-73
0
-4.42932e-09
-6.00832e-77
0
-1.3844e-09
-1.6962e-74
0
8.0965e-10
1.04224e-77
0
-1.60473e-11
2.14393e-75
0
2.29475e-10
2.96647e-77
0
5.31743e-10
8.78463e-80
0
-1.89927e-09
-3.31164e-79
0
-2.92304e-11
2.90328e-78
0
-1.10013e-11
8.43345e-78
0
-4.64968e-12
-3.5186e-64
0
-7.54752e-09
3.29512e-43
0
5.44124e-08
1.21821e-45
0
7.2738e-07
1.60567e-60
0
2.07005e-08
4.33194e-68
0
-3.7194e-08
2.94107e-72
0
-9.64312e-08
-5.96372e-71
0
-6.02418e-08
-1.25808e-69
0
-3.85247e-08
5.42074e-63
0
2.62863e-08
-1.67883e-68
0
-1.65129e-10
9.32928e-68
0
5.80591e-10
-5.20317e-67
0
8.12941e-13
-1.14894e-76
0
-1.07609e-10
6.99218e-77
0
-2.74724e-11
-2.25965e-77
0
-5.75937e-11
-3.02175e-77
0
1.19539e-11
1.94909e-78
0
2.53344e-12
1.39044e-77
0
-1.20249e-11
1.26293e-77
0
5.27453e-11
5.13574e-79
0
3.21827e-10
-4.10514e-78
0
-2.33312e-11
-1.59575e-78
0
-2.68553e-11
-1.99201e-77
0
-4.50952e-11
6.50091e-78
0
-1.80917e-11
3.56765e-79
0
-1.37595e-11
-1.69786e-75
0
-3.89335e-12
7.8053e-33
0
1.95312e-10
-1.72162e-16
-1.72163e-14
-1.57054e-09
-8.60545e-65
0
1.04683e-09
-6.99492e-70
0
4.41057e-10
2.03779e-72
0
1.37331e-10
3.18386e-73
0
4.03722e-09
-2.14743e-73
0
-4.51506e-12
-3.44565e-75
0
1.29389e-11
1.8156e-77
0
-8.03885e-14
-3.79447e-76
0
6.80164e-08
-1.74693e-73
0
-1.37891e-08
-3.12368e-73
0
2.81173e-10
-3.80691e-76
0
7.96517e-13
-4.63881e-77
0
7.88314e-12
-1.03587e-79
0
4.86943e-08
7.46261e-50
0
-1.60446e-10
-2.59738e-73
0
-2.92287e-09
1.03031e-73
0
5.3423e-09
-9.61381e-66
0
-1.24013e-10
3.71462e-75
0
-1.16526e-10
3.95245e-78
0
5.58673e-13
6.61621e-29
0
3.95122e-08
3.56852e-52
0
1.57121e-08
3.68261e-60
0
4.55462e-08
6.26856e-66
0
1.75834e-08
-4.70843e-71
0
-1.71802e-09
-8.83859e-63
0
2.94877e-10
2.10989e-76
0
-5.73602e-14
1.32202e-77
0
3.64073e-08
-5.86485e-75
0
1.68687e-08
1.78614e-75
0
-7.93703e-10
-1.07522e-74
0
-1.20586e-10
-7.76447e-78
0
-5.00889e-10
9.87783e-63
0
-1.33599e-09
-4.49748e-73
0
-1.09823e-11
-1.38935e-73
0
-1.30566e-09
-1.29876e-74
0
3.44064e-11
-5.84802e-64
0
-3.38539e-11
3.58551e-76
0
-2.54923e-10
4.1054e-72
0
-3.60354e-09
3.01806e-74
0
8.47636e-10
-9.9064e-78
0
-2.36845e-10
1.3922e-67
0
-9.59478e-11
-8.57406e-52
0
-2.32602e-09
9.63427e-70
0
1.05137e-10
1.86569e-72
0
5.71878e-10
5.09851e-73
0
-4.10498e-10
5.0408e-74
0
1.44993e-10
-1.68249e-74
0
3.32011e-11
1.4615e-74
0
3.79391e-10
-7.41562e-69
0
1.05945e-10
-1.63482e-75
0
1.8922e-09
3.60185e-67
0
9.27099e-10
4.9869e-74
0
1.18985e-10
2.07295e-76
0
-4.07783e-08
3.30194e-74
0
9.07353e-08
9.13719e-74
0
-3.90655e-07
1.52117e-62
1.49622e-22
1.61919e-10
2.80896e-78
0
-2.79978e-09
1.51671e-77
0
-5.80785e-11
1.9603e-38
0
1.41227e-11
-1.1055e-25
0
-2.97838e-07
-2.93119e-57
0
8.85362e-10
2.48326e-72
0
-3.93448e-08
3.42997e-74
0
2.34824e-10
-7.71891e-74
0
2.98432e-10
3.0914e-65
0
6.84626e-09
-4.9964e-74
0
-6.91284e-11
3.308e-72
0
1.58549e-07
1.30101e-55
0
-1.64342e-10
5.63156e-72
0
1.23511e-09
6.34908e-69
0
-2.02346e-10
-1.44882e-77
0
4.412e-10
4.59959e-75
0
-1.93046e-09
-4.31881e-75
0
2.53731e-09
4.92014e-64
0
-2.78254e-07
1.57009e-46
0
4.13186e-07
5.95934e-62
0
-3.84074e-09
-8.7949e-73
0
1.58884e-08
-2.84265e-72
0
3.62057e-11
-4.4747e-75
0
6.30507e-10
-3.9533e-67
0
2.04455e-08
1.89866e-74
0
-5.72935e-09
-5.80085e-77
0
1.19831e-11
1.31883e-76
0
4.83365e-11
2.69189e-65
0
1.28614e-11
-4.97236e-78
0
1.45053e-08
-1.29044e-74
0
1.49842e-10
-9.66082e-59
0
4.99857e-10
-1.34502e-48
0
2.75648e-10
1.90734e-71
0
2.78442e-11
-7.41095e-72
0
-8.91167e-09
-4.47611e-73
0
-3.67132e-10
9.56724e-74
0
-7.92172e-11
1.76107e-74
0
1.18753e-11
2.81493e-75
0
-4.75148e-11
-1.22819e-74
0
-3.30499e-11
-1.17922e-64
0
-4.59391e-10
1.37609e-63
0
1.25916e-10
-2.52202e-77
0
4.05538e-10
1.89674e-21
0
1.27975e-08
-3.28425e-59
0
6.32017e-08
5.52412e-67
0
9.46193e-09
8.59784e-72
0
6.12685e-09
-5.29568e-72
0
-2.159e-08
-2.59793e-74
0
-7.77687e-10
2.22309e-76
0
6.84263e-10
2.11392e-70
0
2.6592e-08
1.05229e-72
0
-1.07137e-08
-1.02732e-77
0
-2.46741e-09
2.41601e-76
0
-1.18115e-09
-5.74822e-64
0
1.40357e-10
-5.19646e-78
0
2.58723e-11
-1.39116e-77
0
-7.09e-11
-2.76356e-62
0
-2.94306e-11
-3.45355e-53
0
-6.87962e-11
2.83701e-23
0
-2.46952e-08
4.00572e-57
0
-1.24031e-08
-8.74768e-72
0
-5.60681e-09
-4.95143e-63
0
-7.68503e-09
-5.13602e-72
0
2.17652e-09
1.62824e-74
0
5.73364e-09
-3.8691e-76
0
3.30707e-09
5.51628e-69
0
1.35134e-08
-7.90204e-77
0
1.17711e-07
2.16382e-75
0
-1.04037e-08
-9.31406e-77
0
4.4377e-09
1.48963e-73
0
1.54989e-09
-1.06039e-69
0
-6.64419e-10
3.11999e-77
0
6.55937e-11
4.74615e-69
0
-8.33088e-10
4.89442e-38
0
9.51635e-07
8.57207e-53
0
-2.31021e-08
-1.20409e-53
0
2.42789e-07
-4.18503e-68
0
-4.00297e-08
-2.27659e-69
0
3.05392e-09
-2.53838e-74
0
-3.50945e-09
4.26268e-75
0
2.94938e-10
-1.11694e-75
0
3.81442e-10
-1.75888e-75
0
1.13121e-09
-7.71184e-68
0
1.14025e-09
1.1852e-66
0
4.56792e-12
-1.67071e-77
0
-6.58033e-10
3.60268e-80
0
1.77473e-10
3.23193e-46
0
1.37674e-09
5.11286e-32
0
-2.53068e-09
-1.37752e-21
0
-1.99538e-07
-5.08849e-40
-3.06991e-07
-1.13539e-07
-4.94242e-70
0
1.88341e-08
-2.18585e-70
0
1.79925e-09
-3.47384e-74
0
7.45193e-09
-5.80816e-68
0
5.60967e-12
5.61201e-68
0
7.73837e-12
5.80348e-77
0
1.85287e-13
3.01014e-71
0
-4.29696e-12
8.87717e-77
0
1.84451e-09
9.915e-77
0
2.58157e-10
1.41907e-76
0
-1.81365e-10
-1.03556e-76
0
-7.15546e-11
9.35745e-78
0
1.27449e-10
3.97737e-41
0
-2.03623e-07
2.8367e-46
0
3.83381e-07
5.36357e-47
0
-3.0908e-08
-1.65696e-56
0
9.34195e-09
4.49162e-63
0
4.64222e-08
1.29423e-66
0
-1.4022e-07
-2.85636e-64
0
-5.61612e-08
-1.1769e-68
0
-7.9132e-08
-4.88917e-70
0
1.43383e-10
-7.07447e-74
0
4.29364e-11
-3.7673e-75
0
4.69403e-11
-3.0192e-76
0
3.09569e-11
-2.092e-76
0
-1.1608e-09
4.71964e-77
0
-7.28727e-09
3.08463e-77
0
8.6866e-10
1.5987e-76
0
-4.81869e-10
9.80861e-75
0
5.09955e-10
5.73081e-72
0
4.70921e-10
8.71449e-75
0
9.06439e-12
3.45771e-77
0
-6.95389e-11
2.49865e-53
0
8.46819e-08
-2.78209e-56
0
6.55459e-08
3.47805e-67
0
-9.03273e-10
-3.9126e-74
0
-9.26086e-09
-2.24574e-74
0
-2.40763e-10
-1.09939e-74
0
-6.85616e-10
-1.28583e-74
0
1.3961e-09
-5.35136e-67
0
-3.07774e-09
2.63903e-75
0
1.19248e-10
-1.47389e-76
0
6.98143e-10
-8.44781e-75
0
4.55787e-10
5.70701e-76
0
7.11732e-11
-1.46655e-77
0
4.78428e-10
-1.05777e-75
0
-2.32766e-11
3.90443e-78
0
-1.06909e-12
6.2439e-79
0
5.32037e-11
-2.29236e-35
0
-2.27139e-12
-2.0997e-23
0
3.54786e-08
-9.55297e-63
0
-2.04798e-09
-7.36123e-67
0
-2.9674e-09
-3.96375e-67
0
-1.9406e-08
-2.43347e-63
0
3.74727e-09
-8.42746e-75
0
-1.14327e-09
-1.83334e-74
0
-1.02055e-09
2.57117e-67
0
1.72279e-09
1.38795e-74
0
-8.15728e-12
-9.54956e-76
0
-9.57553e-09
-9.3669e-76
0
2.40424e-09
7.88522e-75
0
3.15641e-11
7.6144e-79
0
8.64022e-10
3.76986e-75
0
-6.38475e-10
1.14723e-75
0
-3.79246e-11
-1.89709e-78
0
-9.75089e-10
2.91644e-77
0
-6.15639e-10
-6.68373e-77
0
-8.93875e-10
5.5156e-78
0
-1.18306e-09
-7.72085e-79
0
1.45981e-10
2.4674e-33
0
2.62089e-10
-1.43511e-22
0
1.73021e-07
3.26051e-44
-8.09153e-28
-1.00423e-07
-4.41501e-56
0
2.73382e-08
1.25086e-61
0
3.62322e-08
7.17767e-65
0
-1.26214e-08
3.45358e-67
0
5.22106e-10
2.84919e-68
0
1.55053e-10
-2.32516e-68
0
-1.0013e-10
-2.40789e-76
0
-4.31919e-09
-3.05891e-74
0
2.79583e-10
-5.16188e-76
0
-8.29882e-09
1.68101e-75
0
-1.7085e-10
1.6074e-75
0
9.96511e-10
-2.62099e-75
0
-2.98145e-09
-2.34768e-76
0
-3.79569e-10
1.51652e-76
0
5.15423e-10
1.19356e-77
0
1.449e-09
-1.53016e-78
0
4.51149e-10
1.04062e-76
0
-1.03658e-07
-2.65881e-57
0
3.59772e-08
-5.73214e-67
0
-5.20734e-09
3.71506e-72
0
-1.6728e-08
-1.68433e-63
0
-1.24328e-08
-5.65676e-71
0
4.44565e-09
9.86191e-74
0
-1.32402e-11
5.26318e-74
0
-1.86268e-09
2.17492e-71
0
7.44277e-09
4.2043e-75
0
1.22603e-09
6.99779e-68
0
6.26902e-09
-4.19757e-71
0
2.22556e-09
-5.22995e-76
0
-3.50006e-10
4.99044e-76
0
-2.99885e-09
-2.97639e-79
0
-6.68737e-10
3.6641e-74
0
-6.35422e-09
9.31806e-73
0
1.86281e-09
2.36453e-74
0
-2.54809e-10
1.74022e-75
0
-6.30847e-09
-2.7464e-78
0
-5.70476e-10
3.84263e-78
0
-9.76316e-11
1.32134e-77
0
-1.11158e-10
-1.80584e-79
0
2.92557e-07
1.67939e-45
0
6.82407e-11
5.77439e-48
0
6.04548e-09
1.03677e-62
0
9.46612e-09
5.04071e-70
0
-4.28363e-08
-2.25736e-72
0
-5.53e-09
7.99377e-69
0
1.36989e-09
-9.75193e-74
0
-1.69264e-08
-2.00868e-74
0
1.53868e-08
-1.93154e-76
0
-2.96393e-09
-6.78156e-76
0
-1.45056e-09
-7.73476e-67
0
-3.00975e-09
4.92445e-73
0
1.57935e-09
-1.60709e-74
0
-3.61652e-09
1.66359e-75
0
9.52408e-10
2.57279e-74
0
2.55391e-10
-1.35644e-76
0
-2.91406e-09
-9.00897e-77
0
1.45562e-11
7.05235e-76
0
-6.81223e-10
1.17944e-80
0
-5.7805e-10
-4.15554e-78
0
-4.59414e-13
-1.35855e-71
0
1.60077e-11
3.80571e-40
0
1.09414e-07
2.91063e-47
0
3.62917e-08
4.31231e-69
0
-5.55766e-08
5.86783e-70
0
7.29241e-09
-1.01442e-64
0
5.02837e-09
5.26489e-75
0
3.11247e-09
3.92516e-67
0
6.84132e-10
1.36675e-75
0
-5.89651e-10
6.99804e-74
0
3.77926e-11
2.57906e-69
0
4.68106e-13
-1.93243e-77
0
4.14673e-11
1.68464e-77
0
3.40001e-12
2.28243e-78
0
8.19213e-13
8.20987e-78
0
-7.00528e-10
-3.61455e-78
0
-5.7441e-11
1.48612e-77
0
9.38497e-12
-1.62412e-26
0
-4.55811e-09
-5.79349e-62
0
-1.32936e-09
-1.41184e-71
0
-2.67363e-08
-2.08655e-71
0
-1.42604e-12
3.88855e-66
0
-1.07464e-10
8.89543e-77
0
-6.40564e-12
2.41761e-74
0
1.3197e-09
-9.84457e-76
0
1.89487e-08
-7.9945e-74
0
4.08961e-08
-2.08837e-73
0
1.11061e-07
-5.93198e-47
0
-1.38813e-09
2.51349e-68
0
-3.10719e-10
-4.35241e-74
0
1.6471e-08
-1.10362e-61
0
-6.91302e-11
3.35177e-75
0
-7.00725e-10
1.25271e-74
0
-9.20909e-12
1.05898e-77
0
7.22153e-08
2.4595e-56
0
-9.97792e-10
-3.51612e-73
0
1.04347e-07
1.3116e-73
0
6.27621e-09
-2.59712e-75
0
1.64965e-10
-6.87739e-78
0
-2.84678e-10
7.75451e-78
0
-2.44739e-10
8.72741e-31
0
9.41655e-09
2.3165e-68
0
4.27755e-11
-7.52859e-73
0
-1.19215e-09
-9.1195e-74
0
-2.16025e-10
-6.12466e-75
0
1.24673e-10
3.5543e-75
0
-1.18048e-10
1.94944e-77
0
-2.55107e-10
-1.61496e-73
0
-1.64166e-10
2.40373e-66
0
5.3515e-10
1.56846e-72
0
-6.54727e-10
1.13601e-74
0
-9.71119e-10
6.36804e-77
0
6.11993e-11
-9.20151e-76
0
4.54173e-10
1.50152e-68
0
3.80509e-07
2.83387e-59
0
-4.47055e-09
-3.49508e-70
0
-8.1047e-09
5.38098e-74
0
2.34182e-10
-1.33684e-71
0
-6.4761e-08
-1.03345e-73
0
-2.87435e-09
7.6279e-65
0
-6.71984e-09
-4.36547e-76
0
-1.03076e-10
-1.51894e-77
0
-2.23353e-09
4.96229e-69
0
9.95407e-10
-7.17804e-67
0
-6.22218e-10
-8.82202e-68
0
1.42821e-09
-1.42924e-75
0
-1.30474e-09
-1.77534e-77
0
-7.02008e-09
-2.48791e-65
0
-3.07031e-09
1.87661e-76
0
-5.46339e-10
8.2728e-75
0
-2.37294e-07
2.95568e-48
7.65439e-11
-5.08895e-08
8.70779e-64
0
5.15883e-09
4.46756e-74
0
-1.44298e-10
9.97483e-75
0
2.23062e-10
-6.16148e-77
0
2.63015e-09
1.33331e-70
0
-1.00468e-09
-1.88581e-77
0
5.365e-10
1.83618e-65
0
1.08853e-09
-1.32465e-77
0
-1.62597e-10
4.46103e-26
0
-5.16126e-09
-3.15039e-73
0
2.84215e-08
2.43118e-72
0
-2.37015e-10
3.1341e-74
0
-2.39848e-10
4.83135e-75
0
-1.13912e-08
1.00991e-71
0
-7.75118e-08
-1.09437e-72
0
1.19961e-09
1.86415e-68
0
-7.62048e-11
1.19231e-77
0
-1.11566e-10
2.23712e-78
0
1.31354e-08
-5.22582e-65
0
9.57956e-11
-4.35181e-76
0
-1.85149e-08
-5.09246e-78
0
1.82383e-11
-2.09773e-77
0
7.48624e-09
-2.2784e-78
0
7.55994e-11
5.9904e-66
0
-5.09108e-09
-8.07849e-76
0
4.39995e-12
-5.9685e-47
0
1.76618e-08
8.97554e-56
0
-1.46608e-08
2.79899e-58
0
5.91018e-08
-1.36216e-68
0
5.53145e-11
-1.84587e-72
0
-8.55641e-09
5.43239e-74
0
-2.34652e-08
1.24695e-74
0
3.46015e-09
2.8865e-77
0
1.49634e-08
3.71126e-74
0
-1.02208e-08
1.31813e-77
0
1.61601e-10
2.25602e-64
0
3.75969e-09
-1.81544e-70
0
1.27604e-10
2.96501e-78
0
3.98683e-11
5.71338e-79
0
2.52057e-07
-1.85768e-50
0
-6.36544e-07
1.83448e-56
0
-5.1535e-09
-3.16751e-71
0
4.62052e-11
3.13919e-77
0
4.41966e-10
-9.53759e-69
0
-2.62299e-10
-6.22673e-76
0
-3.23741e-11
-3.44682e-70
0
8.73627e-11
1.1419e-64
0
1.80205e-10
1.72439e-69
0
2.18209e-10
-3.28321e-50
0
-1.25502e-10
3.42774e-43
0
5.78738e-07
2.33393e-59
0
4.61071e-07
3.58723e-69
0
7.85031e-08
4.98631e-70
0
2.21526e-09
-2.21997e-68
0
-8.82754e-09
-6.78762e-74
0
6.17772e-11
-1.03944e-75
0
4.00398e-11
1.5907e-75
0
-2.9375e-09
-1.94345e-76
0
-2.06632e-09
3.74033e-76
0
2.66727e-10
1.08061e-76
0
-3.19692e-11
9.24094e-54
0
-3.97e-11
3.65733e-38
0
3.69361e-10
-1.31448e-55
0
-3.30606e-10
-9.79937e-75
0
1.34258e-11
-6.02835e-77
0
-1.77931e-10
3.72958e-77
0
-2.67683e-11
-2.65825e-76
0
-6.22801e-10
1.88373e-76
0
-3.48277e-10
1.63608e-78
0
-9.04767e-11
-5.31432e-77
0
1.50559e-09
1.07469e-76
0
-4.1056e-11
1.05986e-77
0
1.51884e-11
3.18506e-78
0
2.18013e-09
-7.55693e-23
0
-6.95699e-08
-6.3967e-68
0
7.01992e-11
4.65099e-69
0
-1.16666e-09
-1.38189e-71
0
1.02498e-09
2.06581e-74
0
-8.69126e-11
1.59112e-76
0
-1.11287e-12
-1.40113e-76
0
-6.20715e-09
-4.62046e-77
0
1.39006e-10
1.92071e-77
0
2.10402e-10
-6.42608e-77
0
-9.11346e-13
-1.38673e-78
0
-3.8576e-11
9.28492e-79
0
-6.30338e-11
3.44548e-43
0
2.46788e-10
1.35531e-26
0
-4.84868e-07
2.01386e-43
-6.72629e-23
-3.72033e-08
2.8952e-53
0
-4.98033e-09
1.60181e-68
0
-1.24683e-08
1.21832e-72
0
-2.39124e-10
-1.83885e-66
0
-1.46782e-09
-2.14924e-74
0
-3.49664e-10
-4.46281e-75
0
-2.68728e-10
2.19881e-66
0
-3.81913e-11
2.15984e-73
0
-2.08055e-10
6.70304e-76
0
2.4504e-10
2.49759e-77
0
-1.9413e-09
-1.45174e-77
0
-1.33479e-07
4.07142e-40
4.8377e-10
5.17097e-08
5.51661e-49
0
2.68388e-07
-4.63134e-59
0
3.32728e-10
8.52557e-66
0
-7.29302e-09
8.51906e-72
0
-1.53975e-10
2.37046e-74
0
6.80075e-10
6.75348e-73
0
1.98079e-11
4.93599e-79
0
-8.89362e-09
-1.35992e-76
0
-1.27896e-08
-2.40446e-77
0
-3.92852e-12
-1.16368e-77
0
4.06811e-10
-8.1718e-79
0
2.41814e-09
-5.97213e-17
0
-1.16702e-07
-6.12609e-55
0
8.26652e-07
1.05777e-59
0
-1.14746e-09
-2.76608e-72
0
-2.76237e-09
6.32079e-65
0
5.6709e-10
2.45661e-70
0
-1.83396e-09
-1.00908e-73
0
-1.2045e-09
8.68121e-74
0
-2.15687e-09
5.42808e-75
0
-2.72311e-10
3.68081e-68
0
6.63201e-09
8.08218e-77
0
1.43831e-09
5.22576e-68
0
5.86415e-10
6.7664e-75
0
4.21975e-10
8.38481e-77
0
-9.71063e-09
1.22249e-73
0
-6.97904e-10
3.46238e-74
0
5.43377e-10
6.12124e-74
0
9.43951e-10
3.16409e-75
0
6.43169e-10
8.41932e-75
0
2.56499e-09
-2.9331e-75
0
2.17084e-10
4.08119e-77
0
-2.28368e-10
2.02409e-79
0
-1.70593e-09
-4.99572e-80
0
-4.02367e-10
1.88569e-32
0
8.09892e-11
5.78565e-44
-1.06018e-12
9.32138e-11
1.49428e-47
0
5.77075e-09
2.75886e-48
0
1.76814e-07
-1.62562e-61
0
-8.35004e-08
-3.88354e-64
0
-9.53057e-10
5.84746e-71
0
-4.30974e-09
-7.63222e-66
0
-6.56348e-09
2.00455e-71
0
-1.53628e-09
1.57694e-68
0
-1.17875e-09
1.283e-67
0
-4.83052e-09
-2.35339e-69
0
-5.98751e-09
1.92412e-77
0
1.14857e-09
-3.47924e-74
0
-6.58757e-12
7.62617e-76
0
2.55826e-09
-3.69937e-76
0
5.4121e-10
-9.8744e-77
0
-3.15989e-08
6.40854e-41
2.47598e-10
1.34949e-08
-3.61316e-70
0
3.15087e-08
-3.5785e-66
0
-1.88284e-08
6.88916e-74
0
9.12926e-09
-4.19231e-74
0
5.00849e-10
1.47135e-68
0
1.20718e-11
-1.08445e-75
0
-3.1246e-11
3.4728e-77
0
-4.13954e-14
-5.09017e-76
0
-1.31065e-12
-2.05867e-78
0
-8.63587e-12
8.75427e-76
0
1.73947e-11
-6.06072e-78
0
-6.71151e-11
1.692e-77
0
2.6944e-11
1.15324e-21
0
-2.16532e-07
-5.70528e-49
1.21871e-11
-7.22944e-11
1.44325e-73
0
-2.37191e-07
-9.67399e-47
1.26407e-10
1.486e-10
8.55474e-62
0
-6.37054e-09
1.39732e-73
0
-6.20117e-11
2.23549e-78
0
2.31699e-10
-3.2247e-78
0
-4.56279e-11
5.20332e-78
0
-2.7124e-09
-4.84827e-74
0
2.68449e-11
2.54649e-75
0
1.02442e-10
-1.28871e-75
0
-1.0901e-09
4.20781e-74
0
-9.76508e-10
-1.09753e-67
0
1.43137e-08
6.47735e-74
0
-4.47663e-09
2.29497e-69
0
9.68939e-11
-1.87764e-76
0
-1.72578e-12
-1.31362e-77
0
-1.68834e-08
-4.07906e-74
0
-1.30062e-09
6.34667e-68
0
-6.70471e-10
-9.16268e-69
0
-6.51945e-09
-3.28333e-75
0
-5.55831e-08
-1.88176e-73
0
-2.08778e-09
-9.384e-74
0
-8.61284e-10
-7.96392e-73
0
-7.25421e-10
5.52672e-77
0
4.4449e-09
1.85619e-73
0
1.08985e-10
1.11053e-75
0
2.05142e-10
1.00441e-70
0
-2.38833e-10
3.80911e-74
0
-1.2244e-10
6.65704e-74
0
1.11322e-10
-3.43528e-75
0
-3.4227e-09
-4.33177e-68
0
-2.38731e-10
8.20245e-78
0
6.00593e-10
-3.06679e-77
0
-3.30945e-11
-1.00222e-76
0
2.47713e-08
-1.29548e-72
0
-2.35875e-08
-6.15716e-76
0
1.20311e-07
6.23001e-73
0
-8.47166e-09
-6.21691e-77
0
1.26487e-09
4.2703e-71
0
8.76348e-12
4.01954e-66
0
-1.86166e-08
-1.67202e-77
0
-5.98473e-11
2.12534e-28
0
-5.71445e-09
-2.37791e-54
0
-2.39771e-10
-3.34576e-74
0
1.7515e-09
8.26125e-77
0
-6.42891e-09
1.12082e-73
0
1.38331e-09
-1.36024e-77
0
8.37552e-09
1.59478e-78
0
-3.11317e-09
4.42052e-75
0
6.50788e-08
1.37141e-66
0
-1.29359e-12
2.0576e-67
0
1.00477e-09
1.91439e-75
0
-8.47983e-12
6.0242e-74
0
2.85927e-09
2.3396e-75
0
9.06364e-09
2.87979e-75
0
3.25467e-09
-8.03045e-78
0
1.57013e-07
-3.73545e-70
0
8.52946e-11
3.02186e-68
0
1.09185e-10
-9.24124e-68
0
1.44104e-10
1.06274e-76
0
-2.74809e-09
9.49722e-77
0
-8.98241e-10
5.28471e-77
0
6.07884e-11
-4.88073e-76
0
3.96281e-09
-4.93733e-74
0
3.60721e-11
4.96936e-69
0
-2.68483e-07
-8.72717e-44
6.40867e-12
-1.79615e-07
-4.66762e-56
0
-2.30251e-07
1.95709e-61
0
-1.5765e-08
-2.90981e-71
0
4.52886e-09
-3.74751e-75
0
-2.85981e-10
-1.29627e-77
0
-1.41321e-09
4.521e-77
0
-6.29934e-10
-1.22907e-76
0
9.23375e-10
7.02774e-71
0
7.35559e-11
-1.97113e-53
0
4.46835e-09
-2.45917e-60
0
-1.87814e-07
-1.88306e-66
0
3.08002e-11
2.18223e-70
0
9.58154e-12
5.39984e-78
0
-5.34325e-10
-8.0867e-79
0
5.69783e-09
-8.56983e-69
0
-4.46223e-10
-5.38585e-73
0
-4.90812e-09
-2.85967e-74
0
-6.63177e-11
6.5231e-68
0
4.48248e-09
1.53397e-70
0
-4.13266e-09
-4.37368e-76
0
-2.84204e-09
3.23036e-76
0
8.03167e-10
5.41636e-77
0
3.43599e-10
2.02774e-71
0
-3.90838e-12
8.58674e-78
0
-5.90356e-07
1.45453e-46
0
-1.91485e-08
-8.14257e-70
0
-1.28864e-09
-2.58314e-72
0
4.38207e-10
9.3079e-75
0
-4.59541e-10
-8.549e-76
0
1.83261e-09
1.37539e-76
0
-4.66187e-09
-2.61098e-76
0
-2.8389e-09
1.02916e-77
0
-9.58164e-08
3.12023e-68
0
7.93434e-09
-1.96737e-69
0
-2.02137e-09
2.90216e-66
0
-8.25652e-10
1.64802e-74
0
3.235e-09
2.29044e-75
0
-3.14212e-09
2.15048e-76
0
-4.09626e-11
-8.01106e-75
0
-8.24811e-11
-3.0573e-77
0
4.49542e-07
6.67781e-46
0
-2.09322e-07
-1.20164e-65
0
-3.80416e-08
3.68754e-66
0
-3.99965e-08
5.2839e-72
0
-6.28404e-09
-4.31384e-67
0
-2.6873e-10
1.16699e-68
0
9.87303e-11
-2.58339e-77
0
-7.14169e-09
-2.23535e-74
0
-3.06142e-11
-5.5446e-75
0
-3.84477e-10
2.58999e-75
0
4.11246e-10
1.50581e-74
0
-1.27814e-09
5.10716e-22
0
-9.14478e-08
-4.42862e-66
0
8.80518e-09
-7.38861e-64
0
3.42118e-08
5.52715e-73
0
-3.50263e-09
-2.74484e-75
0
1.4359e-09
-6.35439e-67
0
1.03242e-09
-9.70789e-76
0
-5.49021e-10
3.76197e-78
0
-1.62307e-11
1.76428e-79
0
-4.21523e-09
-9.91184e-63
0
-1.30054e-08
-2.97058e-63
0
5.71047e-09
9.98136e-70
0
-5.37608e-09
1.91855e-67
0
8.73619e-11
7.35645e-73
0
-8.57981e-12
-2.0548e-77
0
-2.50582e-11
4.45579e-77
0
-2.19769e-11
6.23353e-78
0
-1.95767e-10
-8.1651e-78
0
-5.26253e-12
-2.48349e-71
0
-2.14086e-12
-2.36594e-78
0
-9.49974e-13
-1.297e-78
0
-5.64132e-09
-1.3291e-74
0
-5.22004e-10
4.29156e-78
0
-9.10798e-10
-4.2956e-74
0
-3.37265e-10
-3.51987e-78
0
4.23142e-10
-5.73129e-78
0
8.81237e-08
5.05953e-70
0
2.9927e-08
2.44293e-74
0
-3.38379e-11
2.52978e-78
0
1.18875e-09
2.54258e-74
0
1.80879e-12
-1.54583e-73
0
1.48343e-09
9.8268e-77
0
-4.99913e-10
-1.24928e-74
0
-1.13622e-08
2.03252e-56
0
1.92975e-09
-6.91585e-65
0
-8.14404e-10
-2.72952e-74
0
6.96959e-10
1.79884e-76
0
5.45965e-10
9.48963e-77
0
-1.32872e-07
-2.73643e-52
0
1.19986e-08
-1.36408e-70
0
1.58013e-09
7.60105e-77
0
-4.83172e-11
-4.84501e-76
0
4.5654e-10
2.12884e-69
0
-9.3018e-11
4.839e-75
0
8.24036e-09
-7.24554e-77
0
1.21253e-09
-6.06288e-69
0
-2.9889e-11
1.71758e-68
0
6.80348e-09
-2.5606e-76
0
1.83671e-11
3.10839e-76
0
1.22807e-10
-8.66995e-76
0
1.1775e-09
2.71018e-62
0
2.65648e-08
-2.59791e-71
0
-1.98227e-11
5.44544e-75
0
-8.87171e-10
9.8268e-70
0
-8.67257e-10
-3.48439e-75
0
5.15171e-09
-1.50051e-75
0
3.98855e-09
2.06189e-66
0
-1.06549e-08
-2.28607e-76
0
-5.67972e-09
-5.9895e-76
0
-5.6277e-11
1.19018e-78
0
-9.89741e-09
-1.21971e-72
0
-5.76869e-10
6.62939e-73
0
-5.52695e-09
-1.27513e-73
0
3.91922e-11
-2.88912e-78
0
1.47873e-10
-1.13469e-68
0
1.40696e-09
7.34995e-74
0
-5.60131e-09
7.64316e-75
0
-4.37956e-09
9.75632e-76
0
-7.83093e-12
-8.7759e-78
0
-7.75557e-10
-1.92761e-74
0
1.08422e-09
-1.43251e-78
0
8.2331e-10
2.50793e-77
0
-8.09993e-10
-2.88208e-68
0
1.57407e-11
7.66065e-76
0
3.36552e-09
9.75491e-73
0
-3.61252e-08
-8.69361e-73
0
-9.55607e-10
3.94555e-67
0
-5.5666e-11
6.55484e-78
0
2.4924e-10
-2.85074e-75
0
-3.81532e-09
1.20733e-74
0
6.02163e-10
-4.63569e-73
0
-1.28211e-09
3.69748e-73
0
3.34086e-10
1.64568e-76
0
-2.79819e-10
-8.63152e-79
0
-1.2042e-11
1.67241e-79
0
-2.02581e-11
-7.15108e-23
0
9.6015e-09
-6.7665e-67
0
-1.96155e-10
4.70653e-78
0
-1.97226e-13
7.8447e-79
0
-1.43317e-10
4.3369e-76
0
-4.20902e-13
1.35257e-78
0
3.05438e-13
-2.99756e-78
0
-3.71705e-10
-6.46433e-79
0
-4.03504e-11
2.53904e-77
0
-4.73502e-10
-4.0089e-77
0
-9.04656e-10
-2.08122e-73
0
-3.98786e-08
-4.88974e-69
0
3.28327e-11
1.58297e-69
0
1.64788e-10
3.73964e-66
0
-6.14777e-09
2.99662e-76
0
1.06991e-06
6.02404e-53
0
-3.13202e-10
1.27024e-75
0
8.8482e-11
-4.44354e-76
0
-1.32006e-11
7.93534e-76
0
4.61917e-10
1.45738e-76
0
-3.59576e-08
-8.38779e-63
0
3.67917e-09
-7.54327e-67
0
-2.00473e-09
7.74421e-77
0
-8.9196e-10
1.93081e-67
0
6.22565e-11
1.48785e-76
0
3.94429e-10
8.97268e-77
0
-9.34933e-11
1.63641e-73
0
-1.75002e-09
1.19752e-74
0
-3.12501e-10
-6.73988e-75
0
8.43264e-10
-1.70057e-77
0
2.53529e-11
6.49376e-33
0
-1.3828e-07
-8.42159e-65
0
-2.41422e-10
1.09433e-77
0
2.18823e-12
-4.19664e-78
0
-1.01265e-09
2.35571e-78
0
2.71468e-10
1.93324e-66
0
2.57166e-10
7.94851e-76
0
4.1455e-11
5.56501e-66
0
-7.0847e-11
1.30923e-75
0
-2.06048e-09
-2.61192e-66
0
3.55391e-11
-1.82285e-76
0
4.47675e-09
-3.93953e-73
0
8.89309e-10
-3.33245e-74
0
-9.30977e-13
1.27623e-77
0
8.54782e-11
6.8359e-77
0
