9.4504e-05
-2.06795e-25
-0.000218922
-2.51549e-21
0
0
-6.75995e-21
0
0
-8.984e-21
0
0
-2.70073e-20
0
0
-2.84945e-20
-2.29589e-41
0
-9.16953e-21
0
0
-8.51337e-18
0
0
-2.22412e-20
-2.29589e-41
0
-1.11524e-20
2.29589e-41
0
-3.16177e-20
0
0
-2.54409e-20
-2.29589e-41
0
-2.67147e-20
-2.29589e-41
0
-3.8579e-21
2.29589e-41
0
-8.20786e-21
-2.29589e-41
0
-2.86126e-21
0
0
-1.10295e-20
2.29589e-41
0
-1.31443e-20
0
0
-2.74683e-18
-2.29589e-41
0
-1.81655e-18
0
0
-2.35905e-18
2.29589e-41
0
-1.44196e-20
0
0
-2.98147e-20
0
0
-1.30681e-20
2.29589e-41
0
-1.34132e-20
-2.29589e-41
0
-5.01063e-19
2.29589e-41
0
2.2874e-21
0
0
9.96975e-21
0
0
2.84712e-20
2.29589e-41
0
2.33535e-20
2.29589e-41
0
1.221e-21
-2.29589e-41
0
1.51356e-20
0
0
1.29142e-17
-2.29589e-41
0
8.43951e-21
0
0
1.39637e-21
2.29589e-41
0
1.13001e-20
0
0
4.81853e-21
0
0
1.08472e-20
-2.29589e-41
0
5.16145e-22
0
0
8.95383e-19
0
0
2.805e-20
0
0
3.78495e-19
2.29589e-41
0
2.60083e-19
0
0
4.55629e-19
2.29589e-41
0
-1.70648e-06
0
0
0.000232016
2.06795e-25
-4.65218e-05
-4.88394e-20
0
0
-4.91869e-20
0
0
-4.86139e-21
0
0
-8.68884e-21
1.14794e-41
0
-4.14393e-21
-1.14794e-41
0
-6.85921e-22
0
0
-1.49014e-20
0
0
-1.36835e-20
0
0
-9.75648e-23
0
0
-5.02787e-21
0
0
-4.61894e-21
1.14794e-41
0
-3.6027e-21
0
0
-3.64533e-21
0
0
-1.10822e-20
1.14794e-41
0
-5.29527e-20
1.14794e-41
0
-1.5904e-19
1.14794e-41
0
-3.66981e-19
-1.14794e-41
0
-2.73801e-19
0
0
-1.0677e-19
0
0
2.89961e-19
1.14794e-41
0
1.06728e-19
-1.14794e-41
0
1.92964e-19
1.14794e-41
0
2.4101e-21
0
0
2.73905e-21
-1.14794e-41
0
1.3869e-21
0
0
1.48044e-20
0
0
8.69781e-22
0
0
3.47019e-21
1.14794e-41
0
2.26706e-21
1.14794e-41
0
3.35434e-21
0
0
2.19915e-21
1.14794e-41
0
3.20182e-21
0
0
5.19145e-21
0
0
1.16083e-20
0
0
6.0146e-21
1.14794e-41
0
2.17476e-19
0
0
2.36244e-19
-2.29589e-41
0
1.61258e-19
0
0
1.23246e-18
-1.14794e-41
0
6.70163e-20
1.14794e-41
0
9.14697e-20
0
0
-3.31561e-05
-1.29247e-26
0
-1.52336e-19
0
0
-2.45082e-20
0
0
-5.20598e-20
4.59177e-41
0
-3.08496e-20
0
0
-7.33284e-20
0
0
-3.20849e-20
-4.59177e-41
0
-1.10436e-19
4.59177e-41
0
-5.5726e-20
-1.83671e-40
0
-2.4354e-19
-4.59177e-41
0
-4.14256e-19
-9.18355e-41
0
-2.23953e-19
0
0
-4.02969e-18
0
0
-3.90836e-18
0
3.71648e-07
-1.46379e-19
0
0
-2.45777e-20
0
0
-6.96125e-21
9.18355e-41
0
-2.07103e-21
4.59177e-41
0
-8.80506e-21
0
0
1.76729e-19
1.43493e-42
0
-7.55815e-19
-1.14794e-41
0
-5.4781e-20
0
0
-4.43603e-20
-2.86986e-42
0
-1.66314e-19
0
0
-2.06003e-19
0
0
-1.94623e-20
0
0
-7.17502e-20
0
0
-2.28774e-20
0
0
-1.42275e-19
1.43493e-42
0
3.17658e-20
-1.43493e-42
0
5.33627e-20
0
0
3.22467e-19
0
0
3.38079e-19
0
0
4.55684e-19
1.14794e-41
0
1.59538e-18
-1.14794e-41
0
1.18443e-18
-1.14794e-41
0
6.87653e-18
0
0
5.07647e-18
1.14794e-41
0
6.19885e-18
0
0
3.74165e-20
1.14794e-41
0
-7.64826e-18
-1.14794e-41
0
-6.17266e-18
-1.14794e-41
0
-4.30815e-18
0
0
-9.929e-20
0
0
-1.41836e-19
-4.59177e-41
0
-1.37235e-19
0
0
1.0959e-06
0
0
1.23656e-18
1.72192e-41
0
-3.03501e-18
1.14794e-41
0
-1.75839e-18
2.29589e-41
0
2.9577e-19
0
0
7.32121e-19
0
0
1.34279e-21
-7.17465e-43
0
-3.75019e-21
0
0
3.2316e-19
0
0
8.26905e-23
-2.86986e-42
0
1.61567e-18
2.86986e-42
0
-1.13543e-18
-5.73972e-42
0
-4.42679e-19
-5.73972e-42
0
1.21841e-20
0
0
7.44712e-20
0
0
-1.53886e-19
-5.73972e-42
0
-1.87367e-20
0
0
1.08847e-20
0
0
7.80813e-21
2.29589e-41
0
-3.53123e-19
0
0
-1.02524e-17
0
0
-9.60178e-18
0
0
-7.65637e-19
-1.43493e-42
0
-1.10409e-18
0
0
-1.94989e-19
5.73972e-42
0
-2.73098e-20
-1.14794e-41
0
-2.07404e-21
2.29589e-41
0
-1.00027e-20
0
0
-1.14588e-18
0
0
-5.07481e-19
0
0
-1.01297e-18
0
0
-3.55932e-19
0
0
5.40137e-21
9.18355e-41
0
2.59287e-21
9.18355e-41
0
1.06941e-20
0
0
1.89491e-20
-4.59177e-41
0
1.81222e-18
0
0
3.04422e-19
-4.59177e-41
0
2.72521e-19
0
0
-2.91744e-20
0
0
-9.96959e-21
0
0
-2.37132e-20
0
0
-2.33533e-20
-2.29589e-41
0
-1.22084e-21
-2.29589e-41
0
-1.51354e-20
-2.29589e-41
0
-1.29142e-17
0
0
-7.44492e-22
2.29589e-41
0
-8.43935e-21
-2.29589e-41
0
-2.34669e-20
0
0
-1.39621e-21
0
0
-2.39763e-20
2.29589e-41
0
-3.10067e-20
2.29589e-41
0
-4.81836e-21
0
0
-5.6706e-21
2.29589e-41
0
-8.85105e-22
0
0
-5.15981e-22
-2.29589e-41
0
-2.45726e-18
2.29589e-41
0
-1.17932e-18
0
0
-2.72687e-20
2.29589e-41
0
-3.71801e-21
0
0
-1.80623e-20
0
0
-2.84785e-19
0
0
-2.60083e-19
-2.29589e-41
0
-4.55629e-19
0
0
2.05421e-19
2.29589e-41
0
2.51532e-21
0
0
6.75978e-21
0
0
1.0391e-20
0
8.60745e-07
8.98383e-21
0
0
2.70071e-20
0
0
1.77477e-20
0
0
1.03937e-20
-2.29589e-41
0
1.88562e-20
2.29589e-41
0
8.20769e-21
-2.29589e-41
0
1.00204e-21
2.29589e-41
0
4.26772e-19
0
0
-2.89961e-19
0
0
-2.39106e-19
0
0
-1.00691e-20
-1.14794e-41
0
-9.04392e-21
0
0
-9.79053e-21
-1.14794e-41
0
-1.38682e-21
0
0
-8.69699e-22
-1.14794e-41
0
-3.47011e-21
0
0
-3.35426e-21
0
0
-3.20174e-21
0
0
-5.51114e-21
0
0
-6.37668e-21
2.29589e-41
0
-1.67526e-19
0
0
-1.61258e-19
0
0
-7.59828e-19
0
0
-3.78949e-20
0
0
-2.46864e-19
0
0
-4.12165e-18
0
0
9.39095e-05
6.46235e-27
0
-0.000227473
0
-0.00282798
1.56738e-19
-1.14794e-41
0
4.57555e-21
0
0
9.72283e-21
1.14794e-41
0
4.14385e-21
0
0
6.85838e-22
0
0
1.36834e-20
-1.14794e-41
0
1.03383e-20
1.14794e-41
0
5.02779e-21
0
0
2.33914e-21
0
0
4.74838e-21
0
0
5.55089e-21
0
0
1.47896e-20
1.14794e-41
0
5.29526e-20
0
0
1.5904e-19
-1.14794e-41
0
7.05917e-19
0
0
2.51914e-19
2.29589e-41
0
6.20351e-20
-1.14794e-41
0
1.8371e-18
0
0
-1.15326e-19
0
0
-4.44478e-19
0
0
-1.91281e-19
0
0
-2.25686e-20
0
0
-3.59003e-20
0
0
-3.37582e-19
-9.18355e-41
0
-8.01873e-19
-4.59177e-41
0
-7.95723e-19
0
0
-4.25613e-19
0
0
-5.89568e-19
0
0
-1.67393e-18
-4.59177e-41
0
-1.2523e-18
0
0
-3.60957e-18
0
0
-5.12654e-18
-4.59177e-41
0
-3.77133e-18
0
0
-2.31639e-19
4.59177e-41
0
-3.99647e-19
-4.59177e-41
0
-6.72364e-20
0
0
-3.49031e-21
0
0
-6.337e-07
1.61559e-27
0
-2.45605e-19
4.59177e-41
0
-1.18876e-18
5.73972e-42
0
-6.14003e-19
-2.29589e-41
0
-1.34592e-19
0
0
-7.80763e-20
0
0
-9.32674e-20
0
0
-1.19933e-19
2.29589e-41
0
-1.54301e-19
0
0
-1.97148e-19
0
0
-8.64479e-19
5.73972e-42
0
-9.54632e-20
0
0
9.29921e-20
0
0
4.21005e-19
0
0
1.4667e-18
0
0
4.02932e-18
4.59177e-41
0
3.90739e-18
2.29589e-41
0
-8.64326e-18
1.14794e-41
0
-4.22876e-18
4.59177e-41
0
-2.89017e-19
4.59177e-41
0
-6.77576e-20
9.18355e-41
0
-8.06578e-20
0
0
1.47291e-20
-1.14794e-41
0
1.51521e-18
-2.29589e-41
0
-2.08598e-19
2.29589e-41
0
3.5761e-19
0
0
-4.69836e-18
0
0
-3.91235e-18
-1.14794e-41
0
3.29124e-19
4.59177e-41
0
1.85686e-19
4.59177e-41
0
4.30611e-19
0
0
6.55373e-19
0
0
2.73072e-19
5.73972e-42
0
1.26572e-19
-2.29589e-41
0
-3.1245e-19
-4.59177e-41
5.25523e-05
4.94427e-20
-4.59177e-41
0
-2.1905e-20
2.86986e-42
0
4.86686e-20
0
0
3.44679e-21
-5.73972e-42
0
7.86356e-18
-2.29589e-41
0
-1.52438e-18
4.59177e-41
0
-5.57801e-19
0
0
-4.36088e-07
3.23117e-27
0
2.57911e-19
2.29589e-41
0
-4.99903e-21
-1.14794e-41
0
2.32548e-18
-4.59177e-41
0
1.86506e-21
-2.29589e-41
0
1.12337e-22
0
0
-1.0814e-18
0
0
-1.30853e-17
-1.14794e-41
0
-7.95605e-19
3.58732e-43
0
-7.57241e-19
0
0
-3.98914e-20
0
0
-8.46256e-22
0
0
-2.04519e-20
2.86986e-42
0
-1.09194e-20
0
0
7.91465e-19
2.29589e-41
0
-9.75167e-19
2.86986e-42
0
1.98383e-19
0
0
1.99161e-19
-4.59177e-41
0
1.87293e-20
4.59177e-41
0
1.69153e-18
4.59177e-41
0
2.23989e-20
4.59177e-41
0
7.12868e-21
-4.59177e-41
0
3.92225e-21
0
0
6.0852e-21
9.18355e-41
0
1.51415e-19
4.59177e-41
0
2.26877e-19
4.59177e-41
0
5.39785e-19
0
0
1.11785e-17
-9.18355e-41
0
9.12404e-18
0
0
4.12064e-19
9.18355e-41
0
1.23634e-18
-4.59177e-41
0
9.77836e-19
-4.59177e-41
0
8.70011e-19
0
0
2.56482e-19
-9.18355e-41
0
1.85369e-20
9.18355e-41
0
8.02718e-19
4.59177e-41
0
9.65871e-18
9.18355e-41
0
1.86209e-18
-4.59177e-41
0
3.76741e-19
0
0
3.58729e-19
-4.59177e-41
0
1.35119e-05
0
-0.000107593
-3.50407e-20
0
0
-7.06431e-20
0
0
-7.10488e-21
0
0
-1.97648e-21
1.14794e-41
0
-3.89138e-21
-1.14794e-41
0
-1.07369e-20
1.14794e-41
0
-1.11431e-18
1.14794e-41
0
-9.43202e-19
1.14794e-41
0
-3.04287e-20
-1.14794e-41
0
-7.3364e-20
0
0
-6.74459e-18
1.14794e-41
0
-6.04982e-18
-1.14794e-41
0
-3.78845e-18
0
0
-3.95535e-18
1.14794e-41
0
-3.39757e-18
-1.14794e-41
0
-1.58874e-20
0
0
-1.31678e-19
1.14794e-41
0
-1.65762e-18
-1.14794e-41
0
-2.30409e-18
1.14794e-41
0
1.66621e-19
0
0
8.79071e-22
-1.14794e-41
0
1.06864e-21
0
0
1.66345e-19
1.14794e-41
0
2.07248e-20
0
0
1.2881e-19
0
0
1.89516e-19
1.14794e-41
0
1.85749e-20
0
0
6.27631e-20
-1.14794e-41
0
5.78483e-18
0
0
4.93894e-18
0
0
6.34622e-18
0
0
4.4567e-18
-1.14794e-41
0
2.1059e-18
0
0
1.31672e-18
0
0
2.73504e-18
0
0
5.29796e-21
0
0
1.07307e-19
1.14794e-41
0
4.04373e-18
0
0
2.0839e-18
1.14794e-41
0
-1.15175e-19
0
0
-1.45089e-19
-4.59177e-41
0
-4.4158e-20
-9.18355e-41
0
-4.43506e-19
0
0
-2.43165e-19
0
0
-1.57644e-21
0
0
-2.48124e-21
0
0
-4.29328e-21
9.18355e-41
0
-9.25014e-21
-9.18355e-41
0
-3.28026e-21
-9.18355e-41
0
-3.45696e-21
-4.59177e-41
0
-8.89018e-20
-9.18355e-41
0
-1.5704e-19
0
2.04033e-06
-6.99353e-20
-9.18355e-41
0
-1.23479e-19
9.18355e-41
0
-1.55854e-20
-9.18355e-41
0
-4.14978e-20
-9.18355e-41
0
-3.73967e-20
0
0
-1.24042e-19
0
0
-1.48921e-19
0
0
1.50294e-19
0
0
1.60706e-19
0
0
7.79231e-20
-1.14794e-41
0
-1.62853e-18
0
0
3.93748e-19
-1.14794e-41
0
1.21963e-18
-1.14794e-41
0
1.6284e-21
-2.29589e-41
0
7.95395e-22
4.59177e-41
0
9.30459e-22
0
0
7.13842e-22
0
0
7.60845e-22
0
0
4.04131e-21
4.59177e-41
0
3.18103e-20
-2.29589e-41
0
-2.45433e-19
-5.73972e-42
0
-1.26722e-21
0
0
1.34728e-20
-7.17465e-43
0
-4.1656e-20
3.58732e-43
0
-1.19807e-19
-5.73972e-42
0
3.7738e-23
2.29589e-41
0
4.00208e-21
0
0
4.29731e-21
4.59177e-41
0
2.25499e-18
-1.14794e-41
0
1.04667e-18
0
0
6.40957e-21
0
0
6.43791e-21
-4.59177e-41
0
4.87211e-22
4.59177e-41
0
-4.21717e-21
0
0
1.08309e-21
0
0
-7.08081e-21
-9.18355e-41
0
8.73401e-20
0
0
1.51191e-19
0
0
2.54917e-20
2.29589e-41
0
1.34415e-21
-8.60958e-42
0
1.69376e-20
-5.73972e-42
0
6.03182e-20
0
0
1.69321e-19
1.14794e-41
0
2.45715e-19
0
0
9.67654e-20
0
0
-4.7808e-19
-5.73972e-42
0
-1.06547e-18
0
0
-4.81438e-21
0
0
-1.21893e-20
0
0
-3.26515e-19
0
0
-1.02437e-20
2.29589e-41
0
-5.42775e-21
-5.73972e-42
0
-4.72073e-21
-4.59177e-41
0
-1.67815e-18
0
0
-1.02245e-18
-2.29589e-41
0
-1.88661e-18
0
0
-6.68471e-20
-2.29589e-41
0
-7.44184e-21
-4.59177e-41
0
-4.64108e-21
-1.14794e-41
0
-1.15349e-20
-2.29589e-41
0
-1.39077e-20
-4.59177e-41
0
7.11779e-19
2.86986e-42
0
9.49311e-19
3.58732e-43
0
6.40454e-19
0
0
1.46404e-18
0
0
-8.23631e-20
0
0
-3.4193e-20
-9.18355e-41
0
1.19016e-20
0
0
8.18145e-20
-5.73972e-42
0
-2.70761e-20
0
0
1.57287e-19
0
0
3.16065e-19
0
0
-2.05421e-19
2.29589e-41
0
-2.28723e-21
-2.29589e-41
0
-1.77476e-20
-2.29589e-41
0
-3.60306e-21
-2.29589e-41
0
-1.048e-20
0
0
-1.03935e-20
0
0
-1.291e-17
2.29589e-41
0
-1.54289e-17
0
0
-1.8856e-20
0
0
-1.13e-20
0
0
-1.0847e-20
0
0
-1.25314e-20
-2.29589e-41
0
-2.87127e-20
-2.29589e-41
0
-8.95383e-19
0
0
-1.00188e-21
2.29589e-41
0
-1.02775e-20
0
0
-1.96804e-19
0
0
-3.21928e-19
2.29589e-41
0
4.48374e-19
0
0
8.62317e-21
0
0
1.17223e-20
-2.29589e-41
0
3.26536e-20
0
0
8.51337e-18
-2.29589e-41
0
7.44327e-22
0
0
2.34667e-20
0
0
7.99318e-21
-2.29589e-41
0
2.39761e-20
0
0
3.10066e-20
2.29589e-41
2.54395e-05
1.04524e-20
0
0
1.24611e-20
0
0
1.10293e-20
0
0
8.84941e-22
0
0
2.45726e-18
0
0
2.41468e-18
-2.29589e-41
0
2.72685e-20
0
0
1.80622e-20
0
0
2.84784e-19
2.29589e-41
0
-1.56738e-19
-1.14794e-41
0
-1.29446e-19
-1.14794e-41
0
-4.57546e-21
-1.14794e-41
0
-9.72274e-21
0
0
-1.03383e-20
-1.14794e-41
0
-2.33905e-21
0
0
-2.68309e-21
1.14794e-41
0
-8.54415e-21
1.14794e-41
0
-5.55081e-21
0
0
-1.47896e-20
0
0
-2.12505e-19
1.14794e-41
0
-1.9474e-19
1.14794e-41
0
-1.22301e-18
1.14794e-41
0
-7.05917e-19
0
0
-2.51914e-19
0
0
-1.8371e-18
0
0
1.22186e-19
1.14794e-41
0
2.39106e-19
0
0
1.0069e-20
0
0
5.51103e-21
-1.14794e-41
0
1.10889e-20
0
0
9.04384e-21
0
0
9.79044e-21
1.14794e-41
0
1.2692e-20
0
0
9.48907e-21
-1.14794e-41
0
3.92565e-21
-1.14794e-41
0
3.05429e-21
0
0
2.22645e-21
0
0
1.93067e-21
-1.14794e-41
0
6.37659e-21
-1.14794e-41
0
8.08594e-21
-1.14794e-41
0
1.10822e-20
0
0
1.06264e-19
1.14794e-41
0
7.59828e-19
0
0
1.0677e-19
-1.14794e-41
0
8.26797e-20
-1.14794e-41
0
2.46864e-19
0
0
4.12165e-18
0
0
-1.13125e-18
0
0
-3.84053e-20
4.59177e-41
0
-6.8601e-20
0
0
-4.26952e-20
0
0
-3.16264e-20
-4.59177e-41
0
-2.3611e-19
0
0
-1.96876e-19
0
0
-4.25318e-20
-4.59177e-41
0
-1.37502e-18
-4.59177e-41
0
-8.10629e-19
0
0
-4.32541e-19
0
0
-3.52112e-19
-4.59177e-41
0
-2.06429e-19
0
0
-1.01901e-18
-4.59177e-41
0
-5.57089e-18
0
0
-5.19356e-18
-4.59177e-41
0
-6.20198e-18
0
0
-1.65062e-19
-4.59177e-41
0
-4.33442e-19
-4.59177e-41
0
1.02471e-20
-4.59177e-41
0
-2.02257e-20
0
0
0.000254122
0
-0.00135697
-6.99622e-20
0
0
-1.71254e-19
4.59177e-41
0
-1.87737e-19
0
0
-2.87741e-19
0
0
-6.42446e-20
-4.59177e-41
0
-3.33897e-20
0
0
-6.47039e-20
0
0
3.50684e-19
0
0
3.364e-19
0
0
8.71703e-18
4.59177e-41
0
3.76856e-18
-9.18355e-41
0
7.10848e-18
2.29589e-41
0
-1.07304e-17
0
0
-6.81329e-18
2.29589e-41
0
-2.71135e-19
0
0
-1.81103e-20
-2.29589e-41
0
-7.54102e-20
-4.59177e-41
0
4.51856e-19
-5.73972e-42
0
1.30689e-18
0
0
8.20645e-20
0
0
8.49455e-20
0
0
-2.01016e-18
0
0
-2.20758e-18
4.59177e-41
0
2.53437e-19
4.59177e-41
0
1.44465e-19
1.14794e-41
0
2.57522e-19
5.73972e-42
0
2.56762e-20
2.86986e-42
0
-4.02927e-20
0
0
-4.86069e-19
0
0
-3.60413e-19
-4.59177e-41
0
-9.82539e-20
5.73972e-42
2.34032e-06
-9.01784e-20
0
0
4.98652e-18
0
0
7.87278e-18
0
0
9.07009e-18
0
0
-9.94159e-18
9.18355e-41
0
-2.45795e-18
-4.59177e-41
0
-5.28877e-19
0
0
-2.30175e-21
0
0
2.18839e-19
0
0
-4.97139e-21
0
0
1.58713e-18
-4.59177e-41
0
4.46325e-21
-1.14794e-41
0
1.79936e-21
0
0
-2.80631e-21
0
0
-2.60217e-19
-4.59177e-41
0
-7.55197e-19
-2.29589e-41
0
-2.20842e-19
4.59177e-41
0
7.53018e-21
0
0
-1.22553e-21
2.29589e-41
0
-2.66862e-18
0
0
3.38535e-19
4.59177e-41
0
2.21288e-06
0
-1.98158e-06
2.58476e-20
-4.59177e-41
0
3.3651e-21
0
0
4.20426e-19
4.59177e-41
0
1.65943e-20
0
0
2.1006e-19
9.18355e-41
0
8.97733e-18
0
0
1.44504e-18
0
0
6.75895e-19
-4.59177e-41
0
1.97811e-19
0
0
2.5318e-20
-4.59177e-41
0
3.02014e-20
0
0
4.38911e-21
1.83671e-40
0
1.54626e-17
0
0
1.73073e-18
0
0
2.24215e-18
-4.59177e-41
0
4.57027e-19
0
0
-3.62622e-06
1.29247e-26
0
-1.59431e-20
0
0
-8.23318e-20
0
0
-1.85431e-19
0
0
-5.53505e-21
1.14794e-41
0
-9.86217e-21
0
0
-9.58147e-19
-2.29589e-41
0
-8.8452e-19
-1.14794e-41
0
-5.00534e-20
-2.29589e-41
0
-7.49381e-20
1.14794e-41
0
-1.89516e-19
1.14794e-41
0
-4.8102e-18
0
0
-6.31356e-18
0
0
-4.45669e-18
1.14794e-41
0
-2.1059e-18
0
0
-4.70516e-18
1.14794e-41
0
-1.31672e-18
0
0
-2.73504e-18
0
0
-1.56496e-20
0
0
-5.492e-20
0
0
-2.15783e-18
1.14794e-41
0
-2.0839e-18
-1.14794e-41
0
-1.56333e-18
0
0
-7.52362e-06
0
-2.71072e-06
3.50406e-20
0
0
7.1048e-21
1.14794e-41
0
1.9764e-21
-1.14794e-41
0
1.07368e-20
0
0
6.22531e-21
0
0
9.43202e-19
1.14794e-41
0
1.88686e-19
0
0
2.60642e-19
-1.14794e-41
0
6.61998e-20
0
0
5.42876e-18
0
0
6.74459e-18
0
0
6.04982e-18
0
0
6.04382e-18
0
0
4.31687e-18
1.14794e-41
0
3.78845e-18
-2.29589e-41
0
1.5151e-18
1.14794e-41
0
4.95999e-18
0
0
4.70858e-18
-1.14794e-41
0
2.71516e-19
0
0
6.93796e-19
0
0
1.65762e-18
0
0
3.4845e-18
0
0
-8.30274e-20
-9.18355e-41
0
-1.61609e-19
0
0
-3.73215e-19
-4.59177e-41
0
-2.25218e-19
0
0
-5.19401e-21
0
0
-2.99557e-22
-4.59177e-41
0
-7.46958e-21
-4.59177e-41
0
-8.70026e-21
0
0
-1.59595e-21
0
0
-2.51679e-20
-4.59177e-41
0
-1.14137e-19
-9.18355e-41
0
-6.03779e-20
4.59177e-41
0
-2.51027e-19
4.59177e-41
0
-1.54638e-19
0
0
-5.79772e-20
-9.18355e-41
0
1.16466e-06
-6.46235e-27
3.60167e-07
0.000148912
0
-0.00211142
1.85444e-19
2.29589e-41
0
2.13526e-19
0
0
-6.0225e-19
0
0
4.31168e-19
-2.29589e-41
0
2.68655e-19
-1.14794e-41
0
7.50031e-21
-4.59177e-41
0
1.35761e-20
-2.29589e-41
0
1.48071e-20
0
0
-4.86186e-22
0
0
-1.61024e-21
9.18355e-41
0
3.55056e-21
0
0
3.51716e-20
2.29589e-41
0
-3.425e-21
0
0
-3.4429e-20
0
0
-1.22449e-20
9.18355e-41
0
-1.17562e-20
1.43493e-42
0
-4.2664e-20
-1.43493e-42
0
1.06117e-20
0
0
-7.71782e-21
0
0
6.73684e-21
4.59177e-41
0
6.10634e-21
4.59177e-41
0
1.46968e-20
-1.14794e-41
0
5.30747e-18
0
0
2.84453e-18
-4.59177e-41
0
7.51925e-21
-2.29589e-41
0
-4.65589e-21
0
0
-6.90848e-21
4.59177e-41
0
-3.49386e-21
-4.59177e-41
0
-3.64501e-22
0
0
-4.84736e-21
2.29589e-41
0
6.47301e-22
2.29589e-41
0
1.30844e-19
-4.59177e-41
0
5.30094e-20
-4.59177e-41
0
2.15313e-20
0
0
3.5863e-19
-5.73972e-42
0
8.48092e-20
4.59177e-41
0
8.99269e-20
-4.59177e-41
0
4.08111e-20
-4.59177e-41
0
0.000314405
2.06795e-25
-0.00027824
-1.00978e-18
0
0
-1.23378e-18
4.59177e-41
0
-1.70651e-18
0
0
-1.76311e-20
0
0
2.0547e-21
-4.59177e-41
0
-3.44404e-21
-9.18355e-41
0
-4.40096e-21
0
0
-4.26979e-20
-2.29589e-41
0
-4.12358e-19
0
0
-4.45374e-19
9.18355e-41
0
-1.87301e-18
-9.18355e-41
0
-1.40208e-18
0
0
-8.11027e-19
4.59177e-41
0
1.54183e-19
0
0
-3.10424e-19
0
0
-1.30125e-20
-1.14794e-41
0
-2.88575e-21
0
0
1.33106e-18
2.86986e-42
0
1.02628e-18
0
0
-6.92593e-21
2.29589e-41
0
1.53926e-20
1.14794e-41
0
1.5806e-19
-1.14794e-41
0
1.53123e-18
0
0
2.71047e-18
-1.14794e-41
0
1.29353e-20
8.60958e-42
0
-2.3476e-21
0
0
-6.01905e-19
1.14794e-41
0
1.84371e-18
5.73972e-42
0
8.38299e-19
0
0
2.08932e-19
2.29589e-41
0
8.91676e-19
5.73972e-42
0
1.67887e-21
-1.14794e-41
0
-1.04128e-18
-2.29589e-41
0
-2.43274e-18
-2.29589e-41
0
-1.20712e-18
1.14794e-41
0
-6.9704e-06
0
0
1.95003e-19
-4.59177e-41
0
3.14434e-19
4.59177e-41
0
-6.37486e-20
1.14794e-41
0
-7.54352e-21
4.59177e-41
0
4.28777e-20
-1.14794e-41
0
-2.09286e-20
-2.86986e-42
0
1.74345e-19
-4.59177e-41
0
2.28297e-20
1.14794e-41
0
-3.83883e-20
5.73972e-42
0
-1.24772e-22
-5.73972e-42
0
6.84846e-22
2.86986e-42
0
2.17604e-22
2.86986e-42
0
3.58106e-19
2.86986e-42
0
-1.61928e-19
1.14794e-41
0
-7.12938e-19
1.14794e-41
0
-2.17024e-19
2.86986e-42
0
-6.12434e-19
-1.14794e-41
0
2.03903e-18
0
0
-8.72504e-19
-5.73972e-42
0
1.42246e-18
0
0
0.000210486
-1.03398e-25
-0.00132284
6.25667e-20
-4.59177e-41
0
8.53624e-19
2.29589e-41
0
4.68194e-19
0
3.76482e-08
1.38535e-19
2.29589e-41
0
8.95589e-20
2.29589e-41
0
2.75441e-19
0
0
3.81599e-19
-1.14794e-41
0
8.86101e-20
0
0
6.41065e-19
2.29589e-41
0
5.51986e-19
0
0
1.17912e-18
0
0
7.81385e-19
0
0
1.13177e-18
0
0
6.27977e-19
0
0
1.67269e-18
-2.29589e-41
0
4.20471e-19
-4.59177e-41
0
6.31833e-19
0
0
6.92842e-19
-2.29589e-41
0
8.22817e-19
0
0
6.01317e-19
-4.59177e-41
0
-2.38433e-18
-2.29589e-41
0
-2.63656e-18
2.29589e-41
0
-2.72975e-18
2.29589e-41
0
-4.67732e-18
0
0
-3.99143e-18
2.29589e-41
0
-5.64376e-18
0
0
-3.35872e-19
-2.29589e-41
0
-1.20568e-18
-1.14794e-41
0
-8.89147e-19
0
0
-3.46546e-19
-4.59177e-41
0
-6.09741e-19
1.14794e-41
0
-4.33039e-19
-1.14794e-41
0
-8.58976e-19
-4.59177e-41
0
-1.52692e-18
-4.59177e-41
0
-3.98559e-19
0
0
-7.9117e-19
0
0
-8.5352e-20
-5.73972e-42
0
-4.16116e-19
0
0
-2.09677e-20
2.86986e-42
0
-1.29144e-20
0
0
2.50435e-20
-9.18355e-41
0
7.27814e-22
0
0
2.42352e-18
4.59177e-41
0
1.17659e-18
-4.59177e-41
0
6.89343e-19
-4.59177e-41
0
2.04411e-18
-4.59177e-41
0
2.42455e-18
0
0
2.37888e-18
0
0
5.1624e-18
0
0
5.64201e-19
0
0
4.48087e-19
4.59177e-41
0
8.39559e-22
9.18355e-41
0
1.3658e-20
9.18355e-41
0
1.16052e-20
0
0
3.0683e-20
-4.59177e-41
0
5.00694e-21
-4.59177e-41
0
2.4029e-20
4.59177e-41
0
1.59929e-20
-9.18355e-41
0
6.48899e-20
9.18355e-41
0
7.67772e-20
-4.59177e-41
0
1.2813e-19
9.18355e-41
0
1.7194e-20
0
0
-4.48374e-19
0
0
-3.13535e-19
0
0
-8.62301e-21
0
0
-1.17221e-20
-2.29589e-41
0
-3.26535e-20
2.29589e-41
0
-1.35911e-17
0
0
-7.99301e-21
2.29589e-41
0
-1.04522e-20
0
0
-1.17865e-20
0
0
-2.41468e-18
2.29589e-41
0
-2.80499e-20
2.29589e-41
0
-3.78495e-19
0
0
4.92688e-06
0
0
-7.64682e-05
-2.06795e-25
-2.01745e-05
2.91743e-20
0
0
2.97581e-20
-2.29589e-41
0
1.73983e-20
-2.29589e-41
0
2.84943e-20
-2.29589e-41
0
3.60289e-21
-2.29589e-41
0
1.04798e-20
0
0
1.54289e-17
-2.29589e-41
0
2.2241e-20
0
0
3.16175e-20
0
0
9.10458e-21
-2.29589e-41
0
2.67145e-20
0
0
3.85773e-21
-2.29589e-41
0
8.45465e-21
0
0
1.15656e-20
-2.29589e-41
0
4.44979e-21
0
0
5.67043e-21
0
0
1.25312e-20
-2.29589e-41
0
2.87125e-20
0
0
1.74953e-18
2.29589e-41
0
1.64941e-18
0
0
2.98145e-20
0
0
1.30679e-20
2.29589e-41
0
1.02773e-20
-2.29589e-41
0
1.96804e-19
0
0
1.65692e-19
0
0
3.21928e-19
0
0
-1.06728e-19
0
2.05337e-06
-9.57545e-20
0
0
-5.51095e-21
0
0
-2.73897e-21
0
0
-1.10888e-20
1.14794e-41
0
-1.26919e-20
-1.14794e-41
0
-9.48899e-21
0
0
-1.48044e-20
0
0
-1.26048e-20
-1.14794e-41
0
-3.92557e-21
-1.14794e-41
0
-3.05421e-21
1.14794e-41
0
-2.26698e-21
0
0
-2.69193e-21
0
0
-2.19906e-21
0
0
-5.5162e-22
1.14794e-41
0
-1.16082e-20
-1.14794e-41
0
-2.36244e-19
0
0
-1.06264e-19
0
0
-2.2491e-19
-1.14794e-41
0
-1.23246e-18
0
0
-6.70162e-20
1.14794e-41
0
-8.26797e-20
0
0
-9.14697e-20
-1.14794e-41
0
6.41291e-20
0
0
3.47365e-20
0
0
1.29446e-19
1.14794e-41
0
4.8613e-21
0
0
8.68876e-21
-1.14794e-41
0
1.49014e-20
0
0
1.24246e-20
2.29589e-41
0
2.68301e-21
-1.14794e-41
0
3.64525e-21
0
0
8.54406e-21
0
0
2.12505e-19
0
0
1.9474e-19
1.14794e-41
0
2.73801e-19
-1.14794e-41
0
3.78948e-20
0
0
1.08801e-19
1.14794e-41
0
4.51508e-18
-1.14794e-41
0
0.00048786
0
-0.000109315
-5.11149e-19
-4.59177e-41
0
-9.25775e-20
-9.18355e-41
0
-9.66575e-20
-4.59177e-41
0
-3.30077e-20
0
0
2.28909e-20
0
0
-7.23894e-20
-4.59177e-41
0
-1.37505e-19
0
0
-2.91805e-19
-4.59177e-41
0
-4.23368e-19
0
0
-3.26796e-19
0
0
-5.11454e-19
0
0
-1.5665e-18
0
0
-5.36775e-19
4.59177e-41
0
-9.06626e-18
0
0
-4.2733e-20
4.59177e-41
0
-2.11564e-19
0
0
1.04716e-20
4.59177e-41
0
1.47568e-20
0
0
-1.42052e-18
-9.18355e-41
0
-7.02289e-20
-4.59177e-41
0
-6.94242e-19
-4.59177e-41
0
-2.00873e-20
4.59177e-41
0
-2.7801e-19
-2.29589e-41
0
-6.55489e-20
-3.58732e-43
0
2.18615e-19
-4.59177e-41
0
3.93135e-19
0
0
2.98079e-19
-2.29589e-41
0
1.21676e-19
0
0
9.00421e-19
2.29589e-41
0
4.47506e-19
2.29589e-41
0
-4.8602e-18
0
0
-7.85021e-18
-4.59177e-41
0
-6.60549e-21
0
0
4.11311e-21
-8.96831e-44
0
-6.19845e-19
-2.29589e-41
0
1.37785e-19
5.73972e-42
0
1.65142e-19
0
0
5.25192e-21
0
0
6.56961e-18
0
0
-5.11524e-19
1.43493e-42
0
-1.29711e-18
-4.59177e-41
0
-6.12363e-19
0
0
-3.16922e-19
0
0
5.76324e-19
-4.59177e-41
0
9.55603e-20
0
0
1.01994e-19
0
0
-1.38511e-20
0
0
9.03016e-21
-4.59177e-41
0
1.55779e-18
0
0
-3.35487e-21
0
0
-8.65573e-20
0
0
-8.61914e-18
0
0
-6.36974e-19
0
0
-7.0718e-19
-4.59177e-41
0
-1.18422e-18
0
0
-8.64982e-20
-2.29589e-41
0
-1.11579e-20
-2.29589e-41
0
-1.63565e-20
-1.14794e-41
0
-8.11596e-19
0
0
1.54578e-19
-1.14794e-41
0
9.4531e-06
6.46235e-27
0
1.48827e-20
0
0
3.50891e-19
-4.59177e-41
0
1.61847e-20
0
0
9.94944e-21
0
0
9.8938e-19
-4.59177e-41
0
6.87071e-19
4.59177e-41
0
2.94489e-20
0
0
3.88521e-20
0
0
1.08975e-20
0
0
5.41051e-19
4.59177e-41
0
1.28561e-19
4.59177e-41
0
-6.22522e-21
0
0
-1.06856e-21
0
0
-2.11941e-19
-1.14794e-41
0
-1.88686e-19
0
0
-7.05837e-20
0
0
-2.60642e-19
1.14794e-41
0
-1.07362e-19
0
0
-6.61997e-20
2.29589e-41
0
-5.12541e-18
1.14794e-41
0
-6.03028e-18
-2.29589e-41
0
-6.04382e-18
0
0
-6.34622e-18
1.14794e-41
0
-4.95999e-18
1.14794e-41
0
-4.70858e-18
0
0
-1.42752e-20
-1.14794e-41
0
-2.71516e-19
1.14794e-41
0
-4.04373e-18
1.14794e-41
0
-3.4845e-18
0
0
-6.77169e-05
0
0
1.85431e-19
1.14794e-41
0
1.28865e-21
1.14794e-41
0
5.53497e-21
0
0
3.8913e-21
-1.14794e-41
0
1.31958e-20
1.14794e-41
0
2.62426e-20
0
0
4.91011e-18
1.14794e-41
0
5.08374e-18
0
0
1.31678e-19
0
0
2.30409e-18
0
0
1.56333e-18
0
0
-1.55467e-19
0
0
-1.30635e-19
0
0
-2.0924e-19
0
0
-6.24247e-20
-9.18355e-41
0
-1.5336e-19
0
0
-4.36701e-19
0
0
-2.87459e-19
4.59177e-41
0
-2.77924e-19
-9.18355e-41
0
-5.66108e-21
-4.59177e-41
0
-1.26922e-20
-4.59177e-41
0
-1.60223e-20
4.59177e-41
0
-7.65786e-20
-9.18355e-41
0
-2.08253e-19
0
0
-1.134e-19
0
0
-4.46384e-19
0
0
-1.81559e-19
-9.18355e-41
0
-1.32178e-19
0
0
7.99092e-20
0
0
-3.42e-18
-5.73972e-42
0
-7.96791e-19
0
0
4.09033e-19
-2.29589e-41
0
8.0156e-22
0
0
1.7796e-21
0
0
8.68571e-22
2.29589e-41
0
-2.05467e-20
0
0
1.60536e-20
9.18355e-41
0
2.67587e-20
2.29589e-41
0
-3.82889e-20
9.18355e-41
0
-6.01827e-20
4.59177e-41
0
1.38503e-19
2.29589e-41
0
2.00233e-19
-9.18355e-41
0
2.83769e-20
0
0
-1.6476e-20
0
0
2.39343e-06
0
0
0.00013559
-5.16988e-26
-2.69701e-06
6.72372e-21
1.14794e-41
0
2.01248e-18
0
0
1.15147e-18
0
0
1.96749e-20
1.79366e-43
0
1.99004e-21
-4.59177e-41
0
3.78863e-21
0
0
1.37771e-20
2.29589e-41
0
-2.46265e-19
4.59177e-41
0
-1.81063e-20
9.18355e-41
0
1.09617e-20
-4.59177e-41
0
1.44155e-19
0
0
2.51621e-19
2.29589e-41
0
1.62858e-19
-2.29589e-41
0
2.81411e-19
0
0
1.38447e-19
1.14794e-41
0
-1.26356e-18
0
0
-1.26458e-20
-2.29589e-41
0
-4.98636e-20
2.29589e-41
0
-9.87358e-20
0
0
-5.58789e-19
4.59177e-41
0
-3.92851e-19
0
0
-1.33535e-20
4.59177e-41
0
-6.96175e-21
0
0
-1.55415e-20
0
0
-3.08367e-18
-4.59177e-41
0
-1.82636e-18
0
0
2.86595e-19
0
0
-3.28339e-19
2.29589e-41
0
-1.41566e-20
-5.73972e-42
0
-2.15838e-21
6.88766e-41
0
-8.25466e-07
0
0
-9.29996e-05
2.06795e-25
-0.000103295
1.2288e-18
-5.73972e-42
0
4.50331e-19
2.29589e-41
0
-2.3043e-19
0
0
-1.02526e-19
1.14794e-41
0
1.02925e-19
-2.29589e-41
0
6.77028e-20
-2.29589e-41
0
3.95051e-19
0
0
1.42813e-18
0
0
1.98954e-21
2.29589e-41
0
-2.14569e-18
-4.59177e-41
0
9.07821e-19
0
0
1.01156e-18
-3.58732e-43
0
2.89707e-19
0
0
6.09443e-19
-1.14794e-41
0
8.55162e-19
0
0
4.31632e-21
-2.29589e-41
0
-2.02421e-18
-1.14794e-41
0
-4.36888e-19
4.59177e-41
0
-3.78108e-18
0
0
-9.59403e-19
4.59177e-41
0
-9.68524e-20
2.86986e-42
0
2.40857e-19
4.59177e-41
0
-2.25189e-21
2.86986e-42
0
4.63907e-20
-1.14794e-41
0
1.42582e-20
0
0
-7.43563e-21
4.59177e-41
0
2.80876e-21
-1.14794e-41
0
-4.77903e-20
-1.43493e-42
0
-1.28682e-21
0
0
2.25211e-20
2.29589e-41
0
-8.7169e-22
2.86986e-42
0
-9.58262e-22
0
0
-9.39532e-19
0
0
-7.94743e-20
-4.59177e-41
0
3.12287e-19
0
0
-2.49038e-19
0
0
-2.71043e-19
0
0
-5.37833e-19
7.17465e-43
0
-2.12035e-18
-2.29589e-41
0
7.23076e-19
-5.73972e-42
0
-1.15995e-19
0
0
2.85361e-18
-1.14794e-41
0
6.72429e-05
-6.46235e-27
0
1.00982e-19
4.59177e-41
0
1.24483e-19
-2.29589e-41
0
5.69834e-19
0
0
4.79109e-19
4.59177e-41
0
8.44775e-20
0
0
1.20457e-19
-2.29589e-41
0
4.37788e-19
6.88766e-41
0
2.82298e-19
-1.14794e-41
0
3.76322e-20
-1.14794e-41
0
2.80404e-19
2.29589e-41
0
8.57433e-19
1.14794e-41
0
2.3986e-18
-4.59177e-41
0
8.88432e-19
-4.59177e-41
0
5.48791e-19
2.29589e-41
0
1.16297e-18
2.29589e-41
0
6.4119e-19
4.59177e-41
0
1.19336e-18
0
0
2.29362e-18
0
0
8.76282e-19
-9.18355e-41
0
3.13357e-19
0
0
-2.22432e-22
2.86986e-42
0
-1.31214e-21
4.59177e-41
0
-1.54273e-18
0
0
-1.83288e-18
-2.29589e-41
0
-2.25425e-18
0
0
-3.89749e-18
-2.29589e-41
0
-5.17139e-19
2.86986e-42
0
-1.7771e-18
0
0
-4.09735e-19
2.86986e-42
0
-1.31387e-18
0
0
-6.51256e-19
2.29589e-41
0
-1.47226e-18
-4.59177e-41
0
-5.18147e-19
-4.59177e-41
0
-7.23327e-19
0
0
-9.7457e-19
0
0
-2.9094e-19
0
0
-2.99418e-19
-2.29589e-41
0
-3.99444e-19
2.29589e-41
0
-3.55125e-20
5.60519e-45
0
-4.14887e-20
-5.73972e-42
0
9.82699e-09
0
-0.00147369
5.70397e-21
-4.59177e-41
0
1.88491e-19
-9.18355e-41
0
7.26164e-19
-9.18355e-41
0
2.3101e-18
-2.29589e-41
0
2.67834e-18
0
0
5.12079e-18
9.18355e-41
0
3.17728e-19
-4.59177e-41
0
2.5942e-20
0
0
3.03075e-20
-2.29589e-41
0
3.06521e-20
0
0
1.70987e-22
0
0
1.52621e-22
0
0
2.28859e-20
0
0
2.38014e-20
4.59177e-41
0
3.54326e-20
2.29589e-41
0
1.13521e-19
4.59177e-41
0
1.93393e-19
0
0
4.71277e-20
-2.29589e-41
0
8.96215e-20
4.59177e-41
0
8.14314e-20
0
0
7.30923e-21
-2.29589e-41
0
4.52212e-21
2.29589e-41
0
-2.97579e-20
0
0
-1.03909e-20
0
0
-1.73981e-20
0
0
-9.10441e-21
0
0
-8.45448e-21
0
0
-1.15655e-20
0
0
-4.44963e-21
0
0
-1.74953e-18
2.29589e-41
0
-1.64941e-18
0
0
-4.26772e-19
0
0
-1.65691e-19
2.29589e-41
0
3.13535e-19
0
0
3.04556e-20
0
0
9.16937e-21
0
0
1.35911e-17
0
0
1.11523e-20
-2.29589e-41
0
2.54407e-20
-2.29589e-41
0
2.8611e-21
0
0
1.31442e-20
-2.29589e-41
0
2.74683e-18
2.29589e-41
0
1.81655e-18
0
0
2.35904e-18
0
0
8.92341e-21
0
0
3.71785e-21
0
0
-6.41291e-20
1.14794e-41
0
-3.47364e-20
-1.14794e-41
0
-1.92964e-19
0
0
-2.41001e-21
0
0
-1.25629e-20
0
0
-1.24246e-20
1.14794e-41
0
-2.22637e-21
1.14794e-41
0
-8.08586e-21
1.14794e-41
0
-2.17476e-19
1.14794e-41
0
-5.7259e-19
0
0
-6.2035e-20
0
0
-1.08801e-19
0
0
-2.12627e-19
1.14794e-41
0
-4.51508e-18
0
0
4.91868e-20
-1.14794e-41
0
9.57544e-20
-1.14794e-41
0
2.69184e-21
1.14794e-41
0
5.51537e-22
-1.14794e-41
0
5.51106e-21
1.14794e-41
0
1.7355e-19
0
0
2.2491e-19
0
0
-1.9396e-18
0
0
-1.00028e-19
0
0
-1.55423e-19
0
0
-9.13646e-20
0
0
-7.33363e-19
-4.59177e-41
0
-2.657e-19
0
0
-4.04605e-19
-4.59177e-41
0
-7.96714e-19
0
0
-7.11426e-18
-4.59177e-41
0
4.37928e-20
0
0
-5.76569e-20
9.18355e-41
0
-1.52239e-20
0
0
-5.26353e-19
4.59177e-41
0
-1.02833e-18
0
0
-2.75968e-19
0
0
-9.98269e-20
-2.29589e-41
0
8.33236e-20
1.43493e-42
0
-6.13237e-18
0
0
1.10138e-18
0
0
7.62648e-20
0
0
6.38958e-20
-4.59177e-41
0
3.92663e-20
-4.59177e-41
0
3.1162e-19
0
0
3.6376e-19
0
0
-8.3584e-21
-5.73972e-42
0
-3.4536e-20
0
0
3.77436e-21
0
0
1.97061e-19
-1.43493e-42
0
-1.37514e-21
-4.59177e-41
0
-1.17817e-18
4.59177e-41
0
1.34902e-19
0
0
1.96333e-19
0
0
-2.65722e-19
0
0
9.16794e-19
0
0
4.33379e-18
-4.59177e-41
0
2.28806e-19
0
0
3.18762e-21
0
0
5.23767e-20
-4.59177e-41
0
2.09961e-19
-1.14794e-41
0
9.32334e-21
0
0
4.08049e-21
0
0
2.25585e-20
0
0
9.46948e-21
0
0
6.42464e-21
-4.59177e-41
0
8.99217e-20
9.18355e-41
0
7.363e-19
-9.18355e-41
0
1.26214e-18
-4.59177e-41
0
7.15575e-22
4.59177e-41
0
1.80895e-20
4.59177e-41
0
1.18096e-20
9.18355e-41
0
2.51994e-20
0
0
2.9036e-19
4.59177e-41
0
2.81543e-18
9.18355e-41
0
-1.28857e-21
0
0
-1.31957e-20
1.14794e-41
0
-1.66345e-19
1.14794e-41
0
-2.07248e-20
1.14794e-41
0
-1.2881e-19
1.14794e-41
0
-3.17456e-19
0
0
-1.9803e-19
0
0
-6.27631e-20
-1.14794e-41
0
-1.06143e-19
1.14794e-41
0
-2.99828e-19
0
0
-4.91011e-18
-1.14794e-41
0
-5.08374e-18
0
0
-6.55524e-18
0
0
-7.84197e-18
0
0
-4.31687e-18
0
0
-9.69184e-19
0
0
-5.29788e-21
0
0
-2.16487e-19
0
0
-1.07307e-19
-1.14794e-41
0
-6.93796e-19
0
0
-5.03096e-18
0
0
1.5943e-20
1.14794e-41
0
1.38818e-19
-1.14794e-41
0
1.60082e-19
0
0
3.40449e-21
0
0
6.53915e-21
0
0
1.11431e-18
0
0
5.00533e-20
-1.14794e-41
0
2.11941e-19
0
0
3.05306e-19
1.14794e-41
0
6.03028e-18
0
0
3.95535e-18
0
0
1.42751e-20
1.14794e-41
0
2.15783e-18
0
0
0.000155474
-6.46235e-27
0
-4.19427e-05
2.06795e-25
-3.07157e-05
-1.85415e-19
0
0
-7.85601e-20
-4.59177e-41
0
-9.61703e-20
-4.59177e-41
0
-1.89296e-18
0
0
-1.18709e-18
0
0
-4.55254e-19
0
0
-3.93246e-19
-4.59177e-41
0
-5.86495e-19
9.18355e-41
0
-3.68548e-19
4.59177e-41
0
-2.65881e-21
0
0
-9.03173e-22
-4.59177e-41
0
-1.07049e-21
4.59177e-41
0
-2.14703e-20
4.59177e-41
0
-1.92937e-19
0
0
-2.3222e-19
-4.59177e-41
0
-3.06329e-19
9.18355e-41
0
-3.70109e-19
0
0
-1.92772e-19
4.59177e-41
0
-1.79707e-20
9.18355e-41
0
1.17593e-19
0
0
1.31977e-19
-4.59177e-41
0
5.80186e-20
0
0
-4.21876e-19
0
0
3.36842e-19
-1.14794e-41
0
2.77457e-19
0
0
2.81886e-21
0
0
-2.23814e-21
-4.59177e-41
0
3.27571e-21
4.59177e-41
0
-1.40776e-19
-9.18355e-41
0
2.09093e-19
-4.59177e-41
0
1.46593e-19
0
0
5.98892e-20
5.73972e-42
0
-1.39247e-19
0
0
4.83579e-20
0
0
-2.17953e-21
0
0
8.70809e-19
1.14794e-41
0
3.20311e-20
0
0
1.22853e-21
4.59177e-41
0
1.31723e-21
0
0
3.27663e-22
-4.59177e-41
0
-5.27037e-21
0
0
1.46408e-21
2.29589e-41
0
3.2172e-21
2.29589e-41
0
-2.696e-19
-4.59177e-41
0
4.34838e-20
0
0
3.18236e-20
4.59177e-41
0
2.13766e-20
0
0
4.00782e-19
0
0
4.57823e-20
0
0
9.2082e-20
-4.59177e-41
0
1.72861e-19
0
0
5.14059e-06
6.46235e-27
0
-1.80796e-18
-4.59177e-41
0
-1.43676e-18
0
0
-6.49619e-19
0
0
-1.88266e-19
-4.59177e-41
0
-2.38102e-18
0
0
-1.42325e-18
9.18355e-41
0
-1.4087e-20
0
0
-1.06753e-20
0
0
-1.06773e-21
0
0
-1.90836e-18
0
0
-1.45607e-18
-2.29589e-41
0
-1.26032e-18
0
0
1.01343e-19
-2.29589e-41
0
-3.39868e-19
2.29589e-41
0
-7.7868e-21
-5.73972e-42
0
4.61694e-21
0
0
1.1946e-22
-1.14794e-41
0
4.40869e-19
-4.59177e-41
0
8.14344e-19
0
0
1.4505e-18
-2.29589e-41
0
-1.91841e-19
0
0
5.42255e-20
1.14794e-41
0
1.86055e-18
0
0
2.40785e-20
5.73972e-42
0
2.0791e-20
1.14794e-41
0
1.71674e-18
1.14794e-41
0
1.10088e-18
0
0
4.59263e-21
-2.86986e-42
0
-2.51925e-18
2.29589e-41
0
-3.95353e-18
-2.29589e-41
0
-2.84101e-18
-2.29589e-41
0
-6.8735e-19
5.73972e-42
0
-3.30066e-18
0
0
-0.000249208
-2.06795e-25
-4.63256e-05
3.64293e-19
0
0
2.38425e-20
0
0
1.78188e-21
-5.73972e-42
0
4.38241e-20
-2.29589e-41
0
6.44992e-20
5.73972e-42
0
1.24542e-19
4.59177e-41
0
1.71563e-20
0
0
3.3132e-20
2.29589e-41
0
5.34865e-21
0
0
-2.40882e-19
0
0
1.24094e-20
0
0
9.60097e-19
0
0
4.37968e-19
4.59177e-41
0
-6.07628e-19
0
0
2.60273e-18
5.73972e-42
0
4.21722e-18
0
0
3.24395e-18
5.73972e-42
0
3.77501e-18
0
0
-6.72732e-19
-1.14794e-41
0
1.12006e-19
9.18355e-41
0
4.32691e-19
5.73972e-42
0
1.44001e-19
-2.29589e-41
0
4.43215e-20
-1.14794e-41
0
1.17825e-19
1.14794e-41
0
1.67832e-19
0
0
1.22527e-18
0
0
4.8431e-19
-2.29589e-41
0
1.1782e-18
7.17465e-43
0
2.19948e-18
0
0
1.00067e-18
-4.59177e-41
0
5.15829e-19
4.59177e-41
0
4.43778e-19
-2.29589e-41
0
8.11076e-19
-8.96831e-44
0
8.00257e-19
0
0
2.53636e-05
0
0
-4.63786e-20
-9.18355e-41
0
-8.96676e-21
0
0
-1.04791e-18
0
0
-2.25899e-18
2.29589e-41
0
-1.10844e-18
0
0
-2.0796e-18
-2.29589e-41
0
-2.28469e-18
0
0
-5.52858e-18
0
0
-5.56609e-18
1.14794e-41
0
-4.70352e-18
2.86986e-42
0
-9.65909e-19
0
0
-6.88102e-19
0
0
-5.8525e-19
0
0
-1.4111e-18
-4.59177e-41
0
-8.27517e-19
0
0
-1.16681e-18
-5.25487e-46
0
-2.91835e-19
2.29589e-41
0
-1.69707e-19
1.14794e-41
0
-1.49447e-19
-4.59177e-41
0
-3.07642e-20
-2.86986e-42
0
-5.31641e-20
1.43493e-42
0
7.90513e-23
0
0
2.69605e-18
0
0
2.12191e-19
-4.59177e-41
0
2.42583e-18
-9.18355e-41
0
8.14783e-19
-4.59177e-41
0
2.18112e-18
4.59177e-41
0
3.80016e-18
0
0
3.61106e-18
4.59177e-41
0
2.19099e-19
0
0
2.98647e-19
0
0
4.75408e-21
0
0
1.92808e-20
-2.29589e-41
0
2.35986e-20
0
0
9.06815e-21
-4.59177e-41
0
-1.41934e-20
0
0
2.31689e-20
0
0
2.75191e-21
0
0
-1.93072e-22
0
0
8.57665e-20
0
0
6.66121e-20
4.59177e-41
0
1.91153e-20
0
0
9.40524e-21
4.59177e-41
0
1.4709e-20
-2.29589e-41
0
-3.04554e-20
0
0
-2.8471e-20
0
0
-1.24609e-20
0
0
-8.92325e-21
2.29589e-41
0
1.291e-17
0
0
1.17863e-20
0
0
1.44195e-20
2.29589e-41
0
1.3413e-20
0
0
5.01063e-19
0
0
-7.21182e-20
0
0
-5.19137e-21
0
0
-6.01452e-21
0
0
-1.7355e-19
0
0
1.25628e-20
0
0
1.67526e-19
0
0
3.66981e-19
0
0
1.22301e-18
0
0
2.12627e-19
0
0
-3.18381e-19
0
0
-6.99445e-20
-4.59177e-41
0
-8.14927e-19
0
0
-4.40283e-19
-4.59177e-41
0
-5.27435e-19
0
0
-6.96083e-18
-4.59177e-41
0
-5.14272e-20
9.18355e-41
0
-3.46183e-19
0
0
-6.50781e-20
9.18355e-41
0
4.91532e-18
-2.29589e-41
0
1.01319e-18
0
0
1.48641e-18
2.29589e-41
0
4.27295e-19
-2.86986e-42
0
-8.05246e-20
-1.14794e-41
0
4.05397e-19
0
0
-4.36884e-18
-4.59177e-41
0
2.23162e-18
0
0
-5.09403e-19
4.59177e-41
0
-3.46358e-19
-4.59177e-41
0
2.92275e-19
0
0
4.79145e-21
1.43493e-42
0
1.17228e-19
-4.59177e-41
0
-6.99621e-21
0
0
1.85824e-05
0
-1.9042e-05
3.24758e-18
0
0
2.33736e-19
1.14794e-41
0
-7.35698e-21
4.59177e-41
0
-1.79997e-21
1.14794e-41
0
-8.58546e-19
-1.14794e-41
0
-8.84646e-21
-9.18355e-41
0
9.03589e-18
0
0
2.88279e-20
0
0
1.18023e-20
0
0
6.15349e-19
0
0
3.52241e-18
0
0
4.3308e-19
0
0
3.44338e-21
0
0
8.24159e-21
4.59177e-41
0
7.12801e-21
0
0
8.11741e-18
9.18355e-41
0
9.1924e-18
0
0
1.15437e-17
0
0
1.28268e-18
-9.18355e-41
0
2.95128e-19
-9.18355e-41
0
3.55898e-21
9.18355e-41
0
2.38643e-20
-4.59177e-41
0
2.26063e-18
0
0
3.27735e-19
0
0
-1.66621e-19
0
0
-1.38818e-19
0
0
-1.60082e-19
0
0
-3.40441e-21
0
0
-6.53907e-21
1.14794e-41
0
-1.85748e-20
1.14794e-41
0
-3.05306e-19
1.14794e-41
0
-3.00805e-19
0
0
-5.78483e-18
0
0
-4.93894e-18
0
0
-1.5151e-18
1.14794e-41
0
8.23317e-20
0
0
7.0643e-20
0
0
9.86208e-21
0
0
9.58147e-19
0
0
8.8452e-19
-1.14794e-41
0
7.4938e-20
0
0
3.17456e-19
0
0
1.98029e-19
0
0
7.33639e-20
1.14794e-41
0
1.06143e-19
0
0
2.99828e-19
-1.14794e-41
0
4.8102e-18
0
0
6.55524e-18
1.14794e-41
0
9.69184e-19
-1.14794e-41
0
1.56495e-20
0
0
2.16487e-19
-1.14794e-41
0
5.03096e-18
-1.14794e-41
0
-1.18455e-19
0
0
-1.41383e-19
-4.59177e-41
0
-1.60923e-19
-9.18355e-41
0
4.97544e-22
0
0
-7.33485e-21
0
0
-2.4679e-19
0
0
-2.63483e-19
-4.59177e-41
0
-1.01982e-21
0
0
-2.00269e-20
0
0
9.77398e-20
4.59177e-41
0
-2.05898e-18
9.18355e-41
0
-2.69246e-18
0
0
-4.19454e-19
-4.59177e-41
0
2.40115e-19
0
0
5.82253e-19
9.18355e-41
0
3.71383e-19
0
0
1.05916e-21
0
0
8.16563e-21
-4.59177e-41
0
2.67147e-22
-9.18355e-41
0
3.28712e-21
-4.59177e-41
0
-1.45907e-19
9.18355e-41
0
-1.12998e-19
4.59177e-41
0
-6.96331e-20
-4.59177e-41
0
-1.57406e-19
-9.18355e-41
0
1.82504e-20
0
0
1.15891e-20
0
0
1.93842e-20
-2.29589e-41
0
-3.02922e-21
0
0
4.63004e-19
9.18355e-41
0
1.33682e-20
0
0
1.30858e-20
1.14794e-41
0
-4.62682e-23
-4.59177e-41
0
-2.43865e-21
0
0
-1.21654e-20
0
0
1.64307e-23
0
0
1.39026e-21
-9.18355e-41
0
2.48467e-20
0
0
1.63531e-19
0
0
1.42962e-19
0
0
4.44114e-19
0
0
-7.55774e-19
-4.59177e-41
0
-1.01965e-18
4.59177e-41
0
-1.0689e-18
0
0
6.31753e-22
1.14794e-41
0
5.6538e-21
2.86986e-42
0
-1.55828e-18
-4.59177e-41
0
-1.89858e-18
0
0
-1.05207e-18
0
0
-6.67101e-19
0
0
9.38241e-20
0
0
2.86762e-20
0
0
1.30447e-20
1.14794e-41
0
-1.06438e-20
5.73972e-42
0
-7.85677e-20
0
0
2.29953e-19
1.14794e-41
0
2.37403e-18
1.14794e-41
0
9.28595e-21
7.17465e-43
0
1.02242e-20
0
0
-8.09515e-19
2.29589e-41
0
-7.31903e-19
-4.59177e-41
0
1.39731e-18
0
0
-2.06506e-21
6.88766e-41
0
-1.02283e-18
0
0
-4.47622e-18
4.59177e-41
0
-5.89562e-18
4.59177e-41
0
2.32937e-19
0
0
3.28236e-20
0
0
1.18121e-19
9.18355e-41
0
2.39178e-19
-4.59177e-41
0
-5.54657e-21
-2.29589e-41
0
3.58032e-21
-4.59177e-41
0
2.66193e-19
0
0
1.263e-18
4.59177e-41
0
-1.56315e-18
1.14794e-41
0
-1.02602e-18
0
0
1.42193e-18
-1.14794e-41
0
1.70485e-18
0
0
3.15033e-18
-2.86986e-42
0
2.76184e-19
-2.86986e-42
0
1.58825e-18
0
0
-4.24411e-19
2.29589e-41
0
4.51e-20
9.18355e-41
0
1.13286e-18
0
0
9.08442e-19
0
0
5.91359e-19
0
0
1.06642e-19
0
0
4.51182e-19
-2.29589e-41
0
1.95045e-19
4.59177e-41
0
9.12633e-20
2.86986e-42
0
4.18578e-19
0
0
1.31815e-18
0
0
1.59236e-18
-4.59177e-41
0
2.27347e-18
2.29589e-41
0
2.45578e-18
-4.59177e-41
0
2.8712e-18
1.14794e-41
0
3.64974e-19
0
0
1.94701e-18
0
0
2.66125e-18
-4.59177e-41
0
8.00037e-19
-2.29589e-41
0
7.98873e-08
-1.03398e-25
-2.96127e-09
-2.96177e-18
2.8026e-45
0
-1.91839e-18
-1.14794e-41
0
-7.26668e-19
1.14794e-41
0
-2.14192e-18
0
0
-9.087e-19
-2.8026e-45
0
-3.83169e-18
0
0
-2.72858e-18
4.59177e-41
0
-5.32243e-18
0
0
-9.31697e-19
0
0
-4.33811e-19
-3.50325e-46
0
-2.94724e-19
4.59177e-41
0
-2.21482e-19
-2.29589e-41
0
-2.29328e-19
-7.00649e-46
0
-5.86368e-19
0
0
-1.80197e-20
-1.12104e-44
0
4.98286e-22
4.59177e-41
0
1.64928e-18
-2.29589e-41
0
2.57727e-18
2.29589e-41
0
2.20578e-18
-4.59177e-41
0
4.64373e-18
2.29589e-41
0
3.88145e-18
-2.29589e-41
0
4.50099e-18
0
0
4.09702e-19
4.59177e-41
0
2.84493e-20
0
0
3.06488e-20
0
0
3.11987e-22
0
0
1.13884e-20
4.59177e-41
0
-4.33083e-21
0
0
-1.20207e-20
-2.29589e-41
0
1.49431e-20
0
0
1.06225e-19
0
0
1.30659e-20
0
0
2.53684e-20
4.59177e-41
0
2.22246e-06
6.46235e-27
0
-4.06892e-22
0
0
1.17932e-18
-2.29589e-41
0
2.05765e-20
4.59177e-41
0
-1.22186e-19
0
0
-4.7483e-21
1.14794e-41
0
7.21181e-20
0
0
9.74842e-23
1.14794e-41
0
1.26047e-20
0
0
4.61886e-21
-1.14794e-41
0
3.60262e-21
-1.14794e-41
0
5.7259e-19
1.14794e-41
0
-3.82508e-20
-4.59177e-41
0
-3.83617e-19
9.18355e-41
0
4.07973e-19
0
0
4.67743e-19
-2.29589e-41
0
0.000387657
-5.16988e-26
-0.000124284
3.06719e-19
1.43493e-42
0
1.80351e-19
-1.43493e-42
0
-9.47059e-19
-4.59177e-41
0
-9.21155e-20
-4.59177e-41
0
-1.20953e-19
0
0
9.94599e-22
0
0
1.04621e-19
-1.14794e-41
0
3.52632e-19
0
0
9.58813e-21
0
0
1.27917e-19
-4.59177e-41
0
-7.13784e-18
-4.59177e-41
0
-8.93044e-18
0
0
-1.14813e-17
1.14794e-41
0
-7.28455e-20
0
0
1.48778e-20
0
0
-4.27808e-21
-4.59177e-41
0
5.70229e-18
0
0
8.55401e-21
9.18355e-41
0
1.96968e-18
0
0
2.43073e-18
0
0
1.00231e-17
4.59177e-41
0
3.92851e-19
0
0
2.14298e-21
0
0
-8.78988e-22
1.14794e-41
0
3.04286e-20
0
0
7.05836e-20
0
0
3.06715e-19
0
0
3.00805e-19
0
0
5.12541e-18
1.14794e-41
0
3.39757e-18
0
0
-1.16639e-19
4.59177e-41
0
-4.15882e-19
0
0
-8.21214e-23
-4.59177e-41
0
-1.32582e-21
0
0
-8.18204e-22
0
0
-1.46779e-19
0
0
-2.20194e-21
4.59177e-41
0
-6.82623e-21
-9.18355e-41
0
-4.28742e-20
-4.59177e-41
0
1.19553e-19
-4.59177e-41
0
1.42835e-19
0
0
-2.02471e-18
0
0
-1.00621e-18
-9.18355e-41
0
1.25981e-18
0
0
1.53228e-20
-2.29589e-41
0
-1.86639e-21
0
0
2.71762e-19
9.18355e-41
0
-4.37004e-20
9.18355e-41
0
-1.47194e-20
-4.59177e-41
0
1.50837e-18
0
0
5.332e-18
-2.29589e-41
0
-8.52059e-21
9.18355e-41
0
3.01602e-19
4.59177e-41
0
8.62982e-21
0
0
-2.51446e-19
0
0
-1.5985e-19
0
0
-8.95032e-20
0
0
-2.39278e-20
0
0
-1.82861e-18
0
0
1.66196e-20
-9.18355e-41
0
-2.13211e-20
9.18355e-41
0
6.14878e-21
0
0
6.10634e-19
-1.14794e-41
0
8.15601e-19
0
0
-2.25375e-19
0
0
-8.65277e-20
-5.73972e-42
0
-3.72825e-20
-2.86986e-42
0
1.90193e-18
0
0
-4.26364e-19
0
0
1.20879e-18
0
0
-8.21797e-21
-1.14794e-41
0
-1.59851e-18
-2.86986e-42
0
-6.85644e-19
-1.14794e-41
0
-4.01298e-19
-2.29589e-41
0
-3.44165e-18
1.43493e-42
0
2.63648e-20
0
0
4.00035e-19
1.14794e-41
0
9.69201e-21
0
0
1.03848e-19
1.43493e-42
0
4.86432e-22
-5.73972e-42
0
1.44143e-21
0
0
7.44288e-20
4.59177e-41
0
-8.55198e-20
0
0
-2.18247e-19
-2.29589e-41
0
1.10844e-18
0
0
2.11863e-18
4.59177e-41
0
1.80606e-18
-2.29589e-41
0
1.16198e-18
0
0
9.12866e-19
0
0
3.84083e-19
0
0
1.66113e-20
0
0
5.75049e-19
9.18355e-41
0
1.01051e-19
-1.14794e-41
0
1.11323e-18
0
0
6.63675e-19
0
0
2.03413e-18
4.59177e-41
0
2.55695e-18
0
0
1.30008e-18
0
0
9.88655e-19
4.30479e-42
0
1.32605e-18
9.18355e-41
0
1.89939e-18
-4.59177e-41
0
-1.41676e-21
1.79366e-43
0
-3.58211e-18
2.10195e-45
0
-2.3862e-18
-2.29589e-41
0
-2.63771e-18
0
0
-2.56858e-18
0
0
-5.40093e-19
0
0
-6.43325e-19
1.14794e-41
0
-5.81237e-19
0
0
-1.04006e-18
0
0
-3.72473e-19
0
0
-2.39034e-19
7.00649e-46
0
-2.08935e-19
-1.14794e-41
0
3.40253e-07
6.46235e-27
0
6.68848e-19
0
0
4.87242e-19
-4.59177e-41
0
1.49161e-18
2.29589e-41
0
1.24785e-19
0
0
5.59775e-18
0
0
-1.59708e-20
-2.29589e-41
0
2.31659e-19
0
0
2.97023e-19
-4.59177e-41
0
-2.05763e-20
0
0
9.59738e-20
-2.29589e-41
0
4.06729e-22
0
0
-1.93059e-21
1.14794e-41
0
4.88393e-20
0
0
1.65176e-21
0
0
-5.66237e-19
0
0
-2.43813e-19
-2.29589e-41
0
-9.66557e-20
0
0
-1.13324e-19
0
0
2.09029e-19
-2.86986e-42
0
6.11674e-20
1.43493e-42
0
-2.3462e-18
4.59177e-41
0
-6.99331e-20
0
0
-1.08643e-17
-9.18355e-41
0
-8.79296e-18
-4.59177e-41
0
-1.68698e-21
-4.59177e-41
0
6.34356e-18
0
0
8.03904e-21
0
0
5.07529e-20
-4.59177e-41
0
1.31985e-17
0
0
9.08266e-19
-4.59177e-41
0
-3.06714e-19
1.14794e-41
0
-6.93011e-18
1.14794e-41
0
1.0961e-19
1.14794e-41
0
1.07362e-19
-1.14794e-41
0
4.70516e-18
-1.14794e-41
0
-3.37946e-19
0
0
-1.26251e-18
-4.59177e-41
0
-1.02987e-20
-9.18355e-41
0
1.86745e-21
0
0
-3.38868e-19
9.18355e-41
0
-1.97847e-19
0
0
-1.60632e-19
4.59177e-41
0
-5.16224e-18
0
0
6.61646e-20
0
0
-1.68824e-19
9.18355e-41
0
-9.08031e-20
4.59177e-41
0
2.57513e-20
0
0
3.56471e-20
1.37753e-40
0
-8.41969e-19
0
0
-1.18659e-20
-5.73972e-42
0
-2.71728e-18
9.18355e-41
0
-4.1861e-21
0
0
-3.59636e-21
-4.59177e-41
0
-1.02192e-20
2.86986e-42
0
4.32414e-21
-1.43493e-42
0
-1.84951e-19
0
0
3.90131e-19
-1.43493e-42
0
5.96495e-21
0
0
-5.34406e-18
4.59177e-41
0
-4.05674e-18
0
0
2.50531e-20
0
0
3.36239e-19
0
0
1.72336e-19
-1.14794e-41
0
4.01504e-20
5.73972e-42
0
9.36973e-22
-1.14794e-41
0
1.37898e-21
1.14794e-41
0
-1.4057e-22
1.14794e-41
0
7.20681e-20
0
0
6.92516e-19
0
0
1.44897e-18
0
0
4.87389e-19
0
0
1.41555e-18
-9.18355e-41
0
1.36237e-18
6.88766e-41
0
9.40412e-19
0
0
1.1187e-18
4.59177e-41
0
1.9421e-18
4.59177e-41
0
1.12708e-18
-9.18355e-41
0
-5.15454e-19
1.4013e-45
0
-2.10224e-19
-2.8026e-45
0
-4.73356e-19
2.29589e-41
0
-8.84854e-19
0
0
-1.0173e-18
0
0
-2.80538e-19
-9.18355e-41
0
-2.32558e-19
0
0
1.20039e-18
0
0
5.27797e-18
-4.59177e-41
0
1.02394e-21
0
0
-9.59736e-20
0
0
2.37131e-20
0
0
-1.65168e-21
0
0
-1.78089e-19
-2.29589e-41
0
5.39841e-18
-2.29589e-41
0
-2.65752e-19
-2.86986e-42
0
1.075e-17
0
0
-1.0961e-19
1.14794e-41
0
-2.62425e-20
1.14794e-41
0
6.41707e-20
0
0
6.93011e-18
-1.14794e-41
0
1.58873e-20
1.14794e-41
0
5.49199e-20
0
0
-1.22716e-18
0
0
2.00781e-18
-2.29589e-41
0
-2.93034e-21
0
0
-2.62382e-19
4.59177e-41
0
9.49106e-20
-4.59177e-41
0
9.13706e-21
2.29589e-41
0
-4.6648e-19
0
0
-7.73038e-21
-4.59177e-41
0
-7.56284e-21
0
0
-1.28231e-19
0
0
1.23618e-20
0
0
2.72608e-21
2.29589e-41
0
6.28174e-19
0
0
3.1413e-19
0
0
-5.16191e-19
2.29589e-41
0
-2.7577e-19
0
0
-2.90951e-20
-2.29589e-41
0
2.56797e-20
0
0
3.23843e-18
-9.18355e-41
0
-6.41706e-20
0
0
-5.42876e-18
1.14794e-41
0
7.84197e-18
0
0
6.31356e-18
0
0
-6.695e-20
4.59177e-41
0
7.2828e-20
-4.59177e-41
0
1.46988e-18
-9.18355e-41
0
2.30392e-20
4.59177e-41
0
-1.35412e-19
-9.18355e-41
0
