5.32371e-10
1.0447e-47
9.84719e-08
2.96594e-09
1.02752e-73
0
4.59678e-09
2.8722e-73
0
4.44852e-09
8.68555e-74
0
-7.20352e-09
6.63474e-61
0
-3.97476e-08
-1.01004e-62
0
-2.10644e-11
2.51396e-63
0
-3.79314e-11
1.12005e-77
0
-2.29033e-11
-5.1901e-78
0
-2.10691e-12
3.19914e-79
0
9.17664e-12
4.88358e-79
0
7.14719e-13
3.64577e-79
0
-9.96411e-09
-1.23271e-75
0
5.08042e-12
7.63463e-80
0
-8.43103e-11
-2.13268e-80
0
8.9004e-11
2.30065e-41
0
-1.43133e-08
8.57406e-58
0
-1.51855e-09
-7.11758e-65
0
-1.66379e-10
4.60345e-76
0
-2.1085e-12
-1.55026e-74
0
5.63118e-10
4.33063e-75
0
3.94932e-10
9.47592e-78
0
2.86054e-10
7.79622e-77
0
1.24825e-08
-2.10422e-61
0
-3.42803e-08
-8.89936e-61
0
-6.97378e-10
-1.66829e-74
0
-8.35029e-10
-1.2752e-63
0
-9.22869e-11
-4.16863e-72
0
-7.72881e-11
3.52921e-75
0
3.81655e-10
8.21347e-72
0
-3.06199e-11
-1.35958e-77
0
6.3007e-12
-3.48551e-79
0
2.99497e-11
-6.00746e-79
0
-5.20528e-11
3.37862e-78
0
-3.57315e-08
-5.67068e-76
0
-2.60533e-09
5.53456e-78
0
-8.87745e-10
4.15759e-79
0
3.93587e-11
-9.25614e-80
0
-2.78616e-10
6.76362e-72
0
-2.63632e-09
-1.66664e-44
-4.73964e-09
-3.72429e-09
6.24596e-51
0
-1.67927e-08
1.90992e-69
0
-1.33823e-09
2.35661e-71
0
6.7648e-10
1.7064e-74
0
2.38232e-09
4.28436e-75
0
3.31854e-10
3.79226e-76
0
5.50358e-10
-1.20812e-77
0
-3.94279e-09
-6.32367e-69
0
-3.39832e-11
-8.86992e-78
0
-2.45966e-11
8.10331e-72
0
-1.71619e-11
-6.17713e-65
0
-3.7173e-11
-5.46979e-71
0
-3.10914e-11
4.35927e-80
0
2.32744e-11
-4.28739e-75
0
-7.97044e-12
1.49818e-79
0
4.43578e-11
2.60836e-79
0
-8.11489e-12
-2.62948e-79
0
-1.14441e-10
-3.52999e-78
0
-8.086e-09
1.60573e-77
0
-6.10042e-09
-2.87475e-78
0
1.72491e-09
1.01296e-36
0
4.60157e-09
-1.25992e-25
0
-3.96254e-08
2.08637e-55
0
-1.50457e-08
-1.40259e-61
0
-1.41893e-10
-6.30852e-75
0
-4.67348e-11
-7.80679e-75
0
2.17435e-10
-4.0506e-75
0
8.82646e-10
1.27036e-76
0
2.63726e-11
-2.13484e-67
0
-4.19554e-11
-3.62254e-78
0
-3.80574e-11
3.96609e-75
0
-1.80727e-11
-1.52962e-77
0
6.70524e-11
-1.80021e-79
0
-7.34886e-10
2.06647e-78
0
-8.76988e-09
6.78691e-77
0
-1.42822e-08
-7.28249e-79
0
1.75692e-10
-5.62234e-79
0
-7.51838e-09
-2.70684e-42
-1.34929e-08
-2.07673e-07
3.93596e-50
0
-4.56783e-08
9.78077e-63
0
-1.1187e-09
-8.51292e-73
0
5.87435e-10
-5.26531e-75
0
2.96507e-09
3.77878e-76
0
1.25002e-09
5.26814e-69
0
5.22328e-10
4.20053e-77
0
-5.87317e-10
-3.44912e-69
0
-1.35198e-09
5.84541e-71
0
-2.07164e-09
-1.05443e-70
0
4.86763e-09
1.36718e-77
0
-4.39375e-10
2.13455e-77
0
-8.24052e-08
-4.22668e-74
0
-2.48306e-09
-2.25254e-78
0
1.21175e-12
5.38148e-74
0
-2.20667e-12
-1.02663e-62
0
-1.10725e-07
-7.81691e-50
0
8.52939e-09
-6.65579e-77
0
1.1033e-08
7.3286e-77
0
3.57347e-09
4.63837e-70
0
1.05138e-09
2.63021e-76
0
-6.38212e-10
-8.73377e-77
0
-2.68671e-10
-1.76762e-68
8.94593e-09
-8.90108e-09
-1.38302e-73
0
-2.03542e-09
7.43632e-71
0
-2.17877e-09
1.89382e-77
0
-6.65469e-08
2.33846e-74
0
-6.00565e-08
-2.85738e-76
0
-1.08568e-07
9.08984e-67
0
1.56795e-09
-3.23472e-79
0
1.68674e-10
8.32154e-80
0
1.36787e-11
-7.57769e-29
0
6.04788e-12
-2.20617e-18
-2.20776e-16
-6.54994e-08
-2.64386e-48
9.74812e-14
-2.06345e-07
8.93611e-52
0
-2.01451e-07
2.01672e-56
0
-8.73938e-09
-1.12562e-68
0
-7.17059e-09
-2.41519e-72
0
-6.45275e-09
-1.8353e-72
0
4.50185e-08
1.85915e-73
0
8.09009e-08
3.19035e-72
0
4.68579e-08
9.02615e-74
0
1.7557e-08
9.81128e-74
0
6.59313e-09
1.45594e-75
0
7.57407e-09
6.85371e-76
0
6.71197e-10
-6.6018e-78
0
-2.15229e-10
1.97137e-69
0
-1.16468e-09
-1.95295e-68
0
-1.39698e-09
1.21091e-76
0
-1.18908e-09
4.65533e-73
0
-1.22543e-09
-1.21572e-76
0
4.16252e-10
-3.95288e-78
0
4.6951e-10
-1.91349e-78
0
-1.2535e-09
1.10055e-75
0
-3.43443e-09
-5.83209e-76
0
-6.85931e-11
1.27383e-69
0
-7.48802e-08
-1.2364e-68
0
1.84532e-09
-1.54048e-75
0
1.69176e-09
4.4646e-78
0
-2.44714e-08
-2.9128e-53
0
-9.38757e-10
-2.38612e-73
0
8.70159e-08
-1.6029e-73
0
2.03831e-10
-2.2545e-75
0
-1.72631e-08
5.08635e-70
0
-4.70273e-08
-1.19291e-75
0
-2.26575e-09
-1.16027e-74
0
1.03068e-09
1.09327e-78
0
-2.48297e-09
6.67639e-75
0
-3.33183e-11
-1.29112e-73
0
-6.6541e-11
2.82665e-65
0
-1.44339e-11
1.40613e-78
0
1.12489e-08
-2.68392e-78
0
-8.35001e-11
6.71272e-65
0
4.79349e-11
-1.02754e-21
0
-8.73307e-10
-1.03727e-50
1.39379e-13
-7.69434e-09
5.09173e-55
0
-1.8454e-09
-7.47097e-66
0
1.51178e-10
-4.3356e-70
0
3.48716e-10
-7.8934e-74
0
1.05196e-08
1.78202e-74
0
1.27683e-08
2.14702e-75
0
7.71838e-10
1.90571e-75
0
4.67749e-11
-1.70312e-77
0
-2.1173e-10
-4.20187e-78
0
-4.54342e-10
-1.76387e-79
0
5.80188e-09
-7.374e-79
0
2.13394e-10
1.50338e-77
0
-6.87749e-10
9.44492e-78
0
-5.55451e-10
-1.43116e-77
0
-2.03694e-10
-4.69252e-68
0
-6.03344e-10
3.56882e-78
0
-1.77258e-11
3.865e-79
0
3.6375e-09
-1.54365e-78
0
-4.0147e-11
-8.13656e-57
0
-1.08951e-07
1.54883e-50
0
-3.07963e-08
1.19063e-55
0
-4.39915e-10
-4.3851e-76
0
1.46446e-09
-2.716e-74
0
1.22665e-08
7.33207e-74
0
2.11426e-09
-2.0948e-61
0
-4.65635e-08
3.67723e-67
0
-1.87549e-10
-4.00057e-78
0
-5.41374e-10
-4.1616e-67
0
-1.67957e-11
-2.7602e-71
0
-6.2722e-11
1.59655e-77
0
5.55147e-11
6.39926e-79
0
-9.55096e-11
-3.5779e-78
0
-6.42554e-08
-5.94651e-75
0
-5.30886e-10
-4.55821e-79
0
5.06884e-13
4.8301e-80
0
5.63306e-11
1.13274e-81
0
-4.84102e-10
7.19615e-83
0
-4.68789e-09
-3.69253e-70
0
-1.27461e-09
8.846e-74
0
-3.43237e-10
2.37827e-74
0
7.92499e-10
-1.02238e-74
0
1.01542e-09
7.3596e-75
0
4.82809e-09
-1.01606e-75
0
4.69166e-11
-1.45896e-76
0
3.25169e-10
5.65112e-77
0
9.99558e-10
5.70293e-77
0
-5.61613e-09
-5.28284e-70
0
-2.19938e-09
2.36714e-63
2.0719e-08
-1.56698e-09
-5.5129e-65
0
5.26565e-09
6.47835e-47
0
3.63389e-11
1.30802e-76
0
-7.6342e-12
-2.67062e-79
0
2.72736e-11
-2.1235e-79
0
3.53264e-11
-5.80417e-79
0
-2.1115e-11
5.90766e-79
0
-4.09578e-08
-5.34848e-76
0
-2.13363e-08
-8.24977e-76
0
-7.89048e-09
1.28354e-77
0
-1.02016e-09
7.2704e-79
0
-2.43725e-10
1.44747e-79
0
3.40801e-11
-1.23942e-79
0
-2.27726e-10
1.39359e-65
0
6.32714e-10
3.09778e-38
0
1.83043e-09
-2.03948e-23
0
1.09611e-09
-4.31878e-46
4.49762e-14
-3.7117e-08
-1.25555e-64
0
-3.07429e-08
4.77042e-71
0
-9.71863e-09
-4.60765e-70
0
-1.19306e-09
-2.11803e-74
0
-4.79579e-10
3.24931e-74
0
2.90618e-09
-4.10103e-75
0
1.72795e-09
-7.8799e-77
0
-5.44055e-09
-1.07309e-64
0
-1.86294e-10
-2.06748e-78
0
-6.27649e-11
-1.53171e-77
0
-1.36501e-10
-6.78792e-65
0
-1.71116e-10
6.7273e-74
0
-3.7147e-11
1.12739e-76
0
6.05766e-11
1.83233e-79
0
8.38317e-11
2.17354e-79
0
-4.28387e-10
-2.10804e-78
0
-6.39709e-09
-1.3182e-77
0
-7.71501e-10
8.12986e-71
0
6.20986e-09
7.40536e-44
6.37371e-09
-1.71486e-07
-2.17249e-51
0
-1.06788e-08
6.76149e-60
0
-1.63222e-09
-5.49014e-69
0
-3.61599e-09
-1.01664e-71
0
-2.22831e-09
-8.63742e-75
0
1.73704e-09
-4.74322e-75
0
1.04866e-10
-9.03403e-65
0
-9.10112e-11
5.32763e-75
0
-5.81169e-11
-4.07007e-65
0
-4.63196e-10
5.87192e-72
0
-1.29121e-10
-2.62044e-80
0
-6.79295e-11
-2.5859e-78
0
-2.37233e-11
-1.5518e-79
0
-3.3852e-10
2.9746e-79
0
-1.89854e-09
2.23073e-77
0
-5.91664e-09
4.82974e-77
0
-3.05685e-08
9.7738e-78
0
-1.51948e-08
-1.22897e-79
0
-1.56088e-10
5.60479e-58
0
-2.49475e-07
-2.85551e-49
0
-1.04122e-07
5.07613e-53
0
-5.47894e-08
-1.77076e-56
0
-1.19844e-10
1.83994e-74
0
1.38156e-09
6.51104e-76
0
1.5489e-08
3.1856e-76
0
2.34355e-08
2.87541e-76
0
1.033e-09
6.54639e-77
0
-1.21268e-09
7.31765e-77
0
-5.47641e-10
-9.36852e-70
0
-1.94386e-09
-3.67677e-75
0
3.70479e-09
9.87923e-74
0
-7.01241e-10
3.18581e-71
0
-1.92027e-09
1.44429e-74
0
-3.00058e-09
1.67022e-76
0
5.65905e-09
-6.97025e-78
0
1.01953e-09
3.25819e-77
0
-1.07074e-07
5.06048e-77
0
4.63268e-08
1.86107e-76
0
-1.10464e-09
4.64784e-67
0
5.31085e-10
3.986e-80
0
2.61735e-10
7.94024e-80
0
-5.73051e-12
5.05459e-69
0
-1.14371e-12
6.3511e-59
0
2.6167e-11
-4.0817e-33
0
1.26928e-11
-6.47614e-20
-6.43256e-18
-4.95812e-08
1.02075e-39
3.79761e-26
-1.41955e-07
7.24176e-53
0
-1.89803e-08
-4.86149e-66
0
-9.5374e-09
-4.21207e-73
0
2.36649e-08
1.25269e-73
0
6.86773e-09
3.6377e-75
0
1.45e-08
9.68187e-77
0
1.27063e-08
6.14299e-77
0
1.47175e-09
1.43164e-77
0
-8.02125e-10
-8.10456e-78
0
-2.92409e-10
1.26721e-69
0
-2.06743e-09
-1.04775e-68
0
-5.00635e-09
-3.82541e-75
0
9.54736e-10
1.63031e-70
0
-4.04722e-09
-6.14642e-76
0
2.41072e-09
-1.29332e-77
0
4.83207e-09
-1.22765e-77
0
-8.45653e-10
-3.22204e-77
0
-1.19695e-08
-3.918e-51
1.26499e-06
5.77318e-09
-3.58393e-79
0
-3.00053e-11
-2.69259e-65
0
-2.03098e-11
-3.16491e-53
0
1.66926e-11
-1.903e-22
0
-4.30378e-09
5.74309e-40
-2.83485e-12
-2.28954e-07
7.32792e-48
0
-3.55622e-08
-5.66356e-64
0
-1.11984e-08
1.03577e-73
0
1.16616e-08
1.30617e-73
0
1.21282e-07
1.88957e-72
0
-1.66334e-09
4.98111e-73
0
3.86313e-08
1.98797e-73
0
2.1554e-08
3.22568e-75
0
3.653e-09
-3.04717e-76
0
-7.14611e-10
1.86574e-74
0
-2.36299e-09
1.81583e-75
0
7.97624e-10
-2.06474e-79
0
-5.87379e-09
-9.86569e-75
0
-4.93812e-11
-3.12673e-71
0
-1.26772e-08
1.53443e-75
0
7.91909e-10
-7.658e-77
0
1.09794e-10
-2.1061e-33
0
1.38964e-11
-1.2877e-19
-1.29382e-17
-2.37073e-07
9.83208e-59
0
-6.5085e-09
-1.67804e-73
0
-5.51198e-10
-3.90368e-74
0
1.92541e-08
3.0682e-74
0
3.58406e-09
-1.0061e-72
0
2.41792e-08
3.59453e-73
0
1.89378e-09
2.26606e-77
0
6.58586e-11
-3.82579e-77
0
1.05461e-09
6.92474e-78
0
-2.35056e-10
1.90628e-70
0
-3.17669e-09
-1.03204e-68
0
-2.72097e-08
-1.07021e-71
0
-3.43678e-08
-1.31761e-74
0
6.81449e-10
-1.38219e-77
0
-2.18832e-10
-9.88108e-74
0
-4.53421e-10
2.18117e-68
0
-2.5268e-11
2.97019e-79
0
4.46963e-09
2.67232e-80
0
-1.73038e-10
-2.34161e-54
0
-2.96721e-08
9.44736e-53
0
4.96202e-11
5.0502e-78
0
-6.08676e-10
4.81746e-79
0
3.5447e-08
4.53645e-76
0
4.53396e-09
-1.11157e-78
0
-3.71922e-10
1.61826e-77
0
-3.89716e-10
-1.92319e-71
0
-2.23407e-10
2.83851e-78
0
4.75608e-09
5.89385e-79
0
-1.39827e-10
-3.48088e-62
0
-3.61294e-08
-4.25299e-57
0
-7.9227e-08
-1.95241e-65
0
-4.78373e-11
1.94407e-74
0
5.56177e-10
1.33903e-74
0
2.13999e-10
-4.99977e-77
0
9.29186e-10
-6.55875e-79
0
2.42197e-10
2.01658e-78
0
-3.55987e-10
6.35387e-77
0
-2.13844e-09
-3.91572e-70
0
-7.05075e-10
1.33879e-79
0
-6.67812e-08
5.96301e-76
0
-3.1951e-08
-3.05392e-75
0
-1.62574e-08
1.12324e-78
0
-1.45917e-08
1.55009e-72
0
-6.25164e-09
-3.76944e-72
0
-4.15673e-09
-5.45766e-68
0
2.48658e-11
-3.97684e-80
0
-2.34354e-10
-1.37356e-80
0
-1.6973e-10
-2.75273e-57
0
-7.42196e-10
-1.40042e-45
0
5.81686e-10
-7.71137e-17
-8.08427e-15
-1.54631e-08
7.24512e-51
0
-8.62437e-08
-2.82818e-64
0
6.76051e-10
1.07985e-73
0
3.24941e-10
7.66675e-76
0
3.7429e-08
2.34597e-67
0
6.79405e-09
4.44937e-76
0
2.12475e-09
1.60045e-76
0
8.69382e-10
-1.25108e-78
0
-5.31974e-10
7.97174e-70
0
-9.21052e-10
-2.33666e-69
0
-1.15536e-09
-1.1158e-77
0
9.24633e-09
2.11189e-78
0
2.4332e-08
1.90008e-78
0
-1.33582e-08
-1.78566e-78
0
-8.89341e-09
-4.27948e-70
0
-7.02087e-09
-2.25794e-74
0
1.69307e-11
6.28911e-80
0
1.92879e-10
6.99923e-74
0
3.0563e-09
1.33751e-64
0
5.99071e-10
-4.53703e-28
0
-1.16968e-07
2.64424e-45
-4.21386e-12
-1.59785e-08
-1.06395e-67
0
3.88176e-09
6.64051e-68
0
-1.7467e-09
-2.92281e-69
0
2.41536e-08
1.40362e-71
0
3.21066e-08
1.65934e-73
0
1.37887e-08
3.75828e-64
4.91131e-08
2.48397e-08
7.8635e-71
0
4.12823e-09
-3.90732e-76
0
-7.26836e-11
-4.51943e-77
0
-7.3978e-10
6.50198e-78
0
-1.09018e-09
-1.91238e-77
0
-2.35693e-11
-1.79165e-78
0
9.03577e-10
-8.21737e-79
0
-1.091e-10
-6.14569e-79
0
-2.19282e-10
-3.34177e-74
0
2.00444e-12
-1.44714e-79
0
1.34229e-10
-1.81307e-57
0
2.05632e-10
1.12943e-27
0
-9.98431e-08
2.50972e-42
3.05198e-09
-1.45287e-07
-7.10897e-53
0
9.63868e-08
-7.11585e-70
0
7.07185e-09
3.09785e-72
0
6.21531e-09
2.31035e-76
0
3.68737e-09
-5.83612e-77
0
6.44776e-12
1.31656e-68
0
-1.3163e-11
-8.0517e-78
0
-1.77822e-11
-3.57595e-78
0
-9.43721e-12
-3.80427e-78
0
4.30616e-10
-5.09284e-78
0
-8.80721e-10
-5.18197e-77
0
-1.4831e-09
-1.30074e-76
0
-3.26789e-10
-3.15513e-78
0
7.10249e-11
1.58287e-71
0
2.39075e-10
-5.85875e-79
0
4.43266e-10
1.85966e-80
0
1.11926e-10
-5.05947e-67
0
-2.03716e-11
-3.78885e-56
0
-6.89067e-10
-3.45114e-46
1.94426e-13
-2.47588e-09
-4.68985e-46
0
-8.28903e-10
1.84949e-68
0
5.00148e-10
-1.17321e-69
0
1.57933e-07
6.90387e-69
0
4.18759e-08
2.06243e-71
0
1.73115e-08
-4.7504e-64
0
3.42857e-10
-3.39133e-68
0
-2.7256e-11
-6.10148e-69
0
-9.11987e-12
7.90985e-71
0
-5.0502e-11
-2.67875e-69
0
-5.12191e-11
-1.91068e-75
0
-4.47928e-11
2.57174e-78
0
-2.38851e-11
1.50916e-78
0
2.78433e-11
-5.35716e-79
0
5.59554e-10
5.64892e-79
0
1.0449e-09
4.8667e-78
0
-1.64665e-10
5.64954e-78
0
-6.50858e-11
3.18716e-78
0
-3.93951e-11
-4.66067e-57
0
1.75014e-11
5.6633e-35
0
3.47192e-08
6.28247e-45
-1.1426e-26
-1.99714e-08
-8.73959e-54
0
-1.96748e-08
-1.91322e-66
0
8.81022e-10
1.03111e-71
0
5.23087e-10
1.9281e-65
0
3.74596e-10
-5.63217e-69
0
6.97993e-10
-6.77901e-76
0
-5.53352e-11
-2.30519e-70
0
-6.2974e-11
-2.36914e-78
0
-1.46787e-11
-7.77549e-80
0
8.89818e-11
-1.92539e-79
0
7.1526e-09
3.43956e-77
0
2.10754e-09
-5.83661e-80
0
-3.16294e-10
-3.49621e-77
0
-1.32057e-10
1.77565e-78
0
2.03648e-11
6.53762e-80
0
2.23778e-11
-1.48375e-78
0
1.24437e-11
1.44519e-79
0
-1.60482e-08
6.98051e-45
6.54811e-12
-8.25688e-08
1.20982e-51
0
-1.56141e-07
-2.0387e-57
0
1.05948e-09
-1.40965e-68
0
2.01138e-09
4.78533e-68
0
7.08246e-09
-4.28076e-74
0
4.50539e-09
3.88706e-72
0
3.91782e-09
8.50726e-77
0
1.79005e-09
-2.89593e-77
0
-1.28548e-09
-2.84386e-70
0
-4.09931e-09
3.86054e-77
0
-3.51936e-09
-4.07742e-68
0
-9.85922e-11
-2.69136e-71
0
-3.80161e-11
-4.734e-81
0
8.15798e-10
2.81874e-79
0
1.86445e-09
-6.60107e-80
0
2.91727e-09
-9.12086e-78
0
4.26757e-10
1.32204e-76
0
-2.57353e-08
1.17305e-53
0
-1.14341e-09
4.77248e-58
0
-2.91087e-10
2.34006e-70
0
-3.93347e-10
-1.25269e-74
0
-2.954e-10
-1.62752e-75
0
5.25019e-09
-1.14459e-73
0
4.7691e-09
3.03676e-76
0
1.59886e-09
-1.86373e-76
0
-5.04709e-10
1.0717e-77
0
-2.74263e-11
-1.85105e-77
0
-2.86707e-11
5.82276e-71
0
2.5775e-09
-8.18492e-47
6.12351e-07
1.58578e-11
5.74217e-77
0
-1.45358e-11
2.33604e-79
0
5.17564e-11
1.91329e-79
0
6.75965e-11
6.27766e-79
0
5.43645e-12
-6.29284e-79
0
-5.98353e-08
-3.52924e-75
0
-8.82972e-09
-1.80386e-75
0
-1.20585e-09
-1.425e-77
0
-1.16495e-10
-1.60402e-79
0
3.20586e-11
1.16315e-79
0
-6.07536e-11
-1.28157e-80
0
-3.5356e-10
5.026e-67
0
-5.96815e-11
-3.32414e-28
0
-1.98654e-08
-7.23841e-71
0
-1.54597e-09
2.42938e-72
0
1.53345e-10
-1.92466e-74
0
6.69319e-09
-3.65446e-75
0
4.63311e-08
-1.83876e-64
0
-4.70146e-11
7.89662e-70
0
-1.02267e-10
-3.59705e-76
0
2.86611e-10
4.49272e-74
0
-7.9646e-12
-2.20872e-77
0
-1.4007e-11
-3.33087e-79
0
8.30533e-11
-4.52109e-79
0
1.30095e-12
-3.97515e-79
0
-6.2194e-09
1.64026e-77
0
-2.15704e-08
-9.86294e-75
0
-2.56351e-08
-1.6972e-75
0
-1.1859e-08
2.20189e-78
0
2.50246e-11
-8.66478e-80
0
5.59435e-12
-1.77606e-60
0
4.36767e-11
-6.90445e-19
-6.92217e-17
-6.38174e-09
8.27478e-74
0
-2.01792e-09
-7.76069e-75
0
9.46492e-11
6.82767e-76
0
1.2644e-09
-2.74065e-77
0
1.58193e-09
-4.49643e-77
0
-7.70428e-10
-5.83078e-62
0
4.75771e-10
-3.94698e-73
0
-9.95084e-11
-1.00782e-75
0
1.87739e-08
7.07576e-69
0
2.95369e-11
5.03357e-78
0
-2.84276e-11
1.3666e-79
0
7.31151e-11
1.18628e-79
0
1.07141e-10
9.40446e-80
0
-1.743e-08
-2.60898e-76
0
7.42712e-09
-1.03934e-80
0
-6.29857e-10
-3.48277e-79
0
-1.21289e-10
7.91871e-75
0
-1.58224e-09
-5.92357e-49
3.94583e-15
-2.24656e-08
8.18331e-71
0
-2.34523e-09
-7.89224e-74
0
6.71372e-10
1.12118e-76
0
-5.59918e-10
-4.49153e-69
0
-9.78719e-11
1.0287e-77
0
-1.55991e-11
1.00628e-67
0
-4.63732e-11
6.38474e-71
0
-2.96151e-10
2.044e-78
0
1.2748e-09
-1.39034e-79
0
5.10023e-10
-4.7159e-79
0
-4.29772e-09
3.24199e-77
0
-3.29293e-08
1.01379e-76
0
-1.73407e-08
1.06017e-77
0
-1.24695e-08
-3.26953e-79
0
-8.4837e-09
9.8543e-79
0
5.67261e-11
-4.16311e-80
0
4.0892e-09
-7.55333e-26
0
3.69216e-10
-1.34942e-17
-1.35118e-15
3.30018e-08
-2.02605e-43
-2.1049e-09
-5.25366e-08
2.00143e-56
0
-5.34831e-09
2.13992e-75
0
5.12022e-10
-3.4147e-76
0
5.04792e-09
-4.40797e-67
0
-4.52275e-10
1.8702e-75
0
-1.51557e-09
1.25328e-75
0
7.90931e-10
4.22425e-75
0
-9.10149e-10
8.03812e-77
0
3.8819e-08
5.6943e-75
0
-9.4801e-08
9.91061e-76
0
-1.37318e-08
5.14722e-69
0
-1.48684e-11
2.18233e-66
0
-4.92252e-08
-3.34554e-39
-6.18375e-08
-2.39233e-07
4.74043e-52
0
-2.11421e-07
-1.47447e-55
0
-7.62818e-08
-2.4389e-63
0
-3.23768e-09
-3.72233e-74
0
5.36974e-10
1.49321e-74
0
4.56316e-10
3.56607e-74
0
4.9661e-08
-1.96445e-75
0
7.95573e-10
-3.01857e-76
0
7.28387e-10
3.95027e-78
0
3.46582e-10
-5.97864e-75
0
-4.89158e-09
2.05389e-77
0
-3.083e-09
-1.38633e-74
0
5.67992e-10
-9.64238e-79
0
1.17297e-09
-1.01017e-78
0
3.72976e-09
1.24102e-77
0
-2.04984e-08
-1.91128e-76
0
-5.69759e-08
-2.33781e-75
0
4.61134e-08
1.33762e-67
5.63341e-08
-2.50372e-08
2.65693e-78
0
-1.86671e-07
7.59634e-63
0
-2.065e-08
-1.4152e-72
0
-2.44278e-09
-5.07502e-73
0
6.96745e-08
7.43088e-73
0
1.74572e-09
-3.46537e-76
0
-1.74549e-09
-2.61411e-78
0
-9.40101e-09
-2.19204e-75
0
-5.71397e-09
-4.89224e-76
0
-7.71313e-11
3.28058e-74
0
-7.64932e-08
-1.42586e-66
0
-5.11744e-08
-3.42234e-77
0
1.81901e-08
4.97171e-77
0
4.96579e-11
-1.78803e-60
0
1.86458e-11
-5.81557e-25
0
-2.74145e-08
5.12113e-56
0
-1.17446e-08
-6.18649e-61
0
-7.24594e-08
-9.77319e-67
0
-3.6313e-10
-4.20928e-74
0
5.70931e-10
-1.36231e-74
0
-3.08102e-09
2.61852e-72
0
1.77511e-10
6.62821e-77
0
-1.27241e-10
1.54027e-76
0
-1.13158e-09
-1.17264e-78
0
-4.03299e-08
1.33991e-75
0
3.23833e-09
-2.65754e-79
0
-2.27954e-10
-8.75269e-79
0
-2.40541e-09
-4.26136e-77
0
3.8155e-10
1.1522e-76
0
4.40994e-10
2.38196e-69
0
-6.9515e-09
6.32447e-61
0
-3.36484e-08
-3.66524e-68
0
-1.37444e-08
-1.87427e-74
0
3.21983e-09
-4.89893e-74
0
6.17731e-09
-3.04112e-74
0
3.50302e-09
1.25285e-72
0
5.71804e-10
-3.68454e-77
0
7.5856e-09
-2.60311e-69
0
-1.9019e-08
-4.02521e-75
0
-1.35169e-08
3.50262e-79
0
8.98213e-10
-8.40008e-79
0
-7.41738e-09
1.22314e-77
0
-3.99073e-11
1.86112e-78
0
-3.87957e-10
-3.6441e-78
0
-2.44906e-10
4.58478e-69
0
-4.94775e-10
-7.96912e-52
0
4.64008e-10
-4.63238e-18
-4.88471e-16
-5.57093e-08
2.08469e-47
1.21316e-25
-1.6981e-07
-1.39854e-61
0
-2.65685e-08
-7.11321e-68
0
-3.0835e-10
2.40852e-74
0
4.06073e-10
5.73301e-74
0
7.43528e-08
4.15854e-68
0
4.11283e-09
-2.82147e-76
0
8.77487e-10
-2.00766e-77
0
4.89976e-10
4.92557e-78
0
9.19071e-11
-8.41055e-78
0
-1.29336e-10
-6.72082e-79
0
-1.38552e-09
1.98347e-69
0
-6.24479e-10
1.79548e-73
0
-3.1831e-09
-1.75179e-78
0
-2.17558e-08
3.57196e-76
0
-2.22663e-09
-6.42052e-79
0
-4.93641e-09
-8.44615e-70
0
3.64069e-09
-1.21814e-78
0
-2.31786e-09
-2.65572e-69
0
-3.00735e-11
-6.35334e-80
0
-3.57617e-10
1.42145e-80
0
1.01147e-09
3.30066e-69
0
9.73138e-10
-8.37489e-61
0
-2.11457e-09
1.18856e-47
1.92217e-13
-1.69483e-07
4.14057e-53
0
-4.70762e-08
-1.80227e-67
0
2.01498e-09
-4.01965e-71
0
8.53522e-09
1.05337e-72
0
3.63786e-09
2.69467e-76
0
7.12318e-08
7.67893e-69
0
1.53907e-09
5.272e-77
0
-1.66932e-09
2.43729e-69
0
8.60793e-09
-5.97372e-76
0
-1.39708e-09
-1.06518e-78
0
2.18597e-08
5.02915e-78
0
-1.60124e-08
-4.38559e-77
0
-1.61531e-08
5.6589e-69
0
-3.97863e-09
1.20004e-64
0
-6.66532e-10
5.50788e-68
0
1.94615e-11
2.15767e-80
0
-2.02642e-10
-1.98562e-82
0
-5.05555e-11
-4.6509e-48
0
-9.83535e-12
-5.57701e-32
0
5.00821e-10
-2.34701e-23
0
-4.49125e-08
4.09128e-47
3.40812e-26
-1.37587e-08
-1.49294e-69
0
6.31905e-08
-1.39444e-71
0
1.87813e-08
-3.76309e-73
0
2.06289e-08
1.62014e-74
0
9.17198e-08
2.77261e-66
0
4.59731e-09
-1.23287e-72
0
1.84743e-08
-5.23504e-76
0
3.70954e-09
-1.74364e-67
8.66961e-09
4.98981e-11
8.55643e-72
0
-2.72319e-10
1.57995e-73
0
-4.41735e-10
-3.66041e-80
0
-2.20122e-09
1.4935e-77
0
-1.60853e-09
1.52073e-77
0
8.09544e-09
3.21961e-79
0
1.12085e-09
4.10669e-79
0
-3.56457e-09
-8.80227e-78
0
-2.01001e-09
-1.84926e-78
0
3.07334e-12
9.62074e-80
0
1.02277e-09
5.42066e-82
0
4.27147e-10
-3.75353e-78
0
2.0534e-10
-1.48919e-63
0
-4.88542e-07
4.66978e-44
7.18348e-08
-2.83114e-07
1.34564e-48
0
-3.00757e-07
-1.01088e-52
0
7.32428e-09
9.26723e-68
0
3.09566e-09
1.67406e-65
0
4.71222e-08
1.52135e-67
0
7.30878e-09
1.13014e-76
0
-4.71312e-11
-4.07886e-77
0
-1.28532e-10
7.22823e-69
0
-2.84232e-10
8.30639e-78
0
-5.72019e-10
-4.95004e-78
0
-1.84058e-12
-1.66535e-78
0
-1.82526e-09
6.74107e-76
0
-1.06174e-09
6.44265e-69
0
-4.31198e-10
-1.27294e-77
0
1.65517e-11
6.97146e-74
0
5.2792e-10
-5.35298e-79
0
9.80519e-11
1.35498e-79
0
1.89929e-10
1.62207e-80
0
3.11428e-10
1.18761e-79
0
1.07423e-10
-1.6719e-71
0
3.64619e-10
-3.71267e-61
0
3.71918e-10
2.72173e-31
0
3.63488e-08
1.20471e-63
0
2.07081e-08
2.04642e-64
0
1.59115e-09
-4.8758e-77
0
3.16526e-10
-7.21974e-76
0
4.41154e-10
-2.48383e-76
0
-2.11097e-12
1.04625e-77
0
2.14063e-11
1.80688e-68
0
-1.86065e-12
2.39934e-74
0
-2.56454e-11
-1.46106e-77
0
-5.55683e-11
-6.24597e-69
0
-1.43379e-10
-9.20775e-79
0
-5.88442e-11
8.31811e-79
0
2.70135e-09
1.30283e-78
0
-2.21718e-10
8.70437e-77
0
8.86424e-10
-4.50927e-80
0
1.34841e-10
-1.57259e-78
0
8.9169e-11
-6.18491e-71
0
-4.62436e-11
-9.89942e-81
0
6.21363e-12
-7.98696e-41
0
-3.49167e-08
1.0671e-44
1.68261e-11
-1.89272e-08
3.20152e-48
0
-8.95354e-08
-1.44388e-55
0
2.69858e-08
2.18171e-67
0
1.25558e-09
5.99993e-70
0
1.28503e-09
-2.45415e-74
0
3.00071e-09
1.44174e-64
0
-4.05742e-10
2.57842e-70
0
-2.52697e-10
-9.21382e-74
0
-1.16555e-10
3.13243e-79
0
2.10122e-10
-3.49899e-78
0
2.66107e-10
-4.51809e-80
0
5.90139e-09
2.36959e-77
0
-9.37796e-10
-1.48334e-76
0
-3.54471e-10
1.19064e-78
0
-5.26591e-10
-4.83916e-77
0
2.20519e-11
1.25161e-79
0
4.8059e-12
-1.67036e-79
0
4.67304e-12
-4.25952e-80
0
-4.78529e-12
6.20316e-81
0
-1.97391e-08
-1.1002e-53
0
-1.57459e-07
-3.1464e-59
0
-9.40306e-08
-2.16026e-65
0
1.60189e-08
9.81553e-70
0
4.37563e-09
1.36829e-70
0
-3.88182e-10
-4.47426e-69
0
8.3107e-10
-3.43194e-79
0
5.3422e-09
-3.52213e-78
0
3.40022e-09
1.11469e-76
0
-1.48497e-09
4.70143e-76
0
2.16225e-09
-1.69286e-78
0
3.06947e-09
-2.9324e-80
0
8.24886e-10
2.17419e-78
0
1.0446e-09
-9.62516e-83
0
-1.23407e-07
1.44013e-53
0
1.16766e-09
-1.4097e-69
0
1.11068e-09
1.46314e-68
0
1.08246e-08
7.28763e-72
0
3.6953e-09
3.54667e-75
0
6.61348e-10
1.66245e-73
0
9.0537e-09
7.25424e-76
0
-9.71637e-10
5.99799e-69
0
-8.95083e-11
-5.03623e-78
0
-8.98007e-11
7.90038e-78
0
-8.78697e-11
-7.22899e-69
9.06233e-10
-2.68691e-11
-7.89904e-78
0
-7.1439e-11
-2.00989e-77
0
2.23959e-09
-4.24338e-79
0
4.22124e-09
-2.15311e-79
0
3.72919e-09
1.33801e-77
0
-1.69551e-09
-6.73677e-77
0
-9.1126e-10
-2.84034e-77
0
-1.63107e-09
3.59728e-76
0
-4.44198e-10
-2.71088e-77
0
4.36287e-11
5.39867e-76
0
2.45765e-09
-1.77893e-79
0
7.28905e-09
1.4457e-78
0
9.95122e-10
-4.36614e-78
0
6.49174e-10
3.0946e-79
0
5.20556e-10
-2.52633e-23
0
3.33649e-10
-1.02073e-16
-1.04647e-14
-5.62556e-09
-5.58298e-41
3.40834e-11
-5.99564e-09
1.87288e-55
0
-1.98663e-07
-4.70686e-62
0
3.64487e-08
1.10334e-67
0
1.19071e-08
1.97299e-70
0
4.10612e-09
4.57869e-76
0
2.94398e-10
1.57483e-76
0
-2.20023e-10
1.29479e-77
0
-2.92434e-09
1.00274e-74
0
2.29345e-09
8.89972e-77
0
2.76324e-09
-4.49473e-78
0
-2.26244e-10
-1.37989e-75
0
-1.03764e-09
4.56569e-77
0
2.21068e-10
5.12652e-77
0
1.36841e-09
4.19754e-80
0
1.28811e-09
-3.65561e-79
0
1.01192e-09
-2.10755e-79
0
8.17362e-10
2.72643e-79
0
-1.2766e-09
1.44326e-57
0
-3.91953e-07
-1.6702e-62
0
7.18567e-08
9.69444e-69
0
2.55545e-08
1.45203e-71
0
6.19997e-08
1.21054e-72
0
8.4283e-08
7.43062e-72
0
-5.86777e-10
-3.97481e-69
0
-1.0319e-08
2.28073e-75
0
1.15217e-09
2.22044e-77
0
1.67628e-09
2.04697e-79
0
-1.18302e-09
-1.59238e-78
0
-3.80264e-10
-3.12069e-77
0
-1.76154e-10
-2.85196e-75
0
2.78754e-10
-3.56255e-81
0
1.86689e-10
3.83925e-81
0
3.2236e-10
3.34232e-80
0
5.2272e-11
3.62544e-81
0
5.79396e-12
-9.20591e-20
-9.15085e-18
-2.12787e-09
1.86357e-42
6.39227e-11
-1.97718e-08
1.65287e-46
0
-3.24483e-07
1.16308e-61
0
-1.32763e-08
1.5911e-66
0
9.17826e-09
1.72745e-72
0
2.5629e-08
5.03079e-73
0
3.85832e-08
-5.10613e-64
0
4.22522e-08
1.72286e-65
0
5.09406e-08
1.30702e-71
0
2.53005e-08
-3.26942e-75
0
-6.59425e-10
1.58156e-77
0
-4.50005e-10
1.34171e-77
0
-5.26566e-10
5.04187e-70
0
-1.08065e-11
-2.98715e-71
0
-3.34274e-11
-1.15375e-77
0
2.40126e-12
2.02722e-78
0
1.82024e-11
4.3224e-79
0
3.42485e-12
4.21101e-81
0
2.60495e-11
-3.14076e-80
0
8.28828e-12
3.47746e-80
0
-1.70761e-12
1.90829e-78
0
-8.53232e-12
3.04406e-79
0
1.06528e-12
-4.67403e-79
0
5.69322e-11
5.62746e-81
0
6.62432e-11
-5.01738e-80
0
7.72474e-12
1.69327e-79
0
5.04398e-12
1.64034e-81
0
3.64706e-12
7.73619e-70
0
-4.29247e-09
1.20373e-52
0
1.26313e-10
1.9112e-70
0
-2.76552e-10
4.01201e-73
0
3.03218e-10
4.00888e-74
0
9.53025e-09
4.7367e-76
0
1.06813e-08
-4.88121e-77
0
1.64636e-08
4.91705e-61
0
-2.08104e-12
4.66519e-76
0
-5.66758e-11
-2.65501e-77
0
1.21969e-11
3.46826e-79
0
-2.87102e-08
-3.24406e-74
0
3.47098e-12
-2.58053e-78
0
5.58445e-11
-1.08969e-62
0
2.82028e-10
-3.66961e-33
0
8.03138e-11
-2.25745e-24
0
6.583e-09
1.03605e-55
0
-1.09208e-09
9.57747e-63
0
-4.85191e-10
1.67678e-74
0
-7.65485e-10
-1.79823e-74
0
4.65381e-09
-4.70829e-61
4.94265e-08
-1.50886e-10
1.47686e-73
0
-2.33705e-10
6.82729e-78
0
3.46272e-09
6.85994e-76
0
-1.9118e-08
-7.0675e-76
0
-1.47102e-09
1.06658e-75
0
-2.92409e-10
3.14739e-76
0
8.6739e-10
-2.30276e-74
0
4.32154e-09
9.03749e-76
0
1.81153e-09
-9.07677e-76
0
3.72309e-09
-6.23542e-77
0
2.01034e-08
5.36624e-61
0
-1.85996e-08
2.28334e-65
0
-3.48205e-11
-2.60379e-68
0
-2.4224e-11
1.48751e-67
0
3.08069e-10
-2.48615e-73
0
-1.33878e-11
1.16287e-77
0
-4.688e-09
-3.10155e-77
0
-8.77804e-08
-5.52051e-76
0
-4.75014e-08
-8.29665e-76
0
-7.86647e-10
-1.81383e-78
0
9.24123e-11
4.05755e-80
0
-7.97965e-11
-5.82276e-80
0
2.91874e-11
-9.47886e-59
0
3.1315e-10
1.24784e-21
0
1.77382e-09
2.71971e-44
1.50178e-12
-1.39436e-07
3.49002e-66
0
1.11093e-09
1.90947e-77
0
3.72983e-13
-8.8856e-69
0
-2.19099e-10
-1.27178e-73
0
9.92846e-13
2.50204e-78
0
-9.60943e-11
6.97757e-69
0
-2.11598e-11
1.41086e-75
0
-3.27437e-10
7.9543e-69
0
-4.55687e-10
-2.90671e-76
0
-1.96812e-12
-1.56093e-79
0
4.33488e-09
2.74532e-78
0
5.35716e-10
-3.61844e-79
0
2.66474e-09
-2.65605e-79
0
-1.38596e-09
3.51011e-78
0
-2.21224e-09
-1.036e-77
0
4.88943e-09
1.26284e-77
0
5.22905e-12
4.87509e-79
0
4.05084e-10
-5.80755e-80
0
3.21831e-11
6.54052e-62
0
-6.36679e-11
8.01689e-33
0
-1.30356e-09
-7.54255e-20
0
1.05995e-08
2.14296e-69
0
-4.43897e-09
-8.4676e-74
0
-5.46549e-09
-4.46675e-75
0
-2.41509e-10
-4.21626e-76
0
2.09455e-09
-3.38413e-76
0
1.94051e-09
6.13684e-74
0
-1.55697e-09
1.21288e-77
0
3.68794e-11
1.43094e-70
0
9.24524e-10
1.64962e-78
0
2.24991e-09
-3.59541e-77
0
1.58025e-08
5.2929e-77
0
3.74993e-08
6.66904e-76
0
-1.19996e-07
-3.02427e-73
0
-6.40214e-09
-4.36524e-78
0
-2.44719e-07
-5.95547e-51
0
-1.33262e-08
-2.40914e-72
0
9.2792e-10
1.79104e-74
0
7.58802e-09
1.13932e-73
0
2.17499e-10
4.5536e-77
0
6.79304e-11
5.86097e-75
0
-5.85008e-10
2.18837e-71
0
-4.95133e-09
9.48738e-76
0
1.37316e-09
6.58027e-75
0
-6.34825e-10
-2.95809e-78
0
3.78522e-09
7.3613e-78
0
-4.27066e-08
-1.54512e-76
0
5.14159e-08
1.61457e-69
0
-8.59647e-11
-7.49979e-71
0
-2.26248e-12
-8.88949e-58
0
1.41626e-07
7.68944e-53
0
-1.63974e-07
8.71183e-60
0
-3.68798e-09
-2.24405e-71
0
-1.97077e-08
7.2181e-73
0
1.33728e-07
1.18965e-73
0
-1.38369e-09
9.49106e-77
0
-8.07121e-09
-3.14321e-75
0
-1.01822e-08
-3.92185e-77
0
-5.5047e-09
3.10727e-75
0
-5.03598e-09
2.46801e-75
0
3.64507e-09
-1.44981e-78
0
-1.22552e-09
1.60819e-77
0
-6.15123e-11
6.96933e-78
0
1.73839e-09
-2.27973e-78
0
-1.35697e-10
-3.9968e-65
0
-5.81286e-11
1.12105e-55
0
-3.15826e-07
1.75509e-52
0
-1.98412e-08
6.17885e-71
0
-1.55356e-08
-1.07241e-73
0
-2.06474e-10
-1.55616e-74
0
-1.65864e-08
-1.40835e-73
0
8.33915e-11
-5.02154e-76
0
-3.73182e-10
-1.21714e-78
0
-2.97502e-08
-4.42198e-78
0
1.19783e-08
3.59785e-79
0
2.52466e-09
2.77595e-79
0
-4.14695e-09
1.44264e-76
0
-2.76641e-11
1.85067e-77
0
-1.50987e-10
5.14652e-78
0
-2.27601e-09
-6.22026e-74
0
1.77324e-09
3.12232e-76
0
-2.16312e-11
-4.61057e-18
-4.6002e-16
-7.42536e-10
4.5681e-52
0
-1.92645e-08
-8.70005e-61
0
-3.41569e-09
-1.51124e-68
0
1.71839e-09
-9.1776e-74
0
3.85865e-08
2.82105e-71
0
7.94669e-09
8.33454e-76
0
3.88217e-10
1.20692e-76
0
1.0576e-10
-4.95308e-77
0
1.18766e-11
7.04122e-77
0
-1.48655e-10
1.84715e-66
0
-7.88223e-10
5.74878e-67
0
-2.75466e-08
1.37682e-69
0
-2.27538e-08
-2.26396e-77
0
9.49633e-10
-6.51369e-79
0
2.83666e-09
-6.2861e-79
0
-7.47425e-10
2.91278e-72
0
-8.83703e-10
7.37266e-77
0
9.55606e-10
8.03828e-80
0
2.96379e-09
1.4663e-76
0
-3.00644e-09
2.69275e-47
5.65947e-12
9.35792e-12
3.65473e-73
0
2.91162e-10
3.05254e-74
0
1.5863e-08
5.00437e-74
0
-1.28792e-08
9.08951e-66
0
7.96829e-09
-3.65859e-70
0
1.61392e-08
2.50384e-76
0
-1.78367e-09
-1.11958e-77
0
-3.65953e-10
3.12965e-78
0
-7.39676e-10
8.78912e-79
0
-6.97647e-10
-1.90817e-64
0
1.30317e-11
-6.80084e-68
0
3.80564e-09
4.73992e-73
0
2.32342e-09
1.33085e-66
0
-2.49302e-10
-1.08271e-18
0
2.19079e-10
8.13319e-72
0
8.26373e-10
2.41871e-73
0
7.7106e-09
3.70683e-73
0
3.12071e-08
3.7034e-70
0
1.37044e-09
4.07491e-78
0
-2.46678e-09
-1.63961e-78
0
-1.03319e-10
6.09121e-77
0
-2.03871e-09
8.62606e-70
0
-2.76591e-08
1.2629e-76
0
2.0645e-08
-2.10645e-78
0
-1.76501e-08
-8.49067e-78
0
2.03503e-10
2.34118e-68
0
-2.86051e-11
3.78544e-81
0
1.7672e-10
6.70229e-81
0
2.43978e-09
-2.9716e-52
0
-5.72622e-10
-1.17646e-43
0
1.02506e-09
2.78869e-18
0
-8.77481e-09
4.94956e-44
-1.18648e-09
-8.94934e-08
9.10217e-55
0
-4.26082e-08
9.11242e-62
0
-2.52648e-09
-6.87685e-66
0
1.03099e-08
4.14965e-74
0
7.71213e-10
-1.67936e-75
0
4.07086e-09
-7.81368e-77
0
4.35783e-09
-1.94698e-77
0
1.22436e-09
1.50364e-68
0
-1.09767e-09
-2.69332e-68
0
-1.46378e-09
1.11808e-77
0
-1.86845e-10
5.72298e-78
0
-9.94245e-10
-5.68576e-78
0
2.56542e-10
4.32512e-79
0
7.97909e-09
2.18967e-78
0
-3.88367e-10
2.04047e-72
0
4.36725e-10
-3.35884e-79
0
4.57513e-12
1.51227e-80
0
6.19782e-10
2.31372e-79
0
1.42323e-10
-2.02885e-77
0
-3.00556e-11
-8.45543e-39
0
-1.91711e-07
-3.75502e-45
0
1.68901e-08
3.3848e-67
0
1.6455e-08
-1.67148e-68
0
1.31794e-07
7.50084e-72
0
-2.96546e-08
4.3915e-64
0
-2.21266e-08
-2.46116e-66
0
2.22818e-09
1.85913e-76
0
-5.41074e-12
-2.71875e-72
0
-1.16066e-11
4.91572e-73
0
-8.57118e-11
1.38363e-70
0
-2.80376e-10
-6.97699e-79
0
-3.58835e-11
5.53096e-78
0
8.03824e-11
-5.23416e-79
0
1.0185e-09
-3.94346e-78
0
-6.07583e-10
3.18508e-70
0
-1.11028e-09
-2.04711e-77
0
-4.58272e-10
1.18254e-72
0
6.6025e-11
2.464e-79
0
-8.07953e-11
-9.24119e-79
0
6.64634e-11
-1.00917e-24
0
-6.40233e-09
-1.662e-47
-1.30092e-16
3.91538e-08
2.02767e-67
0
4.76882e-10
4.25354e-71
0
2.58439e-10
-7.35441e-76
0
7.88515e-11
-2.92884e-76
0
-1.74443e-11
-4.19478e-77
0
-1.37677e-10
-1.22279e-71
0
-1.58198e-10
7.87941e-78
0
2.04243e-10
-9.51892e-79
0
6.31239e-09
4.03936e-78
0
-3.48312e-09
5.13364e-77
0
4.76747e-10
3.83014e-79
0
5.19994e-10
-2.16401e-79
0
1.1914e-10
-8.242e-79
0
-2.67748e-11
-2.72575e-75
0
-2.15447e-11
1.03422e-75
0
-3.4972e-08
4.7113e-53
0
2.28357e-08
-4.55994e-60
0
-1.29516e-07
-1.15011e-65
0
3.03507e-09
2.66774e-73
0
1.0311e-09
-6.51033e-76
0
3.66652e-09
-1.25199e-76
0
-1.48927e-09
-2.22679e-70
0
2.71672e-09
4.74447e-68
0
-3.14009e-10
-1.04569e-79
0
4.71942e-11
-4.04034e-78
0
-2.17065e-09
-7.32351e-76
0
6.04115e-10
1.44377e-79
0
2.02395e-11
1.018e-79
0
6.99733e-12
2.09527e-81
0
-1.73452e-08
-7.03708e-68
0
-9.30973e-10
-3.66675e-77
0
-2.35316e-10
6.09723e-78
0
-9.38578e-11
-1.1374e-79
0
7.97288e-09
1.40926e-78
0
1.0066e-08
-1.95369e-77
0
2.03368e-09
-3.32304e-77
0
-1.21384e-09
1.27123e-76
0
-2.13269e-11
1.06426e-78
0
-1.69119e-11
-3.71607e-79
0
-2.85146e-11
-4.01598e-79
0
1.31505e-10
-5.98958e-76
0
2.35729e-09
7.81817e-80
0
4.41865e-09
-7.26034e-79
0
1.26263e-09
-1.21797e-80
0
1.17906e-09
1.30786e-79
0
7.93023e-10
-2.1343e-28
0
4.22214e-10
-2.29783e-18
-2.40333e-16
-3.55732e-09
-3.16314e-56
0
-3.83345e-07
-9.18319e-64
0
3.05524e-08
3.82332e-69
0
2.88066e-09
8.78927e-74
0
7.05945e-09
-2.0704e-65
0
2.4762e-09
2.67191e-76
0
-1.29116e-09
2.33134e-69
0
-5.01233e-10
1.39141e-76
0
-6.07841e-10
1.0908e-77
0
-9.58641e-12
5.90318e-72
0
-1.70532e-11
1.10168e-70
0
-3.31323e-11
-5.59257e-78
0
4.31135e-09
-2.26389e-79
0
8.16772e-10
-1.42369e-77
0
4.03797e-09
-5.96318e-75
0
8.30872e-09
-1.21321e-76
0
-5.08322e-10
-1.28283e-76
0
-4.76954e-09
-6.46723e-77
0
-4.22935e-10
-2.04245e-76
0
9.89162e-10
-4.96963e-77
0
1.48982e-09
-1.27565e-79
0
1.16502e-09
-7.90173e-79
0
1.84707e-09
-3.43816e-80
0
1.27256e-09
1.03073e-29
0
8.50533e-10
-7.31849e-42
1.81926e-10
3.44237e-09
2.67017e-52
0
-6.75682e-08
-3.2637e-64
0
5.32562e-08
7.23843e-70
0
1.34221e-07
3.19685e-71
0
1.02186e-08
-3.11033e-76
0
2.94545e-09
3.88664e-76
0
-2.12282e-09
3.69698e-77
0
-1.55349e-09
-3.5635e-69
0
-2.54694e-09
-1.13198e-75
0
7.01757e-10
-1.94661e-77
0
7.33589e-09
-3.66623e-78
0
3.838e-09
-4.10428e-77
0
-1.50355e-09
4.25579e-78
0
1.15974e-09
-4.70411e-80
0
8.35271e-09
-7.23447e-79
0
1.24732e-09
-1.10554e-79
0
6.01837e-10
1.32976e-78
0
1.06141e-09
2.60555e-80
0
9.20181e-10
-9.70921e-27
0
4.59799e-10
-6.3107e-18
-6.90054e-16
-1.22943e-07
-1.19512e-59
0
5.68675e-08
3.67717e-68
0
1.64723e-08
1.50625e-71
0
5.81866e-09
3.84005e-64
0
4.40643e-08
1.60152e-70
0
-1.5644e-08
5.1973e-75
0
1.66381e-09
-4.74567e-76
0
-5.66186e-10
1.02271e-77
0
1.43113e-09
1.29136e-74
0
5.56036e-09
3.61501e-78
0
1.78037e-09
-2.7205e-76
0
-2.13953e-09
1.6319e-79
0
-2.39339e-10
3.43849e-77
0
2.29264e-10
4.75772e-79
0
1.78641e-09
1.4089e-81
0
1.99035e-09
6.67022e-80
0
8.51505e-11
4.65636e-80
0
1.82374e-11
1.35258e-79
0
8.70568e-12
-5.63912e-66
0
-5.39619e-08
5.28479e-45
0
-4.85895e-08
1.95379e-47
0
-6.76253e-07
2.57521e-62
0
1.35686e-07
7.95232e-70
0
5.26773e-08
4.71697e-74
0
1.3004e-07
3.75788e-72
0
5.09856e-08
-1.65155e-71
0
5.84428e-08
1.25162e-63
0
5.04187e-08
2.59757e-69
0
-1.23837e-09
1.49625e-69
0
-6.81849e-10
-9.14917e-69
0
-2.75758e-11
-1.84424e-78
0
1.66758e-10
1.12741e-78
0
4.07406e-11
2.97137e-77
0
7.14085e-11
3.2346e-78
0
5.8639e-12
3.12613e-80
0
-9.93375e-12
2.20889e-79
0
-6.59444e-12
2.01698e-79
0
-2.12791e-11
8.27079e-81
0
5.38153e-10
-6.56477e-80
0
5.76231e-11
-2.55818e-80
0
6.52479e-11
-3.1905e-79
0
1.17503e-10
1.04263e-79
0
2.23682e-11
5.72252e-81
0
1.77388e-11
7.42017e-75
0
1.0734e-11
1.25184e-34
0
1.4192e-11
-2.76106e-18
-2.76119e-16
-8.41515e-10
-7.58503e-65
0
-9.20753e-10
-1.10458e-71
0
3.00466e-10
3.11798e-74
0
5.35205e-10
5.10636e-75
0
6.27972e-09
-4.10314e-75
0
-7.55144e-11
-5.56666e-77
0
5.20397e-11
2.91191e-79
0
3.74153e-14
-6.08565e-78
0
-3.58268e-08
-1.40811e-74
0
5.59652e-09
-2.08113e-75
0
-1.4856e-09
-7.00575e-78
0
-3.65385e-11
-7.46675e-79
0
3.30794e-11
-1.65574e-81
0
-1.30702e-08
5.70591e-52
0
7.60568e-10
-4.18774e-75
0
1.62064e-09
1.76392e-75
0
-3.2085e-10
-1.86517e-65
0
-4.38156e-10
5.97098e-77
0
-1.02621e-10
6.34918e-80
0
4.97491e-11
-5.53872e-29
0
2.0742e-08
5.72329e-54
0
-2.44058e-08
5.90626e-62
0
-3.733e-09
-2.54384e-66
0
-3.29658e-09
-7.70762e-73
0
-2.84962e-09
-6.11236e-64
0
-1.69112e-10
3.3e-78
0
-1.48e-12
2.11966e-79
0
-7.69414e-08
-9.40388e-77
0
-3.31047e-08
2.75041e-77
0
9.79092e-10
-2.03684e-76
0
-1.35415e-11
-1.24558e-79
0
-4.32255e-10
-5.30266e-65
0
-8.67382e-11
-7.25996e-75
0
1.12002e-10
-2.20393e-75
0
1.6195e-09
-1.78984e-76
0
1.25091e-09
-9.35736e-66
0
-1.40228e-10
5.53866e-78
0
1.52447e-10
6.58435e-74
0
-2.53671e-08
5.27372e-76
0
-6.20112e-10
-1.65541e-79
0
-1.33759e-10
2.23285e-69
0
-1.4624e-10
-1.39483e-53
0
-2.83764e-09
1.54517e-71
0
6.33083e-11
2.97857e-74
0
5.73326e-10
8.18452e-75
0
2.5418e-09
8.08746e-76
0
-1.62419e-10
-2.7424e-76
0
-6.97736e-10
2.42233e-76
0
1.015e-09
-1.08426e-70
0
-1.17454e-10
-2.65446e-77
0
-6.64071e-10
1.49837e-68
0
1.46023e-09
7.51999e-76
0
2.14384e-10
3.32475e-78
0
3.49089e-08
5.30352e-76
0
-1.44685e-07
-2.0905e-74
0
-2.09454e-08
2.43969e-64
2.39968e-24
-1.54526e-10
4.50509e-80
0
2.73683e-09
2.4648e-79
0
-1.33392e-11
3.14398e-40
0
-3.23594e-12
-2.20914e-25
0
-1.18725e-07
-2.39322e-56
0
-7.74067e-10
-2.7178e-75
0
6.23491e-08
5.50108e-76
0
-2.35907e-09
-1.39088e-75
0
-1.24653e-09
4.95807e-67
0
-3.23301e-08
-3.4275e-75
0
2.43461e-11
5.30546e-74
0
1.20795e-07
1.21137e-55
0
3.34496e-09
9.03205e-74
0
-1.01182e-08
1.00919e-70
0
-2.91625e-10
-3.13439e-79
0
-1.1569e-11
7.35316e-77
0
-5.76973e-09
-8.63812e-77
0
-1.10064e-10
7.89105e-66
0
-2.55039e-08
-7.07577e-49
0
-1.70491e-07
-2.75978e-62
0
2.1137e-09
-1.40865e-74
0
-1.79828e-08
-4.39144e-74
0
9.82434e-11
5.72546e-77
0
-6.16606e-10
-6.78998e-69
0
-3.42032e-08
3.08103e-76
0
8.5316e-09
-1.6874e-79
0
-9.14156e-11
2.11517e-78
0
-2.72811e-10
4.31733e-67
0
-3.0256e-11
-7.99785e-80
0
-2.58703e-08
-2.1256e-76
0
-1.44134e-10
-1.15557e-58
0
1.12638e-10
-2.15604e-50
0
-1.21086e-10
2.86704e-73
0
-7.98553e-10
-1.30907e-73
0
1.22323e-08
1.29009e-74
0
-7.50921e-10
1.53442e-75
0
2.30517e-11
2.82446e-76
0
1.54771e-11
4.51473e-77
0
-1.24161e-09
-2.15202e-76
0
4.71717e-11
-1.93315e-66
0
1.45149e-11
2.207e-65
0
-3.20324e-10
-4.37585e-79
0
-1.75751e-11
-1.698e-21
0
-7.79496e-08
-2.90603e-61
0
-2.68046e-09
-1.11641e-69
0
4.88624e-10
2.75492e-73
0
-3.09361e-09
-6.59599e-74
0
2.77125e-08
-4.00919e-76
0
6.6676e-10
3.56949e-78
0
-5.12786e-09
2.9293e-72
0
-1.45517e-08
-3.99204e-74
0
1.30671e-08
-2.41145e-79
0
1.13115e-08
3.87486e-78
0
-5.45565e-09
-1.5863e-65
0
-5.73491e-11
-8.36914e-80
0
4.79166e-11
-2.0959e-79
0
-5.12066e-10
-5.54973e-64
0
-2.66798e-12
-9.76369e-53
0
-1.10095e-10
-4.62676e-24
0
1.10959e-08
6.40443e-59
0
-9.69884e-10
-3.92037e-73
0
3.13756e-09
-7.64913e-65
0
1.55796e-08
9.00842e-72
0
3.57084e-09
5.32191e-76
0
6.95683e-09
-1.89861e-78
0
-4.11103e-09
1.00369e-71
0
-8.2234e-09
-1.46924e-78
0
-1.34124e-07
3.26931e-77
0
6.638e-09
-1.10619e-78
0
6.80957e-09
2.38911e-75
0
1.68088e-09
-1.77179e-71
0
8.82038e-10
5.10403e-79
0
-1.36041e-10
-8.73468e-69
0
-6.06172e-10
1.13181e-38
0
-6.11413e-08
-1.00752e-53
0
-2.97776e-07
-1.39431e-52
0
5.10073e-10
-6.68099e-70
0
6.62962e-08
5.83989e-69
0
-1.77852e-09
-4.51041e-76
0
-2.26147e-09
7.07253e-77
0
-4.61267e-10
-1.79743e-77
0
-8.12933e-10
-2.83472e-77
0
-5.70581e-10
-1.2953e-69
0
-2.00264e-10
1.90085e-68
0
3.36438e-11
-2.67064e-79
0
3.51383e-10
5.80135e-82
0
-1.72426e-10
-7.56913e-48
0
4.01651e-10
-2.19349e-31
0
2.07775e-10
-3.76841e-23
0
-5.66496e-08
-6.53578e-41
-6.38493e-08
-1.05369e-07
-7.91725e-71
0
2.8252e-09
-1.26529e-71
0
-2.66044e-09
-1.05139e-75
0
8.2758e-09
-1.13345e-69
0
-4.90451e-11
9.0007e-70
0
-1.33024e-11
9.29895e-79
0
-2.38627e-12
4.83416e-73
0
-1.87667e-10
1.42374e-78
0
-5.28209e-10
1.59008e-78
0
-2.59585e-10
2.27571e-78
0
2.84253e-10
-1.51038e-78
0
4.82045e-11
1.50077e-79
0
3.68597e-11
-1.48084e-42
0
-3.55915e-08
4.1935e-48
0
-3.34968e-08
-7.91126e-49
0
-1.44192e-08
-6.9837e-57
0
-1.60772e-09
-1.19501e-63
0
-2.73293e-09
-8.42111e-68
0
-1.7752e-08
-1.14141e-65
0
-6.23996e-08
-1.12354e-70
0
1.54879e-07
-6.90654e-72
0
1.813e-09
-1.00101e-75
0
-5.57627e-11
-6.07433e-77
0
-8.18692e-11
-4.88207e-78
0
-4.10498e-11
-3.37031e-78
0
1.60904e-09
9.67175e-79
0
9.02874e-09
4.94722e-79
0
-7.16235e-10
2.56405e-78
0
-3.48861e-09
1.57313e-76
0
-5.78412e-10
9.19123e-74
0
3.14164e-11
1.39765e-76
0
1.43106e-10
5.60868e-79
0
-3.39548e-11
-3.63272e-54
0
-1.03848e-07
-1.79459e-56
0
-9.25654e-10
5.57818e-69
0
1.20543e-09
1.28688e-75
0
8.93843e-09
-3.39537e-76
0
2.61347e-10
-1.74417e-76
0
9.21574e-11
-2.04125e-76
0
-4.22955e-09
-1.19175e-68
0
3.05608e-09
4.23793e-77
0
-8.79516e-11
-2.37424e-78
0
-2.51545e-09
-1.68035e-76
0
-7.86877e-10
2.80741e-78
0
-8.66149e-11
-2.54313e-79
0
-4.16007e-10
-1.76764e-77
0
5.69865e-11
6.94693e-80
0
1.20907e-12
1.00141e-80
0
9.61754e-12
-8.81663e-36
0
1.13553e-12
-1.6684e-24
0
-8.83887e-08
-1.01194e-63
0
-1.58945e-08
-3.46969e-67
0
-1.69769e-09
-8.04856e-69
0
1.54212e-08
1.58753e-65
0
5.79554e-09
-1.23502e-76
0
1.40168e-09
-2.98076e-76
0
-2.22748e-09
4.12371e-69
0
-3.10714e-09
2.22603e-76
0
-1.07884e-10
-1.54036e-77
0
1.22255e-08
-3.46452e-78
0
-4.38363e-09
1.02927e-76
0
-3.64165e-10
-1.69396e-79
0
-4.963e-10
6.0645e-77
0
-4.06337e-10
1.84524e-77
0
1.41143e-10
-2.99793e-80
0
2.29547e-09
5.14079e-79
0
1.76758e-09
-8.85692e-79
0
2.12816e-09
8.8475e-80
0
1.77433e-09
-1.0295e-80
0
-4.52635e-11
3.95729e-35
0
3.44424e-11
-2.90383e-23
0
9.4819e-09
5.2293e-46
-1.29774e-29
-5.81934e-08
-2.25327e-56
0
-9.64502e-08
8.06471e-64
0
-2.78238e-07
-1.15716e-65
0
1.06852e-09
5.53895e-69
0
-3.07181e-09
4.5696e-70
0
-2.35421e-10
-1.2265e-69
0
3.73219e-11
-3.78164e-78
0
7.35784e-09
3.49358e-76
0
-3.37285e-10
-1.32649e-77
0
1.13104e-08
3.18808e-77
0
-2.98132e-10
2.37909e-77
0
-3.44582e-09
-4.64059e-77
0
-1.7299e-09
-4.44147e-78
0
-7.47404e-10
2.14142e-78
0
-1.5883e-09
1.82948e-79
0
-3.63726e-09
-4.4452e-79
0
-1.24591e-09
1.66743e-78
0
1.1585e-07
-9.10414e-58
0
8.84758e-08
8.13719e-68
0
4.17452e-09
5.96753e-74
0
1.15674e-08
3.66038e-65
0
1.96606e-08
8.73811e-71
0
1.11092e-08
1.58168e-75
0
2.65453e-09
8.44123e-76
0
-4.18858e-09
3.4882e-73
0
-8.38153e-09
6.74298e-77
0
-1.08708e-09
1.12233e-69
0
-3.17852e-09
-1.32545e-72
0
-2.67582e-09
-1.05302e-77
0
-2.8652e-10
8.00381e-78
0
3.86827e-09
5.15816e-79
0
1.1065e-09
5.85184e-76
0
9.36229e-09
2.05078e-74
0
-2.19528e-09
3.65888e-76
0
-3.99947e-10
2.94879e-77
0
3.75218e-09
2.23619e-80
0
1.63386e-09
7.05667e-79
0
2.31051e-10
2.1192e-79
0
1.98368e-10
-2.63725e-81
0
1.18614e-08
2.69345e-47
0
-4.0145e-10
9.26112e-50
0
-9.28151e-08
-8.70011e-64
0
-5.96626e-09
8.11595e-72
0
3.07349e-08
7.46128e-74
0
1.72513e-09
1.47578e-69
0
4.6821e-08
4.50602e-75
0
2.70916e-08
3.30888e-76
0
-8.78074e-09
-5.56173e-78
0
1.66894e-09
-1.06996e-77
0
1.75372e-09
-1.1299e-68
0
2.00108e-09
-2.13921e-73
0
-6.41611e-10
-2.58541e-76
0
4.9306e-09
5.30438e-77
0
5.29005e-10
4.1263e-76
0
-1.05237e-09
-2.18624e-78
0
-1.42232e-09
-1.44484e-78
0
2.98159e-13
1.13145e-77
0
1.37445e-09
7.01435e-81
0
1.3514e-09
-3.49708e-80
0
1.13066e-12
2.51435e-71
0
6.01988e-12
6.1037e-42
0
-1.11305e-07
4.66815e-49
0
9.90031e-08
3.26153e-69
0
4.49863e-08
4.19366e-71
0
-2.29499e-09
-1.49774e-66
0
-8.93718e-10
3.60182e-77
0
-9.66955e-09
6.29528e-69
0
-3.88828e-10
2.19203e-77
0
3.46379e-10
1.12236e-75
0
-4.20607e-11
3.85991e-71
0
5.00273e-12
-3.09918e-79
0
-1.14879e-10
2.52115e-79
0
-4.65491e-11
3.66062e-80
0
-1.15219e-11
1.31672e-79
0
3.90303e-10
-5.79364e-80
0
1.67851e-10
2.38348e-79
0
7.0168e-12
-1.52605e-27
0
-3.95354e-09
-1.22835e-63
0
-1.00089e-09
-2.25592e-73
0
1.92475e-08
-1.29926e-74
0
-3.65497e-12
6.23656e-68
0
-1.24318e-10
1.42667e-78
0
-4.16515e-12
3.87742e-76
0
-1.10636e-09
-1.75532e-77
0
-1.88347e-08
-3.57327e-75
0
-4.11235e-08
-1.63328e-74
0
-1.76681e-10
-7.40943e-49
0
-1.02276e-09
1.40074e-70
0
1.03821e-09
-6.54867e-76
0
3.04273e-08
-1.50808e-63
0
-2.31925e-09
5.38025e-77
0
-1.11036e-09
2.01306e-76
0
3.63399e-11
1.69887e-79
0
-1.09394e-07
3.94461e-58
0
6.33406e-09
-2.04228e-75
0
-3.78474e-08
2.10359e-75
0
-1.05085e-08
-1.07146e-76
0
-2.24139e-10
-1.11606e-79
0
3.73556e-10
1.24686e-79
0
-2.79468e-09
-2.16442e-29
0
6.17257e-09
5.08053e-71
0
3.97145e-11
-1.20498e-74
0
4.78991e-09
-1.06687e-75
0
1.88952e-10
-9.62783e-77
0
3.37504e-10
5.46887e-77
0
-9.47647e-10
3.24074e-79
0
-2.11304e-11
-2.58319e-75
0
-1.85218e-10
-2.52589e-67
0
2.82171e-10
2.50906e-74
0
1.02059e-09
1.82197e-76
0
-1.16861e-09
9.21459e-79
0
-6.30612e-09
-2.39671e-77
0
-2.40271e-09
2.40818e-70
0
-2.46131e-07
4.54503e-61
0
-8.95598e-10
-9.14479e-70
0
2.41758e-08
1.06664e-72
0
6.22375e-10
-1.05268e-71
0
1.05824e-07
-2.61637e-75
0
5.29169e-08
1.22338e-66
0
3.53296e-08
-1.92077e-76
0
-2.96691e-09
-3.13222e-79
0
8.20896e-09
7.95867e-71
0
-4.8585e-10
-1.23254e-68
0
-2.3053e-09
-1.74838e-69
0
-4.43868e-09
-2.43329e-77
0
1.12124e-09
-1.88424e-79
0
5.88128e-08
-7.19394e-67
0
2.18618e-08
2.09698e-75
0
8.47951e-10
7.6757e-77
0
-5.86288e-09
4.46846e-50
1.22763e-12
-2.74194e-07
1.39658e-65
0
3.09873e-08
1.12459e-74
0
2.89823e-09
1.59979e-76
0
2.11833e-10
4.94133e-78
0
1.09667e-08
1.53531e-72
0
-8.29818e-10
-3.2641e-79
0
-1.66497e-09
2.94491e-67
0
-1.54468e-09
-4.87953e-79
0
-3.70555e-11
-1.91907e-26
0
8.4947e-10
-4.43491e-75
0
-4.06195e-08
-2.45996e-72
0
1.42907e-09
7.50465e-76
0
4.17148e-10
7.74866e-77
0
2.44043e-08
1.61971e-73
0
6.63749e-08
3.65732e-74
0
-3.0474e-09
2.98977e-70
0
-7.4882e-11
1.91226e-79
0
1.85106e-10
8.78353e-80
0
-2.36381e-08
-7.39751e-67
0
1.30276e-10
-6.91541e-78
0
2.11151e-08
2.15735e-79
0
-8.96521e-11
5.34826e-79
0
-5.35847e-09
-5.37123e-80
0
8.39361e-09
-2.60455e-67
0
5.1617e-09
-1.31416e-77
0
2.78891e-10
-1.40479e-47
0
-8.19739e-09
-6.00114e-56
0
8.11025e-08
-9.44702e-58
0
-4.21797e-09
-2.18037e-70
0
-4.93076e-11
-2.34025e-74
0
1.73628e-08
9.07301e-76
0
7.39274e-09
1.99843e-76
0
-3.18696e-09
4.62944e-79
0
-3.02878e-08
5.95221e-76
0
-5.07022e-09
2.72632e-79
0
1.62719e-09
7.64705e-66
0
-8.52995e-09
-3.44522e-72
0
-1.85681e-11
4.74182e-80
0
8.08794e-13
9.66559e-81
0
-4.82165e-08
-2.13828e-51
0
-2.54227e-07
-3.40182e-56
0
7.66301e-09
1.76911e-72
0
-1.81022e-10
5.02892e-79
0
-1.72656e-09
-5.24792e-70
0
-1.85057e-09
-1.23482e-77
0
-3.41653e-09
-6.20869e-72
0
-2.59671e-09
1.83141e-66
0
-2.36257e-10
2.76562e-71
0
-1.8453e-11
-1.08438e-51
0
-8.38207e-11
-5.9041e-45
0
-4.6814e-08
-1.48282e-59
0
4.54829e-07
5.7533e-71
0
-1.59708e-07
1.11987e-71
0
-2.38493e-09
-2.71371e-70
0
1.81536e-08
3.15231e-74
0
-5.82468e-11
2.46554e-77
0
-9.55848e-11
2.55121e-77
0
4.20875e-09
-1.93738e-78
0
3.38394e-09
6.06787e-78
0
9.55753e-11
1.80963e-78
0
4.15301e-11
-1.34351e-54
0
7.10428e-12
7.00172e-39
0
-4.17738e-10
-2.4619e-57
0
6.34696e-11
-1.55899e-76
0
-2.15213e-11
-9.68453e-79
0
7.61188e-12
6.02243e-79
0
2.93585e-11
-4.25249e-78
0
1.03278e-09
3.02204e-78
0
6.52006e-10
4.55486e-80
0
1.76623e-11
-8.52384e-79
0
-2.42953e-09
1.72361e-78
0
-3.99424e-12
1.69984e-79
0
3.36421e-13
5.10831e-80
0
4.64404e-11
-1.212e-24
0
2.77837e-08
1.61986e-69
0
9.59475e-11
2.97327e-70
0
2.50463e-09
4.49393e-72
0
-1.59112e-09
3.31432e-76
0
-1.77163e-10
2.41431e-78
0
3.49014e-12
-2.2508e-78
0
8.45921e-09
-7.66236e-80
0
-1.16959e-10
3.07712e-79
0
-2.41768e-10
-1.05571e-78
0
-2.96402e-12
-2.22502e-80
0
9.89085e-11
1.49537e-80
0
-1.42578e-11
5.52595e-45
0
3.47145e-11
1.54955e-27
0
-4.40536e-08
3.22989e-45
-1.07878e-24
-5.40857e-08
-9.15434e-55
0
9.25086e-09
2.76671e-70
0
7.93304e-09
3.02857e-74
0
5.14498e-10
-2.04157e-68
0
6.07444e-09
4.77738e-77
0
1.27885e-10
-7.10288e-77
0
-2.86569e-09
3.52651e-68
0
-3.47054e-10
-1.76209e-73
0
-8.18049e-10
7.58145e-78
0
-1.72739e-10
-4.53966e-79
0
3.96244e-09
-1.51643e-79
0
-1.19889e-08
4.57238e-41
3.49273e-11
8.51865e-10
8.84768e-51
0
-1.83961e-07
-1.74227e-60
0
2.74281e-09
1.28919e-67
0
8.05879e-09
1.32846e-73
0
1.19555e-10
3.80181e-76
0
-5.42565e-10
-4.94767e-73
0
-3.49452e-11
7.35238e-81
0
1.14589e-08
-5.87132e-79
0
1.60951e-08
6.19783e-78
0
-1.0211e-10
-1.66726e-79
0
-7.77868e-10
-1.31761e-80
0
3.46234e-10
-4.38757e-18
0
-1.21583e-07
-1.0064e-55
0
-7.18656e-07
-9.15001e-60
0
3.01602e-09
-5.63264e-74
0
5.14889e-09
1.0132e-66
0
-1.87537e-09
1.26668e-71
0
5.81627e-09
3.95974e-73
0
2.80996e-09
1.39232e-75
0
-2.56065e-09
8.7057e-77
0
-3.01451e-09
1.45811e-70
0
-3.79017e-09
1.19486e-78
0
-1.60743e-09
8.13772e-70
0
-2.39768e-09
1.08521e-76
0
-6.34247e-10
1.33075e-78
0
1.65093e-08
2.60141e-75
0
8.69294e-10
5.55156e-76
0
-1.32987e-10
9.87459e-76
0
-1.54043e-09
2.17898e-77
0
1.01269e-10
1.15772e-76
0
3.74877e-11
-4.70555e-77
0
2.86867e-10
6.54553e-79
0
4.30793e-10
2.34935e-80
0
2.55335e-09
8.84845e-81
0
7.38754e-10
3.02432e-34
0
-2.20425e-11
-1.35814e-44
3.25665e-13
-2.34271e-11
2.39656e-49
0
-8.28324e-10
4.42473e-50
0
-2.88991e-07
-8.91211e-62
0
1.03734e-08
-3.39419e-66
0
-2.92106e-09
9.37832e-73
0
1.85745e-08
2.20948e-67
0
-1.41348e-08
3.21495e-73
0
6.77287e-09
2.40421e-70
0
1.13773e-09
2.05771e-69
0
2.22499e-09
-8.15674e-71
0
7.81272e-09
3.08595e-79
0
-1.90873e-09
-5.57327e-76
0
5.2499e-10
1.85925e-77
0
-5.34285e-10
-8.23588e-77
0
2.36679e-10
-1.65172e-78
0
7.66732e-09
1.02782e-42
-5.45894e-11
-3.87386e-09
1.7548e-72
0
-6.10278e-08
-5.85212e-68
0
-2.25326e-08
1.41501e-74
0
-1.69761e-08
-4.11806e-76
0
-1.37084e-09
2.35979e-70
0
-8.66564e-12
-1.78518e-77
0
2.47626e-11
1.19963e-78
0
-1.09111e-13
-8.16328e-78
0
-3.63586e-13
-3.30175e-80
0
-8.2805e-12
1.17473e-77
0
-1.73408e-11
-9.72053e-80
0
1.72872e-10
2.71368e-79
0
5.76161e-12
1.274e-22
0
9.84666e-10
-6.73424e-51
-1.1833e-13
-5.73396e-11
2.31472e-75
0
-2.45178e-08
-3.46558e-48
2.02734e-12
3.75339e-10
1.37203e-63
0
6.04952e-09
3.80825e-75
0
4.39853e-11
3.58187e-80
0
-2.41361e-10
-5.29469e-80
0
4.45417e-11
8.36168e-80
0
3.3393e-09
-7.00763e-76
0
1.70432e-09
7.29681e-77
0
-7.21181e-11
-2.08133e-77
0
8.49612e-10
6.89865e-76
0
1.62525e-09
-1.64245e-69
0
-6.12197e-09
1.03885e-75
0
-2.02724e-08
3.68073e-71
0
7.43332e-11
-3.0086e-78
0
6.9465e-12
-3.81879e-79
0
1.78623e-08
4.7898e-74
0
6.18274e-09
1.0179e-69
0
-3.40946e-09
-1.7035e-70
0
7.67627e-08
2.4147e-73
0
4.44746e-08
-4.19826e-75
0
7.21627e-09
-1.60328e-75
0
4.16239e-09
-3.15788e-74
0
8.20674e-10
8.86468e-79
0
-7.55965e-09
7.07077e-76
0
-5.80431e-10
1.91296e-77
0
-4.33142e-11
-9.84284e-71
0
5.48912e-10
6.0921e-76
0
1.9097e-09
1.06767e-75
0
1.27308e-10
-5.46891e-77
0
-1.41017e-08
-1.86103e-69
0
7.47165e-10
8.85486e-79
0
-5.36779e-10
-5.15781e-79
0
1.10014e-11
-1.65752e-78
0
-1.71412e-08
-3.98597e-74
0
1.58146e-08
-1.46007e-77
0
-1.10244e-07
1.84275e-74
0
9.58386e-09
-7.31721e-80
0
-2.29175e-09
6.84882e-73
0
2.27456e-11
6.45728e-68
0
1.80608e-08
1.11126e-77
0
-2.11238e-11
3.49516e-30
0
-9.43993e-09
-5.1438e-55
0
5.65182e-10
2.01456e-75
0
1.85185e-09
1.32496e-78
0
1.9004e-08
1.61415e-75
0
-9.8083e-09
-3.25062e-79
0
4.25984e-09
2.66e-80
0
6.55854e-09
-1.64364e-74
0
-3.61196e-08
1.18783e-68
0
1.50274e-12
3.07798e-69
0
9.40535e-10
3.07876e-77
0
-7.14012e-11
9.66151e-76
0
-1.31888e-09
3.75232e-77
0
-9.81252e-09
4.61869e-77
0
-3.76709e-09
-1.51704e-79
0
1.424e-07
-5.69188e-72
0
-7.97997e-11
4.84654e-70
0
-1.99719e-10
-1.48216e-69
0
-8.22545e-10
1.70681e-78
0
2.72911e-09
1.52298e-78
0
4.46377e-09
2.12391e-78
0
-6.59807e-10
-8.36231e-78
0
-9.81052e-09
-6.4498e-75
0
-1.31609e-10
7.70261e-71
0
-1.79778e-07
-2.6409e-44
6.6214e-14
-1.36518e-07
-1.70337e-56
0
-7.94689e-08
-1.28083e-61
0
1.06641e-08
7.55826e-73
0
-2.83185e-09
-1.00307e-76
0
3.81135e-10
-2.08595e-79
0
1.58757e-09
9.56099e-79
0
4.54633e-11
-1.84193e-78
0
-7.42625e-10
1.20139e-72
0
3.45483e-11
-9.28335e-54
0
-5.74307e-08
1.7461e-60
0
-2.23014e-07
9.20311e-69
0
-2.73753e-11
3.49992e-72
0
1.4944e-12
8.66041e-80
0
2.62735e-10
-1.29654e-80
0
1.27383e-08
-7.89168e-71
0
3.00322e-10
4.45027e-75
0
1.23805e-08
1.0246e-76
0
8.71195e-10
1.04619e-69
0
-3.12499e-09
2.46021e-72
0
6.61067e-09
-1.92918e-78
0
3.83644e-09
5.26276e-78
0
9.42925e-10
8.64839e-79
0
-3.21132e-10
3.25215e-73
0
3.18714e-12
1.37786e-79
0
3.0522e-08
2.33281e-48
0
2.529e-08
1.35913e-71
0
2.64705e-09
-4.12908e-74
0
-4.31697e-10
1.53202e-76
0
-5.87531e-10
-1.57239e-77
0
-2.39371e-09
2.20588e-78
0
7.30638e-09
3.59249e-78
0
2.9607e-09
1.6507e-79
0
7.72539e-08
8.08334e-70
0
-2.25005e-09
-3.06137e-71
0
4.29154e-09
2.78446e-67
0
1.17038e-08
6.65285e-76
0
6.08235e-09
-1.97938e-77
0
5.20222e-10
2.78862e-78
0
5.72147e-10
-1.33092e-76
0
1.30725e-10
-5.05745e-79
0
-2.32671e-08
1.07101e-47
0
2.38123e-08
-4.61883e-65
0
1.3104e-07
1.33074e-67
0
3.65449e-08
2.1303e-73
0
2.4226e-08
2.56613e-67
0
8.928e-10
1.87165e-70
0
-1.98064e-09
-6.01011e-79
0
9.04858e-09
-2.90367e-76
0
-7.54078e-10
-9.22958e-77
0
1.14239e-09
4.47127e-77
0
-2.34865e-10
2.34957e-76
0
-1.51455e-10
1.64963e-23
0
5.75973e-08
4.53621e-67
0
-1.19158e-08
-2.80323e-65
0
-3.85109e-08
9.37742e-75
0
-4.241e-09
-3.64174e-77
0
-1.08133e-09
-1.02917e-68
0
-1.78085e-09
-1.57432e-77
0
1.40209e-09
6.03355e-80
0
3.17107e-11
2.82959e-81
0
8.93771e-09
-1.84049e-65
0
4.94279e-08
5.11399e-65
0
1.33355e-08
1.60084e-71
0
3.20718e-09
3.07701e-69
0
-6.91915e-11
-2.59837e-73
0
-9.77581e-12
-3.72626e-79
0
2.94125e-11
7.14632e-79
0
-9.814e-12
9.9975e-80
0
4.06587e-10
-1.30855e-79
0
-6.33351e-11
-3.9831e-73
0
1.49086e-12
-3.79398e-80
0
8.00697e-13
-2.0797e-80
0
4.62961e-09
-1.96699e-76
0
5.09584e-10
6.86018e-80
0
1.28115e-09
-6.60038e-76
0
3.34189e-10
-5.18093e-80
0
-2.84112e-10
-9.64734e-80
0
3.31622e-08
8.13053e-72
0
1.1245e-09
3.91796e-76
0
1.1241e-10
4.04954e-80
0
1.98529e-09
5.54829e-76
0
-2.38906e-11
-2.60136e-75
0
-1.89851e-09
-1.97369e-77
0
3.21779e-09
-1.98215e-76
0
-2.36908e-08
3.25981e-58
0
9.62325e-09
-1.14127e-66
0
9.94513e-10
-1.055e-75
0
-9.45326e-10
2.84364e-78
0
-3.08224e-09
1.52197e-78
0
-8.71114e-08
-1.84332e-53
0
-2.37359e-08
-3.37957e-72
0
5.29245e-09
1.21908e-78
0
-4.83077e-10
-8.12377e-78
0
-6.8186e-10
3.41429e-71
0
-9.88236e-10
7.76092e-77
0
-9.89516e-09
-1.11549e-78
0
-1.94668e-09
-4.71062e-70
0
-4.35921e-11
2.7547e-70
0
-7.73731e-09
-1.2698e-77
0
-9.96917e-12
4.98531e-78
0
-4.70503e-10
-1.50847e-77
0
-1.7205e-09
6.17965e-62
0
-1.24896e-08
5.85464e-72
0
2.55495e-11
8.73355e-77
0
-5.37887e-10
1.57605e-71
0
-1.1863e-09
-6.23354e-77
0
-4.12577e-09
-3.23333e-77
0
-3.09271e-09
3.30691e-68
0
1.33721e-08
-1.294e-79
0
8.67495e-09
-3.43487e-78
0
1.32052e-10
1.90885e-80
0
7.2288e-09
-2.74297e-74
0
1.41024e-10
1.06324e-74
0
9.62204e-09
7.74213e-76
0
-2.89443e-11
-4.64734e-80
0
-3.88344e-09
-8.11813e-70
0
-2.29405e-09
7.89366e-75
0
8.97981e-09
1.40145e-76
0
-5.14547e-09
1.40757e-77
0
-2.6756e-10
-1.51215e-79
0
4.6569e-10
-3.11727e-76
0
-1.10435e-09
-1.98633e-80
0
-1.987e-09
4.11107e-79
0
5.72651e-10
-4.33267e-70
0
4.26582e-10
1.30084e-77
0
-8.12775e-09
8.15752e-74
0
-3.80465e-08
6.05693e-73
0
1.20969e-09
6.29205e-69
0
1.33604e-09
1.61367e-79
0
1.97525e-10
-4.56668e-77
0
4.70156e-09
1.93481e-76
0
-8.97601e-10
-7.4515e-75
0
-6.21487e-10
5.57111e-75
0
-2.01122e-10
2.63939e-78
0
6.93938e-10
-5.39787e-81
0
1.08906e-11
-2.08522e-79
0
-2.61816e-12
-5.42463e-24
0
-4.61669e-09
-2.91573e-68
0
2.5057e-10
7.54846e-80
0
2.99388e-13
1.25852e-80
0
-6.48247e-11
6.76506e-78
0
3.16959e-13
2.16928e-80
0
3.25919e-13
-4.80679e-80
0
7.22429e-10
-9.67424e-81
0
1.0694e-10
4.07219e-79
0
1.16583e-09
-5.62403e-79
0
-3.25673e-09
-2.8577e-75
0
4.64523e-08
2.64731e-70
0
-5.16208e-11
2.5388e-71
0
-9.29469e-10
6.20055e-68
0
6.31452e-09
4.80605e-78
0
-4.26431e-08
4.89524e-54
0
-7.60348e-10
2.03725e-77
0
-9.53349e-11
-7.21357e-78
0
8.56841e-11
1.28208e-77
0
-6.70015e-10
2.13347e-78
0
7.5987e-08
8.31442e-64
0
-3.62243e-09
-1.52393e-68
0
1.54516e-09
5.8145e-78
0
4.76865e-10
3.09669e-69
0
-7.70756e-11
2.26813e-78
0
-2.47931e-10
1.43906e-78
0
-7.71099e-11
2.62447e-75
0
2.08403e-09
1.67962e-76
0
1.91458e-09
-1.08251e-76
0
-1.06435e-09
-3.93055e-77
0
3.14852e-12
1.06998e-34
0
1.95842e-08
1.20529e-65
0
2.76294e-10
1.92475e-79
0
-1.67286e-10
-6.76521e-80
0
3.93507e-09
8.47127e-81
0
-4.10538e-10
3.10058e-68
0
-8.39955e-10
1.2748e-77
0
-4.38769e-10
5.22348e-68
0
1.18119e-10
2.11071e-77
0
2.13332e-09
-4.02717e-68
0
5.71264e-11
-2.99287e-78
0
2.06609e-09
-5.96088e-75
0
-1.09988e-09
-5.37716e-76
0
2.11361e-12
2.42204e-79
0
-8.2305e-11
1.09671e-78
0
